q[nm-1]	I(q)[sr-1]_DTAB_2wtpc_SDD1000_nmA_rebin_ave.h5_00001_[|]	error
7.60907000e-03	5.20377100e+00	4.15154100e-01
7.99386200e-03	5.50878100e+00	2.20905000e-01
8.37865400e-03	5.34939900e+00	1.56222400e-01
8.76344600e-03	5.11486100e+00	1.42215500e-01
9.14823800e-03	4.45234700e+00	1.13284800e-01
9.53303000e-03	4.06787300e+00	1.09395900e-01
9.91782200e-03	3.54340300e+00	9.91826700e-02
1.03026100e-02	3.13843000e+00	9.01046600e-02
1.06874100e-02	2.94156100e+00	8.87919200e-02
1.10722000e-02	2.73756800e+00	8.60236200e-02
1.14569900e-02	2.39720700e+00	7.57777000e-02
1.18417800e-02	2.25857500e+00	6.88766800e-02
1.22265700e-02	2.15405400e+00	6.98232300e-02
1.26113600e-02	1.95589900e+00	6.19311100e-02
1.29961600e-02	1.64948900e+00	5.77706500e-02
1.33809500e-02	1.61263800e+00	5.91420800e-02
1.37657400e-02	1.48549200e+00	5.09306600e-02
1.41505300e-02	1.34589500e+00	5.11098700e-02
1.45353200e-02	1.24607500e+00	1.11627800e+00
1.49201200e-02	1.28507100e+00	4.72632800e-02
1.53049100e-02	1.16344500e+00	4.38809200e-02
1.56897000e-02	1.04124000e+00	4.23362800e-02
1.60744900e-02	1.09113700e+00	4.23295700e-02
1.64592800e-02	1.08865900e+00	4.18823100e-02
1.68440700e-02	9.97260000e-01	3.92973600e-02
1.72288700e-02	9.14728600e-01	3.69034100e-02
1.76136600e-02	8.34727600e-01	3.60060700e-02
1.79984500e-02	8.38258200e-01	3.48173600e-02
1.83832400e-02	8.04346700e-01	3.40707700e-02
1.87680300e-02	8.32014500e-01	3.37192900e-02
1.91528300e-02	7.80178600e-01	3.34119400e-02
1.95376200e-02	7.41935900e-01	3.15998600e-02
1.99224100e-02	6.58226000e-01	2.89537700e-02
2.03072000e-02	6.71275400e-01	2.96897900e-02
2.06919900e-02	7.40168400e-01	3.16790500e-02
2.10767900e-02	6.62720500e-01	2.97142500e-02
2.14615800e-02	7.08485800e-01	3.12567200e-02
2.18463700e-02	6.28041300e-01	2.95688500e-02
2.22311600e-02	6.10796800e-01	2.76319900e-02
2.26159500e-02	6.19339200e-01	2.84000200e-02
2.30007400e-02	6.35707500e-01	2.88395900e-02
2.33855400e-02	5.38064400e-01	2.53591000e-02
2.37703300e-02	4.97957200e-01	2.44829000e-02
2.41551200e-02	5.58706600e-01	7.47466800e-01
2.45399100e-02	5.25293900e-01	2.50382600e-02
2.49247000e-02	5.64396300e-01	2.63167700e-02
2.53095000e-02	5.15514600e-01	2.55235800e-02
2.56942900e-02	4.99357200e-01	2.39685700e-02
2.60790800e-02	5.55684800e-01	2.59800900e-02
2.64638700e-02	5.20656800e-01	2.44641800e-02
2.68486600e-02	4.80149500e-01	2.27266400e-02
2.72334500e-02	5.03168700e-01	2.37769000e-02
2.76182500e-02	5.18063600e-01	2.44573600e-02
2.80030400e-02	4.38270700e-01	2.18917000e-02
2.83878300e-02	4.86655300e-01	2.26627100e-02
2.87726200e-02	4.54628700e-01	2.21268400e-02
2.91574100e-02	4.58379500e-01	2.20366000e-02
2.95422100e-02	4.28273400e-01	2.17340800e-02
2.99270000e-02	4.97648300e-01	2.29738100e-02
3.03117900e-02	4.27175200e-01	2.10235600e-02
3.06965800e-02	4.76994700e-01	2.25499000e-02
3.10813700e-02	4.67319400e-01	2.19116700e-02
3.14661600e-02	4.38580400e-01	2.14465900e-02
3.18509600e-02	4.53873700e-01	2.12368300e-02
3.22357500e-02	4.20188700e-01	2.01141500e-02
3.26205400e-02	4.47043800e-01	2.15697700e-02
3.30053300e-02	4.02511500e-01	1.98153400e-02
3.33901200e-02	4.14350100e-01	2.00108400e-02
3.37749200e-02	4.22219600e-01	2.03189400e-02
3.41597100e-02	4.60259400e-01	2.10923300e-02
3.45445000e-02	3.96732900e-01	1.99464900e-02
3.49292900e-02	3.98822900e-01	1.92825000e-02
3.53140800e-02	4.07061600e-01	1.95720600e-02
3.56988800e-02	3.95394100e-01	1.94120900e-02
3.60836700e-02	4.04341800e-01	1.96858500e-02
3.64684600e-02	3.54047100e-01	1.82112000e-02
3.68532500e-02	3.39525900e-01	1.76370700e-02
3.72380400e-02	4.02635400e-01	1.94357800e-02
3.76228300e-02	4.00591400e-01	1.93126400e-02
3.80076300e-02	3.71998400e-01	1.80514500e-02
3.83924200e-02	3.90303300e-01	1.86672000e-02
3.87772100e-02	3.80897900e-01	1.84421000e-02
3.91620000e-02	3.93175600e-01	1.84669400e-02
3.95467900e-02	3.77074400e-01	1.87017300e-02
3.99315900e-02	3.86778400e-01	1.85655900e-02
4.03163800e-02	3.74311200e-01	1.81246200e-02
4.07011700e-02	3.76046200e-01	1.79054100e-02
4.10859600e-02	3.91935400e-01	1.80057500e-02
4.14707500e-02	3.69448900e-01	1.71516200e-02
4.18555400e-02	3.84034800e-01	1.79668400e-02
4.22403400e-02	3.66150200e-01	1.73263300e-02
4.26251300e-02	3.44067200e-01	1.68339500e-02
4.30099200e-02	3.47283700e-01	1.65586300e-02
4.33947100e-02	3.52743200e-01	1.70476100e-02
4.37795000e-02	3.49359600e-01	1.66880400e-02
4.41643000e-02	3.60229900e-01	1.66412000e-02
4.45490900e-02	3.75660600e-01	1.72858400e-02
4.49338800e-02	3.96771300e-01	1.73090800e-02
4.53186700e-02	3.61945500e-01	1.70161500e-02
4.57034600e-02	3.71390300e-01	1.67123700e-02
4.60882500e-02	3.54414600e-01	1.65253400e-02
4.64730500e-02	3.78267900e-01	1.65644600e-02
4.68578400e-02	3.78421500e-01	1.72373400e-02
4.72426300e-02	3.71911300e-01	1.67087200e-02
4.76274200e-02	3.58887900e-01	1.66010600e-02
4.80122100e-02	3.67220800e-01	1.64533600e-02
4.83970100e-02	3.81979200e-01	1.70736000e-02
4.87818000e-02	3.84604500e-01	1.68289900e-02
4.91665900e-02	3.68402800e-01	1.63396300e-02
4.95513800e-02	3.80119800e-01	1.66806500e-02
5.03209700e-02	3.42206767e-01	9.16856619e-03
5.14753400e-02	3.40156500e-01	9.02665270e-03
5.26297200e-02	3.34414533e-01	8.70126367e-03
5.37840900e-02	3.35645133e-01	8.67617875e-03
5.49384700e-02	3.42679133e-01	8.68223747e-03
5.60928400e-02	3.21170233e-01	8.36558825e-03
5.72472200e-02	3.09690067e-01	8.06115665e-03
5.84015900e-02	3.35625700e-01	8.53549210e-03
5.95559700e-02	3.29485400e-01	8.31727886e-03
6.07103400e-02	3.31077600e-01	8.21936987e-03
6.18647200e-02	3.36427633e-01	8.23266888e-03
6.30191000e-02	3.31842067e-01	8.05137209e-03
6.41734700e-02	3.23007400e-01	7.99120545e-03
6.53278500e-02	3.12738467e-01	7.74368222e-03
6.64822200e-02	3.02154767e-01	7.56975316e-03
6.80213900e-02	3.09973920e-01	5.86376224e-03
6.99453500e-02	3.04215480e-01	5.73355282e-03
7.18693100e-02	3.05342080e-01	5.67714136e-03
7.37932700e-02	2.92299340e-01	1.06463460e-01
7.57172300e-02	2.87923280e-01	1.82271287e-01
7.76411900e-02	2.94117660e-01	1.08925410e-01
7.95651500e-02	2.94492080e-01	1.03607910e-01
8.14891000e-02	2.96083260e-01	1.08205578e-01
8.34130600e-02	2.84204060e-01	5.16716286e-03
8.53370200e-02	2.79300600e-01	5.04092373e-03
8.72609800e-02	2.72769320e-01	1.03575083e-01
8.91849400e-02	2.68270360e-01	4.85986630e-03
9.11089000e-02	2.85968700e-01	4.96239220e-03
9.30328600e-02	2.70956000e-01	1.81045894e-01
9.49568200e-02	2.66527300e-01	9.89284777e-02
9.68807800e-02	2.64584420e-01	1.46120970e-01
9.88047400e-02	2.67734060e-01	4.63391271e-03
1.01113500e-01	2.57795429e-01	7.34442529e-02
1.03807000e-01	2.65010914e-01	4.04472770e-03
1.06500600e-01	2.45666814e-01	3.61910317e-03
1.09194100e-01	2.44060500e-01	7.03988737e-02
1.11887700e-01	2.33231829e-01	9.56783962e-02
1.14581200e-01	2.35620529e-01	3.42938366e-03
1.17274700e-01	2.36065071e-01	3.40013767e-03
1.19968300e-01	2.23487786e-01	3.26751916e-03
1.22661800e-01	2.22579029e-01	3.22569825e-03
1.25355400e-01	2.15161157e-01	3.13932332e-03
1.28048900e-01	2.15880586e-01	6.47968398e-02
1.30742500e-01	2.09539114e-01	3.03813738e-03
1.33436000e-01	2.08380600e-01	2.99989284e-03
1.36514300e-01	2.06430356e-01	2.62027944e-03
1.39977500e-01	2.07869656e-01	2.59179754e-03
1.43440600e-01	1.94975889e-01	8.36661814e-02
1.46903700e-01	1.95502678e-01	6.89346167e-02
1.50366800e-01	1.94859778e-01	2.41838858e-03
1.53830000e-01	1.83335222e-01	2.33241834e-03
1.57293100e-01	1.82738444e-01	2.29719332e-03
1.60756200e-01	1.85762956e-01	2.29038883e-03
1.64219400e-01	1.85373111e-01	4.71542819e-02
1.68067300e-01	1.76122082e-01	8.51582138e-02
1.72300000e-01	1.79883145e-01	2.25588905e-03
1.76532700e-01	1.77164391e-01	2.33652087e-03
1.80765400e-01	1.68930345e-01	2.18968151e-03
1.84998100e-01	1.71499836e-01	8.34837052e-02
1.89230800e-01	1.69191909e-01	2.15000361e-03
1.93463500e-01	1.62935964e-01	2.19751133e-03
1.97696200e-01	1.62924400e-01	2.22875570e-03
2.02313700e-01	1.58964177e-01	4.29877080e-02
2.07316000e-01	1.57258669e-01	2.05330092e-03
2.12318300e-01	1.58667862e-01	2.96008387e-02
2.17320600e-01	1.57318731e-01	2.07234358e-03
2.22322900e-01	1.56620354e-01	2.08028219e-03
2.27325200e-01	1.54135900e-01	3.00351153e-02
2.32327500e-01	1.55249315e-01	2.08757536e-03
2.37714600e-01	1.51640680e-01	6.36833116e-02
2.43486500e-01	1.52962867e-01	2.56529807e-02
2.49258300e-01	1.48928933e-01	2.58106575e-02
2.55030200e-01	1.50762753e-01	2.59468299e-02
2.60802100e-01	1.49721027e-01	2.51703016e-02
2.66574000e-01	1.51423847e-01	6.80868040e-02
2.72730700e-01	1.47579488e-01	4.40970012e-02
2.79272100e-01	1.45559224e-01	3.15829568e-02
2.85813600e-01	1.50741600e-01	1.75580330e-03
2.92355000e-01	1.47040371e-01	1.74370557e-03
2.98896500e-01	1.50948959e-01	5.98540101e-02
3.05822700e-01	1.45482437e-01	3.44934408e-02
3.13133800e-01	1.47066984e-01	5.96953392e-02
3.20444800e-01	1.51265663e-01	2.86073798e-02
3.27755900e-01	1.50666363e-01	2.91283789e-02
3.35451700e-01	1.50725414e-01	1.86758453e-02
3.43532400e-01	1.51507510e-01	1.94332367e-02
3.51613000e-01	1.52058033e-01	1.61542285e-03
3.59693600e-01	1.53849552e-01	2.58253367e-02
3.68159000e-01	1.53185078e-01	2.18959300e-03
3.77009200e-01	1.53154683e-01	2.71741910e-03
