q[nm-1]	I(q)[sr-1]_LUV_SDD_700_mult_sub_nmA_rebin_ave.h5_00001_[|]	error
1.09578700e-02	2.30929400e-01	3.76846244e-01
1.14971800e-02	7.15864100e-01	2.33635172e-01
1.20364900e-02	5.88333700e-01	1.72260915e-01
1.25758000e-02	3.06080900e-01	1.42418259e-01
1.31151000e-02	3.51567200e-01	1.12767844e-01
1.36544100e-02	3.49609000e-01	9.67576604e-02
1.41937200e-02	1.77625200e-01	8.79715896e-02
1.47330300e-02	1.82537100e-01	8.32337973e-02
1.52723400e-02	3.48580700e-01	7.61652346e-02
1.58116400e-02	3.38896300e-01	7.17626234e-02
1.63509500e-02	2.77224900e-01	6.50016599e-02
1.68902600e-02	1.34252410e-01	5.91270676e-02
1.74295700e-02	1.92923890e-01	9.02705435e-01
1.79688800e-02	1.29812170e-01	5.40669557e-02
1.85081900e-02	1.47680840e-01	9.80808309e-01
1.90474900e-02	1.48426450e-01	9.61058749e-01
1.95868000e-02	1.73240880e-01	9.58777217e-01
2.01261100e-02	1.03842720e-01	4.55722419e-02
2.06654200e-02	1.18583200e-01	9.03996957e-01
2.12047300e-02	4.50969500e-02	1.08652316e+00
2.17440300e-02	1.53181420e-01	3.93386993e-02
2.22833400e-02	3.74155700e-02	3.97465386e-02
2.28226500e-02	1.00375810e-01	3.88202214e-02
2.33619600e-02	1.39285180e-01	3.72608024e-02
2.39012700e-02	8.05680400e-02	3.53485604e-02
2.44405700e-02	1.13445560e-01	3.55074761e-02
2.49798800e-02	8.98490000e-02	3.35610623e-02
2.55191900e-02	1.19270670e-01	3.38663610e-02
2.60585000e-02	5.35503500e-02	3.24093129e-02
2.65978100e-02	1.64859620e-01	3.21068753e-02
2.71371100e-02	1.28087110e-01	3.23577925e-02
2.76764200e-02	8.31071800e-02	3.12865179e-02
2.82157300e-02	1.29147850e-01	3.13808183e-02
2.87550400e-02	1.04134010e-01	3.00731298e-02
2.92943500e-02	1.19900810e-01	3.05840612e-02
2.98336500e-02	1.23422180e-01	2.91834164e-02
3.03729600e-02	1.06370500e-01	2.91600702e-02
3.09122700e-02	1.25377490e-01	3.02405561e-02
3.14515800e-02	1.06033010e-01	2.85922779e-02
3.19908900e-02	1.25780800e-01	2.82594662e-02
3.25301900e-02	7.38762600e-02	2.77064714e-02
3.30695000e-02	1.10427370e-01	2.81499629e-02
3.36088100e-02	1.49191940e-01	2.69158572e-02
3.41481200e-02	1.33274460e-01	2.77080933e-02
3.46874300e-02	6.47631200e-02	2.68063847e-02
3.52267300e-02	1.44212130e-01	2.75139095e-02
3.57660400e-02	1.19305030e-01	8.66630426e-01
3.63053500e-02	1.18957030e-01	2.67560382e-02
3.68446600e-02	1.69159800e-01	2.64130462e-02
3.73839700e-02	1.79725630e-01	2.54587891e-02
3.79232800e-02	1.69642230e-01	2.60564952e-02
3.84625800e-02	1.60564160e-01	2.57003108e-02
3.90018900e-02	1.40315830e-01	2.54619587e-02
3.95412000e-02	1.35025430e-01	2.57261026e-02
4.00805100e-02	1.79937970e-01	4.87877496e-01
4.06198200e-02	1.64507290e-01	2.47786589e-02
4.11591200e-02	1.23769690e-01	5.43323427e-01
4.16984300e-02	1.30565630e-01	8.49729298e-01
4.22377400e-02	1.66088040e-01	2.54461096e-02
4.27770500e-02	1.97581400e-01	4.73084486e-01
4.33163600e-02	1.31485280e-01	2.51773137e-02
4.38556600e-02	1.81889110e-01	4.62664192e-01
4.43949700e-02	1.49434310e-01	2.31266698e-02
4.49342800e-02	1.89997780e-01	2.44994770e-02
4.54735900e-02	1.83642810e-01	2.44489017e-02
4.60129000e-02	1.90921590e-01	2.40968824e-02
4.65522000e-02	1.89365260e-01	2.35721969e-02
4.70915100e-02	1.76039540e-01	2.37899195e-02
4.76308200e-02	1.91778240e-01	2.34061138e-02
4.81701300e-02	1.67401880e-01	2.30253719e-02
4.87094400e-02	2.27195370e-01	2.28927614e-02
4.92487400e-02	1.74820780e-01	2.38688570e-02
4.97880500e-02	1.77136930e-01	2.34537953e-02
5.03273600e-02	2.29041880e-01	2.37180479e-02
5.08666700e-02	2.11798090e-01	2.28770030e-02
5.14059800e-02	1.81579330e-01	2.23115300e-02
5.19452800e-02	1.73269660e-01	2.28673325e-02
5.24845900e-02	2.08798690e-01	2.26223165e-02
5.30239000e-02	1.86331810e-01	2.29589782e-02
5.35632100e-02	2.16476650e-01	2.24047924e-02
5.41025200e-02	2.17347720e-01	2.27355279e-02
5.46418300e-02	2.26199460e-01	2.24287364e-02
5.51811300e-02	2.02501350e-01	2.25349316e-02
5.57204400e-02	2.11759520e-01	2.25727639e-02
5.62597500e-02	2.27388480e-01	2.16687941e-02
5.67990600e-02	2.50217530e-01	2.22577506e-02
5.73383700e-02	2.19128990e-01	2.19194282e-02
5.78776700e-02	2.09199220e-01	2.21666499e-02
5.84169800e-02	2.02580060e-01	2.15135241e-02
5.89562900e-02	1.97054630e-01	2.10792476e-02
5.94956000e-02	2.01067290e-01	2.13187020e-02
6.00349100e-02	2.30521340e-01	2.15455847e-02
6.05742100e-02	2.28780420e-01	2.18543847e-02
6.11135200e-02	2.21948330e-01	2.14891784e-02
6.16528300e-02	2.26888550e-01	2.07241496e-02
6.21921400e-02	2.83372740e-01	2.19623590e-02
6.27314500e-02	2.57627360e-01	2.13763190e-02
6.32707500e-02	2.62192210e-01	2.15083716e-02
6.38100600e-02	2.21187940e-01	2.06251616e-02
6.43493700e-02	2.37138960e-01	2.11485537e-02
6.48886800e-02	2.58361700e-01	4.69651478e-01
6.54279900e-02	2.24586620e-01	2.16727300e-02
6.59672900e-02	2.39463470e-01	2.08748171e-02
6.65066000e-02	2.44393810e-01	2.06060996e-02
6.70459100e-02	2.18646390e-01	2.02142222e-02
6.75852200e-02	2.39808530e-01	2.08973167e-02
6.81245300e-02	2.47783650e-01	2.04219055e-02
6.86638300e-02	2.12082020e-01	2.07035469e-02
6.92031400e-02	2.44619060e-01	2.02628780e-02
7.02817600e-02	2.44456250e-01	1.17173118e-02
7.18996800e-02	2.31703863e-01	1.61525366e-01
7.35176100e-02	2.57877643e-01	1.14060680e-02
7.51355300e-02	2.60190333e-01	1.15185153e-02
7.67534600e-02	2.65435240e-01	1.14622112e-02
7.83713800e-02	2.44459670e-01	1.13296837e-02
7.99893000e-02	2.53955770e-01	1.11051501e-02
8.16072300e-02	2.52984897e-01	1.10629358e-02
8.32251500e-02	2.64852050e-01	1.09680187e-02
8.48430800e-02	3.00027547e-01	1.10059663e-02
8.64610000e-02	2.68849490e-01	1.07577653e-02
8.80789300e-02	2.64929667e-01	1.06037901e-02
8.96968500e-02	2.74353740e-01	1.06554177e-02
9.13147700e-02	2.81033653e-01	1.04436580e-02
9.29327000e-02	2.62485843e-01	1.04407909e-02
9.50899300e-02	2.57291856e-01	7.87043808e-03
9.77864700e-02	2.55666460e-01	7.80437867e-03
1.00483000e-01	2.53776732e-01	9.18482188e-02
1.03179600e-01	2.48511602e-01	7.49108171e-03
1.05876100e-01	2.42109972e-01	7.39676768e-03
1.08572600e-01	2.34721510e-01	1.54487767e-01
1.11269200e-01	2.21771990e-01	1.34772596e-01
1.13965700e-01	2.26957338e-01	9.06490221e-02
1.16662300e-01	2.06475858e-01	1.26605010e-01
1.19358800e-01	2.06485756e-01	1.58846468e-01
1.22055300e-01	2.06565206e-01	1.23553582e-01
1.24751900e-01	1.92075540e-01	2.41286572e-01
1.27448400e-01	1.81525844e-01	1.52612000e-01
1.30145000e-01	1.63504274e-01	1.49792336e-01
1.32841500e-01	1.55388126e-01	6.17733632e-03
1.35538000e-01	1.44023552e-01	6.07508969e-03
1.38234600e-01	1.41226310e-01	1.51837597e-01
1.41470400e-01	1.36909651e-01	8.71291424e-02
1.45245600e-01	1.20689754e-01	1.19844806e-01
1.49020700e-01	1.11589950e-01	1.34102483e-01
1.52795900e-01	9.47149257e-02	1.52418531e-01
1.56571000e-01	9.29524714e-02	4.47269167e-03
1.60346200e-01	9.22908300e-02	6.33566837e-02
1.64121400e-01	7.64789900e-02	1.17675022e-01
1.67896500e-01	7.22280014e-02	8.88322029e-02
1.71671700e-01	6.43803257e-02	4.08648052e-03
1.75446800e-01	5.72451243e-02	4.04286669e-03
1.79222000e-01	5.22239300e-02	1.48613226e-01
1.82997100e-01	5.42875829e-02	7.27195187e-02
1.86772300e-01	4.72082643e-02	7.25576922e-02
1.91086800e-01	4.92452211e-02	1.21703091e-01
1.95940500e-01	4.48616300e-02	3.33689201e-03
2.00794300e-01	4.59338167e-02	7.41881163e-02
2.05648100e-01	4.46636156e-02	1.00814116e-01
2.10501900e-01	3.86825156e-02	7.43212990e-02
2.15355600e-01	4.35963978e-02	8.00363201e-02
2.20209400e-01	4.05053400e-02	6.81847332e-02
2.25063200e-01	4.54284944e-02	4.79785486e-02
2.29916900e-01	4.93347456e-02	4.82857567e-02
2.35310000e-01	4.75567055e-02	1.22604329e-01
2.41242400e-01	5.02149309e-02	6.92354566e-02
2.47174800e-01	4.96298018e-02	3.15214754e-03
2.53107200e-01	4.16091191e-02	7.74126605e-02
2.59039600e-01	5.31840255e-02	4.57618273e-02
2.64972000e-01	4.52506409e-02	6.08817892e-02
2.70904400e-01	4.81693000e-02	3.10307951e-03
2.76836700e-01	3.94933045e-02	8.43941082e-02
2.83308400e-01	4.27846700e-02	5.84947616e-02
2.90319400e-01	4.25856138e-02	4.82608693e-02
2.97330500e-01	4.14914292e-02	3.03681235e-03
3.04341500e-01	4.48925892e-02	5.24066955e-02
3.11352500e-01	4.60527131e-02	3.49156178e-02
3.18363500e-01	4.66018754e-02	6.22712773e-02
3.25374500e-01	4.97578546e-02	7.00568526e-02
3.32924800e-01	4.32229480e-02	5.71121818e-02
3.41014400e-01	4.23946973e-02	4.63669333e-02
3.49104000e-01	4.51511353e-02	2.95507153e-02
3.57193600e-01	4.48977520e-02	3.03794469e-02
3.65283300e-01	4.96969647e-02	5.63287084e-02
3.73372900e-01	4.33108887e-02	3.52407473e-02
3.82001800e-01	5.09347994e-02	8.10269042e-02
3.91170100e-01	4.88314135e-02	8.18774261e-02
4.00338300e-01	4.64381865e-02	7.27719933e-02
4.09506500e-01	4.47891012e-02	2.81898652e-03
4.18674800e-01	4.89318894e-02	6.41527540e-02
4.28382300e-01	4.71213516e-02	6.97888830e-02
4.38629200e-01	5.13738037e-02	4.59328829e-02
4.48876000e-01	5.36629579e-02	3.93874585e-02
4.59122900e-01	5.07809737e-02	4.90138765e-02
4.69909000e-01	4.91154367e-02	6.18804365e-02
4.81234500e-01	5.77692100e-02	3.77771341e-02
4.92560000e-01	5.26874914e-02	5.96817027e-02
5.03885400e-01	5.72420995e-02	4.59236231e-02
5.15750200e-01	5.85433309e-02	3.20403476e-03
5.28154300e-01	5.03452300e-02	3.98019769e-03
