q[nm-1]	I(q)[sr-1]_SDS_DTAB_4to1_SDD_1000_sub_nmA_rebin_ave.h5_00001_[|]	error
7.60907000e-03	1.32520900e+00	6.00251437e-01
7.99386200e-03	2.28442000e+00	2.92730759e-01
8.37865400e-03	1.50652200e+00	2.05510400e-01
8.76344600e-03	1.14062200e+00	1.76339002e-01
9.14823800e-03	1.05884300e+00	1.55037186e-01
9.53303000e-03	1.29127900e+00	1.42874190e-01
9.91782200e-03	1.06090800e+00	1.32765119e-01
1.03026100e-02	9.01521000e-01	1.24202947e-01
1.06874100e-02	8.79243000e-01	1.10093169e-01
1.10722000e-02	7.13924000e-01	1.03284946e-01
1.14569900e-02	5.58099000e-01	9.62554753e-02
1.18417800e-02	7.78215000e-01	1.50875321e+00
1.22265700e-02	5.11989000e-01	8.55213330e-02
1.26113600e-02	5.60696000e-01	8.08738392e-02
1.29961600e-02	6.18112000e-01	7.84663594e-02
1.33809500e-02	6.22837700e-01	7.19064790e-02
1.37657400e-02	5.85313100e-01	6.65320050e-02
1.41505300e-02	4.76588600e-01	6.72888548e-02
1.45353200e-02	5.69135400e-01	1.37371371e+00
1.49201200e-02	4.67701300e-01	5.73657287e-02
1.53049100e-02	4.74406200e-01	5.51861829e-02
1.56897000e-02	3.22352000e-01	5.25202131e-02
1.60744900e-02	3.31661500e-01	5.10322640e-02
1.64592800e-02	4.19154900e-01	5.08769803e-02
1.68440700e-02	3.09655400e-01	4.68426892e-02
1.72288700e-02	2.43745900e-01	4.44650368e-02
1.76136600e-02	2.72927800e-01	4.30916379e-02
1.79984500e-02	2.94868200e-01	4.29873608e-02
1.83832400e-02	2.66638500e-01	4.05694314e-02
1.87680300e-02	1.30331200e-01	3.95153219e-02
1.91528300e-02	1.50751800e-01	3.70298231e-02
1.95376200e-02	2.28561500e-01	3.81303599e-02
1.99224100e-02	2.25198900e-01	3.82301447e-02
2.03072000e-02	2.17771700e-01	3.52269288e-02
2.06919900e-02	1.87261300e-01	3.60595123e-02
2.10767900e-02	2.50083500e-01	3.46660336e-02
2.14615800e-02	2.09096000e-01	3.45472623e-02
2.18463700e-02	2.12794700e-01	3.46556224e-02
2.22311600e-02	1.32673700e-01	3.33233735e-02
2.26159500e-02	1.88818100e-01	3.36544523e-02
2.30007400e-02	1.26578200e-01	3.21315962e-02
2.33855400e-02	1.65380300e-01	3.04444834e-02
2.37703300e-02	1.09768600e-01	2.95647682e-02
2.41551200e-02	1.25652500e-01	8.34894257e-01
2.45399100e-02	2.03860100e-01	2.72252451e-02
2.49247000e-02	1.58629700e-01	2.84450272e-02
2.53095000e-02	1.31655300e-01	6.25189198e-01
2.56942900e-02	1.48616100e-01	2.73633144e-02
2.60790800e-02	2.01560200e-01	2.82236192e-02
2.64638700e-02	1.54583200e-01	2.72237610e-02
2.68486600e-02	1.34186000e-01	2.63540529e-02
2.72334500e-02	1.89399200e-01	2.64729982e-02
2.76182500e-02	9.36799000e-02	2.54042480e-02
2.80030400e-02	1.11632300e-01	2.49063420e-02
2.83878300e-02	1.28373400e-01	4.38911841e-01
2.87726200e-02	1.49404500e-01	2.53046328e-02
2.91574100e-02	1.60344700e-01	2.41755917e-02
2.95422100e-02	1.10831500e-01	2.42597478e-02
2.99270000e-02	1.28264100e-01	2.46566170e-02
3.03117900e-02	1.46380400e-01	2.51427384e-02
3.06965800e-02	1.62079300e-01	2.27310785e-02
3.10813700e-02	1.02374600e-01	2.25794330e-02
3.14661600e-02	7.24076000e-02	2.23632940e-02
3.18509600e-02	9.47606000e-02	2.22930760e-02
3.22357500e-02	9.25069000e-02	2.15530471e-02
3.26205400e-02	9.86888000e-02	2.16015733e-02
3.30053300e-02	7.55191000e-02	2.13880798e-02
3.33901200e-02	6.30400000e-02	2.10044302e-02
3.37749200e-02	1.42297400e-01	2.17350403e-02
3.41597100e-02	8.53089000e-02	2.02848949e-02
3.45445000e-02	1.12747800e-01	2.06829118e-02
3.49292900e-02	5.21650000e-02	1.95939327e-02
3.53140800e-02	1.17915900e-01	2.05474379e-02
3.56988800e-02	1.06945000e-01	2.06359813e-02
3.60836700e-02	1.05778500e-01	1.99007917e-02
3.64684600e-02	8.43534000e-02	1.95020828e-02
3.68532500e-02	9.47633000e-02	1.89827573e-02
3.72380400e-02	5.88890000e-02	1.96208987e-02
3.76228300e-02	6.28809000e-02	1.96365436e-02
3.80076300e-02	5.02273000e-02	2.01560045e-02
3.83924200e-02	8.75005000e-02	2.00340172e-02
3.87772100e-02	8.49212000e-02	1.93533931e-02
3.91620000e-02	7.74337000e-02	1.78805810e-02
3.95467900e-02	9.17495000e-02	1.91180496e-02
3.99315900e-02	7.29016000e-02	1.80918627e-02
4.03163800e-02	9.61515000e-02	1.85187421e-02
4.07011700e-02	5.86829000e-02	1.74291013e-02
4.10859600e-02	7.83743000e-02	1.76868372e-02
4.14707500e-02	5.63534000e-02	1.66882757e-02
4.18555400e-02	9.05153000e-02	1.82531512e-02
4.22403400e-02	7.74087000e-02	1.82034482e-02
4.26251300e-02	8.28483000e-02	1.84584403e-02
4.30099200e-02	7.15423000e-02	1.82528268e-02
4.33947100e-02	7.04157000e-02	1.66763093e-02
4.37795000e-02	6.92661000e-02	1.73397789e-02
4.41643000e-02	4.84007000e-02	1.74745664e-02
4.45490900e-02	6.95056000e-02	1.71600381e-02
4.49338800e-02	9.12128000e-02	1.66918937e-02
4.53186700e-02	9.93089000e-02	1.69973848e-02
4.57034600e-02	9.20109000e-02	1.69572365e-02
4.60882500e-02	1.08133800e-01	1.72519250e-02
4.64730500e-02	7.98350000e-02	1.72171098e-02
4.68578400e-02	4.87140000e-02	1.68562869e-02
4.72426300e-02	8.10109000e-02	1.62976128e-02
4.76274200e-02	9.26897000e-02	1.61558551e-02
4.80122100e-02	6.15364000e-02	1.64713689e-02
4.83970100e-02	9.54600000e-02	1.66624002e-02
4.87818000e-02	5.74336000e-02	1.60682695e-02
4.91665900e-02	9.06576000e-02	1.67777511e-02
4.95513800e-02	8.86117000e-02	1.62594132e-02
5.03209700e-02	6.77082667e-02	9.14204688e-03
5.14753400e-02	9.24616333e-02	9.24039575e-03
5.26297200e-02	6.66043667e-02	1.48406713e-01
5.37840900e-02	8.51555333e-02	8.98482725e-03
5.49384700e-02	8.94140333e-02	9.09447618e-03
5.60928400e-02	7.48338000e-02	8.81204950e-03
5.72472200e-02	8.91163667e-02	8.69939442e-03
5.84015900e-02	1.00454933e-01	8.76764802e-03
5.95559700e-02	9.72966000e-02	8.80922422e-03
6.07103400e-02	9.26275667e-02	8.47603055e-03
6.18647200e-02	9.88199667e-02	8.62894357e-03
6.30191000e-02	9.87662333e-02	8.34729357e-03
6.41734700e-02	1.06965700e-01	8.23754329e-03
6.53278500e-02	1.07928933e-01	8.22656816e-03
6.64822200e-02	9.90558000e-02	8.17705784e-03
6.80213900e-02	1.08191260e-01	6.23615633e-03
6.99453500e-02	1.15463040e-01	6.37412621e-03
7.18693100e-02	1.20716020e-01	6.22774077e-03
7.37932700e-02	1.39616800e-01	1.26821583e-01
7.57172300e-02	1.39663940e-01	1.71915949e-01
7.76411900e-02	1.47716320e-01	6.86020471e-02
7.95651500e-02	1.49546480e-01	6.03386780e-03
8.14891000e-02	1.58276760e-01	1.26868219e-01
8.34130600e-02	1.55460900e-01	1.03021282e-01
8.53370200e-02	1.66059440e-01	1.07861577e-01
8.72609800e-02	1.67049260e-01	1.56315106e-01
8.91849400e-02	1.61203760e-01	1.04878495e-01
9.11089000e-02	1.70400620e-01	5.80129804e-03
9.30328600e-02	1.65899220e-01	5.74382035e-03
9.49568200e-02	1.79444680e-01	9.51470824e-02
9.68807800e-02	1.79246020e-01	1.23771835e-01
9.88047400e-02	1.84882160e-01	1.11327716e-01
1.01113500e-01	1.84062300e-01	4.76978534e-02
1.03807000e-01	1.90094361e-01	8.11138042e-02
1.06500600e-01	1.81646400e-01	8.88314762e-02
1.09194100e-01	1.88568443e-01	7.84226234e-02
1.11887700e-01	1.83275543e-01	1.20259702e-01
1.14581200e-01	1.88290916e-01	1.27175595e-01
1.17274700e-01	1.84784050e-01	1.09924058e-01
1.19968300e-01	1.89840786e-01	4.37063290e-03
1.22661800e-01	1.90885027e-01	9.19316928e-02
1.25355400e-01	1.80070200e-01	7.74023958e-02
1.28048900e-01	1.84144981e-01	4.23165987e-03
1.30742500e-01	1.86965554e-01	4.16182358e-03
1.33436000e-01	1.72921686e-01	4.06812733e-03
1.36514300e-01	1.73375918e-01	5.88443610e-02
1.39977500e-01	1.70911113e-01	1.08605233e-01
1.43440600e-01	1.75084616e-01	8.94630509e-02
1.46903700e-01	1.59808088e-01	5.76786410e-02
1.50366800e-01	1.53223643e-01	5.19736812e-02
1.53830000e-01	1.52006164e-01	3.22434551e-03
1.57293100e-01	1.45872736e-01	9.16710278e-02
1.60756200e-01	1.43394131e-01	3.51558179e-02
1.64219400e-01	1.39665671e-01	8.42051304e-02
1.68067300e-01	1.25930819e-01	4.96327226e-02
1.72300000e-01	1.28049707e-01	7.41603823e-02
1.76532700e-01	1.17333711e-01	7.22451992e-02
1.80765400e-01	1.11293567e-01	4.88446933e-02
1.84998100e-01	1.08232480e-01	9.12578347e-02
1.89230800e-01	1.03852956e-01	5.71008956e-02
1.93463500e-01	9.69719109e-02	2.96095413e-03
1.97696200e-01	9.22026664e-02	4.17624086e-02
2.02313700e-01	8.32895154e-02	2.53887068e-02
2.07316000e-01	8.19996446e-02	2.71549095e-03
2.12318300e-01	7.56125992e-02	8.12778218e-02
2.17320600e-01	7.16366277e-02	3.88434398e-02
2.22322900e-01	6.32520123e-02	7.21976714e-02
2.27325200e-01	6.63947892e-02	3.01827268e-02
2.32327500e-01	5.63766508e-02	3.43856145e-02
2.37714600e-01	5.85632773e-02	6.95279303e-02
2.43486500e-01	5.61483113e-02	5.41019912e-02
2.49258300e-01	5.41327573e-02	2.43490162e-03
2.55030200e-01	5.55286140e-02	4.23947831e-02
2.60802100e-01	5.44793107e-02	2.38273370e-03
2.66574000e-01	4.85293660e-02	4.62537125e-02
2.72730700e-01	5.11522965e-02	3.20388512e-02
2.79272100e-01	4.79413412e-02	5.19454101e-02
2.85813600e-01	4.58912629e-02	5.74787394e-02
2.92355000e-01	4.64508935e-02	4.21441377e-02
2.98896500e-01	5.09569506e-02	4.69525939e-02
3.05822700e-01	4.93169216e-02	5.06580956e-02
3.13133800e-01	4.97906342e-02	2.10414448e-02
3.20444800e-01	4.86498053e-02	2.04347151e-02
3.27755900e-01	4.60371947e-02	4.18040644e-02
3.35451700e-01	4.81712562e-02	2.03424695e-03
3.43532400e-01	4.87085829e-02	4.73289999e-02
3.51613000e-01	4.97050138e-02	1.58660550e-02
3.59693600e-01	4.86687829e-02	2.40725611e-03
3.68159000e-01	5.13142965e-02	2.81062431e-03
3.77009200e-01	4.87511122e-02	3.45752588e-03
