q[nm-1]	I(q)[sr-1]_SDS_2wtpc_SDD_1000_mult_sub_nmA_rebin_ave.h5_00001_[|]	error
7.60907000e-03	1.08825220e+00	6.20323605e-01
7.99386200e-03	3.82141000e-01	2.81582682e-01
8.37865400e-03	7.73675200e-01	2.11920060e-01
8.76344600e-03	4.54952000e-01	1.75399682e-01
9.14823800e-03	5.59666600e-01	1.60061047e-01
9.53303000e-03	5.85696600e-01	1.41509384e-01
9.91782200e-03	3.06329000e-01	1.26870180e-01
1.03026100e-02	5.47550000e-02	1.18089041e-01
1.06874100e-02	4.77502400e-01	1.07833814e-01
1.10722000e-02	3.88381800e-01	1.05000508e-01
1.14569900e-02	2.08040000e-01	9.83241386e-02
1.18417800e-02	4.39658400e-01	9.06934862e-02
1.22265700e-02	1.54642600e-01	8.46786390e-02
1.26113600e-02	2.87539000e-01	7.98437829e-02
1.29961600e-02	1.53387000e-01	7.50167208e-02
1.33809500e-02	4.44294500e-01	7.01750388e-02
1.37657400e-02	4.03640900e-01	6.83103058e-02
1.41505300e-02	2.38570120e-01	6.43814894e-02
1.45353200e-02	3.69480960e-01	1.37590986e+00
1.49201200e-02	3.05228140e-01	5.58297764e-02
1.53049100e-02	2.83627040e-01	5.57261757e-02
1.56897000e-02	2.04889360e-01	5.29878054e-02
1.60744900e-02	1.19089140e-01	4.95915630e-02
1.64592800e-02	2.79377080e-01	5.03128197e-02
1.68440700e-02	2.08331520e-01	4.70425789e-02
1.72288700e-02	1.80669200e-01	4.44797558e-02
1.76136600e-02	1.87434060e-01	4.34161368e-02
1.79984500e-02	2.05702740e-01	4.41578982e-02
1.83832400e-02	2.40123600e-01	4.26364856e-02
1.87680300e-02	9.72026600e-02	4.02742119e-02
1.91528300e-02	1.66428420e-01	3.86894710e-02
1.95376200e-02	1.81477700e-01	3.88103792e-02
1.99224100e-02	1.39566120e-01	3.77541226e-02
2.03072000e-02	1.59217780e-01	3.57136318e-02
2.06919900e-02	1.27239180e-01	3.61147945e-02
2.10767900e-02	1.53681540e-01	3.44006353e-02
2.14615800e-02	1.61009040e-01	3.50925407e-02
2.18463700e-02	1.85874540e-01	3.65107833e-02
2.22311600e-02	1.49063420e-01	3.53064674e-02
2.26159500e-02	1.22238680e-01	3.42627313e-02
2.30007400e-02	1.03166180e-01	3.29483224e-02
2.33855400e-02	1.08267780e-01	3.05640759e-02
2.37703300e-02	8.87450800e-02	3.03157935e-02
2.41551200e-02	1.66848020e-01	9.10358679e-01
2.45399100e-02	2.48368480e-01	2.97011476e-02
2.49247000e-02	1.89126180e-01	3.01574950e-02
2.53095000e-02	1.42131940e-01	2.98614488e-02
2.56942900e-02	1.70851980e-01	2.96961259e-02
2.60790800e-02	1.22776880e-01	2.78261090e-02
2.64638700e-02	1.55501460e-01	2.87657746e-02
2.68486600e-02	1.61067800e-01	2.82359837e-02
2.72334500e-02	1.65101300e-01	2.74326779e-02
2.76182500e-02	1.61054980e-01	2.81794311e-02
2.80030400e-02	1.27194280e-01	2.67559066e-02
2.83878300e-02	1.67369340e-01	4.39036209e-01
2.87726200e-02	1.03991960e-01	2.50355019e-02
2.91574100e-02	1.56620300e-01	2.52107922e-02
2.95422100e-02	1.06039620e-01	2.53202600e-02
2.99270000e-02	9.16200400e-02	2.54636356e-02
3.03117900e-02	1.26099700e-01	2.54929904e-02
3.06965800e-02	1.85696700e-01	2.48551917e-02
3.10813700e-02	1.47285480e-01	2.48251221e-02
3.14661600e-02	1.03276220e-01	2.42560063e-02
3.18509600e-02	1.50095200e-01	6.44827994e-01
3.22357500e-02	1.28650480e-01	2.36720752e-02
3.26205400e-02	9.83454000e-02	2.25727164e-02
3.30053300e-02	1.30655220e-01	6.25383505e-01
3.33901200e-02	1.09189400e-01	2.31841094e-02
3.37749200e-02	1.25147120e-01	2.25068932e-02
3.41597100e-02	8.83680400e-02	2.13749016e-02
3.45445000e-02	1.56720180e-01	2.30134590e-02
3.49292900e-02	9.88806000e-02	2.21337181e-02
3.53140800e-02	1.06289300e-01	2.09219071e-02
3.56988800e-02	1.03345000e-01	2.19618175e-02
3.60836700e-02	1.30915240e-01	2.16428592e-02
3.64684600e-02	1.17700440e-01	2.09738556e-02
3.68532500e-02	1.25481020e-01	2.06674659e-02
3.72380400e-02	1.17328140e-01	2.19236242e-02
3.76228300e-02	1.04524620e-01	2.18214534e-02
3.80076300e-02	3.59717600e-02	2.06783415e-02
3.83924200e-02	7.34310800e-02	2.11664495e-02
3.87772100e-02	8.22105000e-02	2.01047166e-02
3.91620000e-02	8.13231800e-02	1.89091256e-02
3.95467900e-02	6.00623000e-02	1.93185263e-02
3.99315900e-02	1.04999160e-01	2.00637217e-02
4.03163800e-02	1.24303220e-01	2.02069349e-02
4.07011700e-02	1.12947760e-01	1.98069766e-02
4.10859600e-02	7.83152400e-02	1.89613155e-02
4.14707500e-02	9.76668200e-02	1.86165911e-02
4.18555400e-02	1.00343140e-01	1.95112134e-02
4.22403400e-02	1.05890760e-01	1.97959079e-02
4.26251300e-02	4.71485800e-02	1.83639488e-02
4.30099200e-02	6.69971600e-02	1.87992155e-02
4.33947100e-02	8.19346800e-02	1.77417142e-02
4.37795000e-02	5.13506000e-02	1.79535319e-02
4.41643000e-02	5.80427200e-02	1.86210267e-02
4.45490900e-02	9.29912000e-02	1.88029385e-02
4.49338800e-02	7.99581400e-02	1.70247448e-02
4.53186700e-02	1.04255120e-01	1.81682817e-02
4.57034600e-02	6.98937800e-02	1.72550444e-02
4.60882500e-02	7.69441000e-02	1.77462216e-02
4.64730500e-02	4.65241600e-02	1.74308435e-02
4.68578400e-02	6.66617600e-02	1.83065887e-02
4.72426300e-02	5.47254600e-02	1.65104201e-02
4.76274200e-02	1.04059920e-01	1.73559524e-02
4.80122100e-02	4.15773400e-02	1.68029527e-02
4.83970100e-02	6.37074200e-02	1.64124846e-02
4.87818000e-02	6.45942800e-02	1.70212888e-02
4.91665900e-02	5.07519800e-02	1.64286100e-02
4.95513800e-02	7.19185400e-02	1.68778755e-02
5.03209700e-02	6.33185600e-02	9.47985451e-03
5.14753400e-02	6.54209533e-02	9.32858069e-03
5.26297200e-02	4.93890533e-02	9.12657922e-03
5.37840900e-02	5.65113600e-02	9.09449382e-03
5.49384700e-02	3.72001867e-02	8.80954846e-03
5.60928400e-02	3.80263200e-02	8.72029905e-03
5.72472200e-02	4.40877600e-02	8.58594303e-03
5.84015900e-02	4.56637467e-02	8.48893737e-03
5.95559700e-02	4.55346867e-02	8.52446028e-03
6.07103400e-02	3.76873067e-02	8.18802943e-03
6.18647200e-02	3.92843333e-02	8.31616024e-03
6.30191000e-02	4.24954933e-02	7.99240993e-03
6.41734700e-02	4.09566733e-02	7.73375708e-03
6.53278500e-02	4.04203067e-02	7.76200106e-03
6.64822200e-02	4.45066333e-02	7.83732888e-03
6.80213900e-02	3.42944400e-02	5.81609672e-03
6.99453500e-02	3.67936840e-02	5.87414224e-03
7.18693100e-02	4.87204960e-02	5.85148465e-03
7.37932700e-02	4.37380320e-02	1.13519197e-01
7.57172300e-02	5.09779320e-02	1.59148881e-01
7.76411900e-02	6.21156680e-02	6.85589005e-02
7.95651500e-02	6.05013240e-02	9.28387621e-02
8.14891000e-02	6.32226400e-02	1.14588973e-01
8.34130600e-02	7.05184520e-02	9.87789474e-02
8.53370200e-02	7.05140640e-02	9.58672016e-02
8.72609800e-02	7.82052640e-02	1.76302788e-01
8.91849400e-02	7.68981280e-02	5.48527935e-03
9.11089000e-02	8.87807600e-02	5.48066315e-03
9.30328600e-02	9.64314680e-02	5.52269469e-03
9.49568200e-02	9.75250160e-02	9.51276391e-02
9.68807800e-02	1.20424816e-01	1.24874621e-01
9.88047400e-02	1.22750968e-01	5.48174941e-03
1.01113500e-01	1.24705074e-01	1.40114158e-01
1.03807000e-01	1.32205559e-01	8.11084842e-02
1.06500600e-01	1.35831334e-01	4.75175597e-02
1.09194100e-01	1.44620900e-01	7.96778014e-02
1.11887700e-01	1.60931180e-01	4.86212335e-02
1.14581200e-01	1.45663950e-01	1.01727873e-01
1.17274700e-01	1.59379936e-01	4.50586928e-03
1.19968300e-01	1.72436886e-01	4.53778239e-03
1.22661800e-01	1.75783579e-01	4.72204639e-02
1.25355400e-01	1.68692314e-01	4.46193473e-03
1.28048900e-01	1.77080504e-01	4.45225109e-03
1.30742500e-01	1.76810551e-01	8.22856199e-02
1.33436000e-01	1.84783554e-01	8.53237418e-02
1.36514300e-01	1.81387058e-01	1.12817288e-01
1.39977500e-01	1.76359836e-01	7.23072081e-02
1.43440600e-01	1.77564193e-01	9.57726615e-02
1.46903700e-01	1.68327274e-01	3.59698293e-03
1.50366800e-01	1.57571066e-01	5.19881414e-02
1.53830000e-01	1.57894307e-01	3.44803439e-03
1.57293100e-01	1.55940618e-01	1.33063386e-01
1.60756200e-01	1.49620436e-01	3.51756149e-02
1.64219400e-01	1.42760109e-01	9.10040946e-02
1.68067300e-01	1.29924603e-01	4.96444817e-02
1.72300000e-01	1.24634167e-01	4.03778514e-02
1.76532700e-01	1.12988953e-01	3.27507107e-03
1.80765400e-01	1.11474669e-01	5.30765425e-02
1.84998100e-01	1.00622751e-01	6.00831417e-02
1.89230800e-01	9.92300200e-02	7.13618520e-02
1.93463500e-01	8.54170000e-02	4.22261657e-02
1.97696200e-01	8.51735864e-02	6.08092545e-02
2.02313700e-01	7.39887262e-02	2.54000942e-02
2.07316000e-01	7.48253692e-02	5.93590710e-02
2.12318300e-01	6.68197500e-02	4.16336214e-02
2.17320600e-01	6.36532231e-02	2.27796731e-02
2.22322900e-01	6.23570862e-02	2.43098595e-02
2.27325200e-01	5.81708723e-02	2.77009337e-03
2.32327500e-01	4.71895292e-02	4.75026861e-02
2.37714600e-01	5.45941947e-02	7.13726499e-02
2.43486500e-01	5.07278367e-02	6.71417647e-02
2.49258300e-01	4.89207920e-02	2.53403334e-03
2.55030200e-01	4.75607073e-02	4.47665950e-02
2.60802100e-01	5.19111947e-02	2.49146419e-03
2.66574000e-01	4.76433873e-02	4.78730353e-02
2.72730700e-01	5.08640224e-02	5.56031374e-02
2.79272100e-01	4.44576788e-02	6.47872016e-02
2.85813600e-01	4.61669582e-02	2.65322873e-02
2.92355000e-01	4.14406524e-02	3.59589337e-02
2.98896500e-01	4.35132518e-02	5.44776924e-02
3.05822700e-01	4.23449163e-02	3.89348959e-02
3.13133800e-01	4.65003121e-02	2.22401186e-02
3.20444800e-01	4.81773232e-02	2.24491442e-03
3.27755900e-01	4.47451074e-02	6.27700606e-02
3.35451700e-01	4.63801714e-02	2.85086822e-02
3.43532400e-01	4.18858714e-02	3.91907395e-02
3.51613000e-01	4.32078443e-02	1.58758857e-02
3.59693600e-01	4.49880457e-02	3.44289747e-02
3.68159000e-01	4.87570031e-02	1.74769258e-02
3.77009200e-01	4.41869894e-02	3.59989424e-03
