q[nm-1]	I(q)[sr-1]_rebin(no_smoothing,PEG20k_20p0wt_merged_nmA.dat_00001_[nmA(PEG20k_20p0wt_merged.dat_00001_[merged(PEG_PEG20k_20p0wt_1621_noT_sub_mult_mult_sub.dat_00001_[sub(PEG_PEG20k_20p0wt_1621_noT_sub_mult_mult.dat_00001_[mult(PEG_PEG20k_20p0wt_1621_noT_sub_mult.dat_00001_[mult(PEG_PEG20k_20p0wt_1621_noT_sub.dat_00001_[sub(PEG_PEG20k_20p0wt_1621_noT.dat_00001_[]-PEG_PEG20k_20p0wt_1621_dark.dat_00001_[])]*29.0000)]*0.5800)]-PEG_Water_1621_noT_sub_mult.dat_00001_[mult(PEG_Water_1621_noT_sub.dat_00001_[sub(PEG_Water_1621_noT.dat_00001_[]-PEG_PEG20k_20p0wt_1621_dark.dat_00001_[])]*29.0000)])]PEG_PEG20k_20p0wt_300_noT_sub_mult_sub.dat_00001_[sub(PEG_PEG20k_20p0wt_300_noT_sub_mult.dat_00001_[mult(PEG_PEG20k_20p0wt_300_noT_sub.dat_00001_[sub(PEG_PEG20k_20p0wt_300_noT.dat_00001_[]-PEG_PEG20k_20p0wt_300_dark.dat_00001_[])]*0.5000)]-PEG_Water_300_noT_sub.dat_00001_[sub(PEG_Water_300_noT.dat_00001_[]-PEG_PEG20k_20p0wt_300_dark.dat_00001_[])])],scale_low,lq=0.4438,hq=0.7171)])],1,0.0050)	error
4.01205600e-03	-3.41197860e-02	2.48622734e-02
4.22636500e-03	-3.52958323e-02	1.94847661e-02
4.44067400e-03	-4.62376968e-02	1.55315032e-02
4.65498300e-03	-2.73049851e-02	1.40558680e-02
4.86929200e-03	7.86802387e-04	1.12027536e-02
5.08360200e-03	-3.05913449e-03	9.30213493e-03
5.29791100e-03	-1.18137622e-03	8.33666679e-03
5.51222000e-03	1.09878014e-02	7.18565160e-03
5.72652900e-03	6.83748015e-04	6.42026235e-03
5.94083800e-03	7.18144110e-03	5.77877250e-03
6.15514700e-03	-7.55401913e-04	5.57291623e-03
6.36945600e-03	2.85145397e-03	5.01524057e-03
6.58376600e-03	-2.41101098e-03	4.58337862e-03
6.79807500e-03	5.13198396e-03	4.26897835e-03
7.01238400e-03	1.81066017e-03	3.78942266e-03
7.22669300e-03	6.88058465e-04	3.88011110e-03
7.44100200e-03	5.48085784e-04	3.44737792e-03
7.65531100e-03	-3.34282528e-04	3.24630176e-03
7.86962000e-03	7.72388094e-04	3.03360257e-03
8.08393000e-03	5.74732557e-03	2.89176527e-03
8.29823900e-03	5.66972720e-03	2.68899857e-03
8.51254800e-03	4.86411245e-03	2.55777077e-03
8.72685700e-03	5.37764605e-03	9.61679594e-03
8.94116600e-03	4.75979516e-03	1.13713654e-01
9.15547500e-03	5.81439291e-03	9.15491045e-03
9.36978400e-03	3.04297740e-03	3.63559066e-03
9.58409400e-03	5.85338813e-03	2.00972751e-03
9.79840300e-03	5.47486146e-03	2.00935952e-03
1.00127100e-02	6.73514338e-03	1.86587333e-03
1.02270200e-02	5.85903915e-03	1.86494839e-03
1.04413300e-02	3.46647675e-03	1.74028023e-03
1.06556400e-02	8.86958007e-04	1.70108274e-03
1.08699500e-02	1.12093257e-03	1.64491019e-03
1.10842600e-02	3.44896719e-03	1.59966931e-03
1.12985700e-02	3.13545827e-03	1.55107806e-03
1.15128800e-02	1.29597206e-03	1.51091632e-03
1.17271900e-02	2.66043675e-03	1.46850009e-03
1.19414900e-02	2.28423391e-03	1.37917311e-03
1.21558000e-02	1.82472928e-03	1.38644675e-03
1.23701100e-02	2.70580180e-03	1.29956653e-03
1.25844200e-02	1.13407494e-03	1.33224379e-03
1.27987300e-02	2.78276795e-03	5.67177398e-02
1.30130400e-02	3.31598417e-03	1.22378348e-03
1.32273500e-02	1.85690918e-03	1.17857546e-03
1.34416600e-02	1.15809272e-03	1.12249004e-03
1.36559700e-02	1.03240985e-03	1.17593095e-03
1.38702800e-02	3.17680589e-03	6.64743223e-02
1.40845900e-02	7.68197899e-04	3.27663007e-03
1.42988900e-02	3.68431900e-03	1.04003073e-03
1.45132000e-02	1.93392313e-03	1.03282954e-03
1.47275100e-02	2.41008913e-03	1.02517374e-03
1.49418200e-02	3.14339915e-03	9.74725862e-04
1.51561300e-02	2.13950003e-03	9.90617444e-04
1.53704400e-02	1.60081294e-03	9.76966540e-04
1.55847500e-02	2.70696387e-03	9.40498136e-04
1.57990600e-02	2.99436432e-03	9.25333475e-04
1.60133700e-02	6.08421141e-04	9.36818005e-04
1.62276800e-02	2.53435480e-03	8.70892690e-04
1.64419900e-02	1.26258919e-03	9.22890623e-04
1.66563000e-02	2.92364575e-03	8.46093277e-04
1.68706000e-02	1.79286483e-03	8.50006015e-04
1.70849100e-02	2.82968556e-03	8.12394674e-04
1.72992200e-02	2.70347979e-03	8.07920448e-04
1.75135300e-02	2.41413344e-03	7.91433579e-04
1.77278400e-02	2.05360431e-03	7.74642049e-04
1.79421500e-02	2.03647690e-03	7.88881555e-04
1.81564600e-02	1.69050371e-03	7.85161921e-04
1.83707700e-02	2.18420652e-03	7.47707618e-04
1.85850800e-02	1.78384902e-03	7.57091134e-04
1.87993900e-02	2.15858602e-03	7.10559223e-04
1.90137000e-02	8.27495557e-04	7.38041334e-04
1.92280100e-02	1.85004727e-03	6.87110480e-04
1.94423100e-02	2.49110292e-03	6.92266643e-04
1.96566200e-02	2.16032132e-03	6.93827004e-04
1.98709300e-02	1.93140684e-03	6.66972063e-04
2.00852400e-02	2.52811520e-03	6.57064737e-04
2.02995500e-02	1.73940855e-03	6.64171661e-04
2.05138600e-02	1.44534415e-03	6.44735588e-04
2.07281700e-02	6.21070222e-04	6.90804136e-04
2.09424800e-02	2.38689083e-03	6.10489347e-04
2.11567900e-02	1.13751974e-03	6.41787743e-04
2.13711000e-02	1.17179322e-03	6.03312970e-04
2.15854100e-02	9.13869039e-04	6.32166485e-04
2.17997100e-02	2.05074073e-03	6.07708753e-04
2.20140200e-02	2.11742138e-03	6.05899210e-04
2.22283300e-02	1.84685217e-03	5.99336329e-04
2.24426400e-02	8.25435328e-04	5.84677156e-04
2.26569500e-02	1.72845367e-03	5.43169945e-04
2.28712600e-02	1.17118542e-03	5.96817939e-04
2.30855700e-02	1.24954659e-03	5.59236395e-04
2.32998800e-02	1.22641289e-03	5.71242909e-04
2.35141900e-02	6.66559576e-04	2.44174912e-02
2.37285000e-02	2.60792178e-03	5.35918397e-04
2.39428100e-02	1.53888520e-03	2.48051422e-02
2.41571200e-02	2.17295137e-03	5.28592855e-04
2.43714200e-02	-5.11927680e-05	5.44256129e-04
2.45857300e-02	7.08724463e-04	5.38763282e-04
2.48000400e-02	7.46067037e-04	5.35045567e-04
2.50143500e-02	8.48336705e-04	5.16436551e-04
2.52286600e-02	8.01045000e-04	5.31831824e-04
2.54429700e-02	1.60964045e-03	4.87003627e-04
2.56572800e-02	5.64967905e-04	4.94538314e-04
2.58715900e-02	1.33995103e-03	5.04880893e-04
2.60859000e-02	1.26755292e-03	4.92618987e-04
2.63002100e-02	1.34855717e-03	4.89437454e-04
2.65145200e-02	1.49924991e-03	4.68840749e-04
2.67288300e-02	1.71000584e-03	4.70713525e-04
2.69431300e-02	2.16706082e-03	2.45233924e-02
2.71574400e-02	1.00557798e-03	2.78141471e-02
2.73717500e-02	1.08113425e-03	3.45626127e-02
2.75860600e-02	1.18390022e-03	4.54136536e-04
2.80146800e-02	8.40771245e-04	2.71980947e-04
2.86576100e-02	9.18355608e-04	2.64594745e-04
2.93005300e-02	1.08047764e-03	2.47363030e-04
2.99434600e-02	9.99560683e-04	2.44325415e-04
3.05863900e-02	8.68288269e-04	2.37588089e-04
3.12293200e-02	1.22172879e-03	2.30878679e-04
3.18722400e-02	8.00620156e-04	2.28180766e-04
3.25151700e-02	1.16565101e-03	2.15918466e-04
3.31581000e-02	6.74308701e-04	2.34214635e-03
3.38010300e-02	1.14337492e-03	2.16414335e-04
3.44439500e-02	7.95694578e-04	2.21892112e-04
3.50868800e-02	4.82931271e-04	2.12188353e-04
3.57298100e-02	1.20194436e-03	2.05077650e-04
3.63727400e-02	7.60115082e-04	2.03399692e-04
3.70156600e-02	7.98865448e-04	2.03248719e-04
3.78729000e-02	8.95003156e-04	1.50802634e-04
3.89444500e-02	9.83691176e-04	1.45850044e-04
4.00159900e-02	1.01869227e-03	1.41632032e-04
4.10875400e-02	1.20290727e-03	1.37892237e-04
4.21590800e-02	1.04581739e-03	1.35887567e-04
4.32306300e-02	8.43005912e-04	1.33009004e-04
4.38735600e-02	1.03254334e-03	2.03411016e-02
4.43021700e-02	6.73804509e-04	8.09240202e-03
4.53737200e-02	8.41495518e-04	6.98949156e-03
4.64452700e-02	8.82705053e-04	5.92695018e-03
4.75168100e-02	8.61588037e-04	3.45292969e-03
4.85883600e-02	7.65375032e-04	8.25828014e-04
4.96599000e-02	8.66285297e-04	1.96206725e-03
5.07314500e-02	8.65386278e-04	7.10432917e-03
5.18029900e-02	7.81946263e-04	6.01473770e-03
5.28745400e-02	6.40525003e-04	6.47844227e-03
5.39460900e-02	8.64205698e-04	5.83223513e-03
5.50176300e-02	9.12901092e-04	6.80183310e-04
5.63034900e-02	8.85624168e-04	3.23343295e-03
5.78036500e-02	7.67498094e-04	3.48932188e-03
5.93038100e-02	7.21879114e-04	2.36151405e-04
6.08039800e-02	8.53332881e-04	5.00439643e-03
6.23041400e-02	6.83909914e-04	5.02346783e-03
6.38043100e-02	9.01870032e-04	1.01377371e-04
6.53044700e-02	9.08047309e-04	4.71966818e-03
6.68046300e-02	7.19834532e-04	4.38940211e-03
6.83048000e-02	6.60453274e-04	5.10842770e-03
6.98049600e-02	7.58256607e-04	4.33260419e-03
7.13051300e-02	9.08373970e-04	3.62007367e-03
7.58608300e-02	7.98973000e-04	1.32109349e-04
7.70059200e-02	7.13855540e-04	1.27917942e-04
7.81510200e-02	8.02099160e-04	1.25474797e-04
7.92961100e-02	6.71249100e-04	1.23073682e-04
8.04412100e-02	6.43464000e-04	1.27048816e-04
8.15863000e-02	6.37669000e-04	1.29535078e-04
8.27314000e-02	7.89223000e-04	1.21883211e-04
8.38764900e-02	6.46983540e-04	3.15023179e-04
8.50215900e-02	7.43797790e-04	5.20244706e-03
8.61666800e-02	8.24161500e-04	1.20638273e-04
8.73117700e-02	5.65524000e-04	1.25892585e-04
8.84568700e-02	8.63461500e-04	1.18005183e-04
8.96019600e-02	5.35429500e-04	1.24025519e-04
9.07470600e-02	6.85121000e-04	1.23136943e-04
9.18921500e-02	6.82322500e-04	1.16944531e-04
9.30372500e-02	6.22783500e-04	1.18975140e-04
9.41823400e-02	5.07773500e-04	1.24576120e-04
9.53274400e-02	6.35231000e-04	1.16214333e-04
9.64725300e-02	5.99496000e-04	1.14541645e-04
9.76176300e-02	4.59770000e-04	1.17627200e-04
9.87627200e-02	5.93087500e-04	1.13829134e-04
9.99078200e-02	6.88458500e-04	1.12621454e-04
1.01052900e-01	5.87733780e-04	1.11351870e-04
1.02198000e-01	6.62700710e-04	1.11472166e-04
1.03343100e-01	6.53347590e-04	1.09887308e-04
1.04488200e-01	6.74306380e-04	1.12408682e-04
1.05633300e-01	8.20445110e-04	1.10047536e-04
1.06778400e-01	6.28088500e-04	1.08668365e-04
1.07923500e-01	6.90895500e-04	1.12300096e-04
1.09068600e-01	6.50893480e-04	1.07255892e-04
1.10213700e-01	6.97178700e-04	1.06567560e-04
1.11358800e-01	6.55011310e-04	1.07558627e-04
1.12503900e-01	6.35953530e-04	1.07614689e-04
1.13649000e-01	5.58711500e-04	1.11710590e-04
1.14794100e-01	5.62065500e-04	1.10239969e-04
1.15939100e-01	5.68829500e-04	1.06196868e-04
1.17084200e-01	7.04985500e-04	1.04602653e-04
1.18229300e-01	6.98254000e-04	1.02574852e-04
1.19374400e-01	6.41699000e-04	1.03672950e-04
1.20519500e-01	6.74425500e-04	1.06509538e-04
1.21664600e-01	5.98258000e-04	1.02259467e-04
1.22809700e-01	6.08485500e-04	1.00782688e-04
1.23954800e-01	3.72373230e-04	1.08743971e-04
1.25099900e-01	6.87837010e-04	1.00925334e-04
1.26245000e-01	4.65371480e-04	1.06909148e-04
1.27390100e-01	3.44238250e-04	1.03338177e-04
1.28535200e-01	7.98987990e-04	9.83578480e-05
1.29680300e-01	5.53441110e-04	9.72010904e-05
1.30825400e-01	5.76232390e-04	1.01092295e-04
1.31970500e-01	6.80251900e-04	9.83566478e-05
1.33115600e-01	2.74338000e-04	1.01161064e-04
1.34260700e-01	6.47697000e-04	1.00608314e-04
1.35405800e-01	2.94398770e-04	1.02550268e-04
1.36550900e-01	5.80854730e-04	9.63582515e-05
1.37695900e-01	5.99977500e-04	9.92219534e-05
1.38841000e-01	5.90963660e-04	9.78721763e-05
1.39986100e-01	5.33361000e-04	9.67762995e-05
1.41131200e-01	4.71394500e-04	9.69967543e-05
1.42276300e-01	5.81836000e-04	9.49694815e-05
1.43421400e-01	5.56396500e-04	9.41191440e-05
1.44566500e-01	5.45184000e-04	9.90159128e-05
1.45711600e-01	3.84569970e-04	9.81296437e-05
1.46856700e-01	2.73282790e-04	9.70155394e-05
1.49146900e-01	5.03948010e-04	5.49512387e-05
1.52582200e-01	4.49984440e-04	5.38012261e-05
1.56017500e-01	4.87670037e-04	5.42594914e-05
1.59452800e-01	4.40667407e-04	5.23835105e-05
1.62888000e-01	3.64362833e-04	5.31593495e-05
1.66323300e-01	5.00449890e-04	5.16814132e-05
1.69758600e-01	4.52787393e-04	5.07884950e-05
1.73193900e-01	4.45851870e-04	5.05618913e-05
1.76629200e-01	3.35361847e-04	5.06359017e-05
1.80064500e-01	3.27252573e-04	4.99355734e-05
1.83499700e-01	3.83831340e-04	4.93941943e-05
1.86935000e-01	3.33190200e-04	4.97756181e-05
1.90370300e-01	3.22165330e-04	4.86869433e-05
1.93805600e-01	4.07279993e-04	4.76122873e-05
1.97240900e-01	4.40521627e-04	4.76935909e-05
2.01821300e-01	3.83929992e-04	3.56469492e-05
2.07546700e-01	3.54004832e-04	3.58385980e-05
2.13272200e-01	2.98518616e-04	3.56521564e-05
2.18997700e-01	3.38058292e-04	3.49787676e-05
2.24723200e-01	2.98572168e-04	3.50192704e-05
2.30448600e-01	2.27222940e-04	4.40841680e-05
2.36174100e-01	2.52709926e-04	4.92204408e-05
2.41899600e-01	2.18629482e-04	3.37789648e-05
2.47625100e-01	2.51289640e-04	7.54764888e-04
2.53350500e-01	2.90307034e-04	7.70651317e-04
2.59076000e-01	2.60813546e-04	3.22835314e-05
2.64801500e-01	2.40382162e-04	5.10193995e-05
2.70527000e-01	2.46171538e-04	6.64375642e-05
2.76252400e-01	2.21132026e-04	3.14681217e-05
2.81977900e-01	2.17387754e-04	3.13840497e-05
2.87703400e-01	2.26285492e-04	3.09417113e-05
2.93428800e-01	2.13842478e-04	9.76251783e-04
3.00299400e-01	2.16021286e-04	4.09193899e-04
3.08315100e-01	1.78475344e-04	5.52885505e-04
3.16330700e-01	1.86838671e-04	5.73093884e-04
3.24346400e-01	1.94102290e-04	6.94351730e-04
3.32362100e-01	1.27583756e-04	4.65736022e-05
3.40377700e-01	1.36038963e-04	2.43108062e-05
3.48393400e-01	1.36151197e-04	4.68190071e-05
3.56409100e-01	1.40999380e-04	7.87294327e-04
3.64424700e-01	1.48260399e-04	4.16642134e-04
3.72440400e-01	1.46224460e-04	4.09876231e-04
3.80456100e-01	1.37222573e-04	2.31979898e-05
3.88471700e-01	9.77389171e-05	2.31533422e-05
3.96487400e-01	1.41949373e-04	2.27675610e-05
4.05648100e-01	1.32230979e-04	1.99399317e-05
4.15954000e-01	1.35831353e-04	3.52557849e-05
4.26259900e-01	1.12599670e-04	1.97741157e-05
4.36565700e-01	7.29019911e-05	1.95353601e-05
4.46871600e-01	1.41081738e-04	2.82452189e-05
4.57177400e-01	1.47132599e-04	2.22713876e-05
4.67483300e-01	1.41756604e-04	7.74366718e-04
4.77789100e-01	1.25488386e-04	5.56558522e-04
4.88095000e-01	1.18651760e-04	3.06000780e-05
4.99545900e-01	1.03246074e-04	1.68973671e-05
5.12142000e-01	1.32676636e-04	8.33095885e-04
5.24738000e-01	1.14581686e-04	3.70674551e-04
5.37334100e-01	1.32017966e-04	2.54675908e-05
5.49930100e-01	9.67637955e-05	4.68439985e-04
5.62526100e-01	7.21400291e-05	2.54521148e-05
5.75122200e-01	1.02043836e-04	1.89554005e-05
5.87718200e-01	1.24610027e-04	1.97861029e-05
6.01459400e-01	7.10885792e-05	2.19035186e-05
6.16345600e-01	1.17260934e-04	4.14366890e-04
6.31231800e-01	7.72071854e-05	1.78867945e-05
6.46118100e-01	1.02091370e-04	1.85804329e-05
6.61004300e-01	8.49238123e-05	1.89061876e-05
6.75890500e-01	1.05251823e-04	1.93347881e-05
6.90776800e-01	1.01928527e-04	1.96731673e-05
7.06808100e-01	7.86831787e-05	3.88261725e-04
7.23984500e-01	9.33334413e-05	1.90018953e-05
7.41160900e-01	1.43289554e-04	2.35461292e-05
7.58337400e-01	7.32214320e-05	1.93507405e-05
7.75513800e-01	1.24562913e-04	4.02695839e-04
7.92690200e-01	8.54580940e-05	4.03060202e-04
8.11011700e-01	1.20780390e-04	1.85294931e-05
8.30478300e-01	1.05665220e-04	1.86685247e-05
8.49945000e-01	1.14446614e-04	3.63615043e-04
8.69411600e-01	1.15677716e-04	1.86874597e-05
8.88878200e-01	1.11879405e-04	2.20174804e-05
9.09489900e-01	8.81302405e-05	1.89049052e-05
9.31246700e-01	1.02941763e-04	2.64512785e-05
9.53003500e-01	1.01161258e-04	2.75361706e-04
9.74760300e-01	8.53639268e-05	2.82647550e-04
9.97662200e-01	1.31501929e-04	5.46632289e-04
1.02170900e+00	8.36855590e-05	3.21381497e-04
1.04575600e+00	6.21589057e-05	2.00492479e-05
1.06980300e+00	9.21122890e-05	3.36198774e-04
1.09499500e+00	6.36813483e-05	1.93979917e-05
1.12133200e+00	-1.75834487e-05	3.16984729e-04
