q[A-1]	I(q)[sr-1]_nmA(Lyso_Lyso_4_frames_015_350_sub.dat_00001_[sub(Lyso_Lyso_4_frames_015_350.dat_00001_[</fileinfo>]-Lyso_Buffer_2_000_350_mult.dat_00001_[mult(Lyso_Buffer_2_000_350.dat_00001_[</fileinfo>]*0.7000)])])	error
0.00000000e+00	-2.44999930e+02	0.00000000e+00
0.00000000e+00	1.04999970e+02	0.00000000e+00
2.26117100e-02	1.54470660e+01	4.70520334e+00
2.36095900e-02	3.01580880e+01	4.76651352e+00
2.46074800e-02	1.77915160e+01	2.43211343e+00
2.56053600e-02	2.18017010e+01	2.25305978e+00
2.66032500e-02	1.78811665e+01	1.85479431e+00
2.76011300e-02	1.87618888e+01	1.64120574e+00
2.85990200e-02	2.00742615e+01	1.51546638e+00
2.95969000e-02	2.04925808e+01	1.38915204e+00
3.05947900e-02	1.83492884e+01	1.22780989e+00
3.15926800e-02	1.84716765e+01	1.21252084e+00
3.25905600e-02	1.94287948e+01	1.20077931e+00
3.35884500e-02	1.93119537e+01	1.14566742e+00
3.45863300e-02	1.71642759e+01	1.09636874e+00
3.55842200e-02	1.77956072e+01	1.06793468e+00
3.65821000e-02	1.73820666e+01	1.05067878e+00
3.75799900e-02	1.82350727e+01	1.04560394e+00
3.85778700e-02	1.98230400e+01	1.04326454e+00
3.95757600e-02	2.04205677e+01	1.05441364e+00
4.05736400e-02	1.83598725e+01	9.77777330e-01
4.15715300e-02	1.77948832e+01	9.81795640e-01
4.25694100e-02	1.86412875e+01	1.49136138e+01
4.35673000e-02	1.70741038e+01	1.44070557e+01
4.45651900e-02	1.69384590e+01	1.43301125e+01
4.55630700e-02	1.80811857e+01	9.07279767e-01
4.65609600e-02	1.72947143e+01	1.44130313e+01
4.75588400e-02	1.68556900e+01	1.42310299e+01
4.85567300e-02	1.70845207e+01	1.43041997e+01
4.95546100e-02	1.61820588e+01	1.40243364e+01
5.05525000e-02	1.77141145e+01	8.59741791e-01
5.15503800e-02	1.69336250e+01	8.38140116e-01
5.25482700e-02	1.60586892e+01	8.18853629e-01
5.35461500e-02	1.77555971e+01	8.44629062e-01
5.45440400e-02	1.59732883e+01	8.05373345e-01
5.55419200e-02	1.51649247e+01	7.70455256e-01
5.65398100e-02	1.64508582e+01	8.20486604e-01
5.75376900e-02	1.61556927e+01	7.87561201e-01
5.85355800e-02	1.64227544e+01	8.02325399e-01
5.95334700e-02	1.55579389e+01	7.78415316e-01
6.05313500e-02	1.61512033e+01	7.69325360e-01
6.15292400e-02	1.42326734e+01	7.53716981e-01
6.25271200e-02	1.54033346e+01	7.57183302e-01
6.35250100e-02	1.47304088e+01	7.40452572e-01
6.45228900e-02	1.50501673e+01	7.42467391e-01
6.55207800e-02	1.43241979e+01	7.18911323e-01
6.65186600e-02	1.30377973e+01	7.12128129e-01
6.75165500e-02	1.50360695e+01	7.27599587e-01
6.85144300e-02	1.44004863e+01	7.23731347e-01
6.95123200e-02	1.40078705e+01	6.93702081e-01
7.05102000e-02	1.53332826e+01	7.31697583e-01
7.15080900e-02	1.39068237e+01	6.99657359e-01
7.25059700e-02	1.37853519e+01	1.29240424e+01
7.35038600e-02	1.27024244e+01	1.25672637e+01
7.45017500e-02	1.33882071e+01	1.28074049e+01
7.54996300e-02	1.35082417e+01	6.81280273e-01
7.64975200e-02	1.34167623e+01	6.70772437e-01
7.74954000e-02	1.27975435e+01	6.52541754e-01
7.84932900e-02	1.20644199e+01	6.37196313e-01
7.94911700e-02	1.22614725e+01	6.26367891e-01
8.04890600e-02	1.29556336e+01	6.58230117e-01
8.14869400e-02	1.15708152e+01	6.11603450e-01
8.24848300e-02	1.28174907e+01	6.36821958e-01
8.34827100e-02	1.36604081e+01	6.54281793e-01
8.44806000e-02	1.18423068e+01	6.10570225e-01
8.54784800e-02	1.19559358e+01	6.15275298e-01
8.64763700e-02	1.01175282e+01	5.70960575e-01
8.74742600e-02	1.21241828e+01	6.05230047e-01
8.84721400e-02	1.14236008e+01	5.97978073e-01
8.94700300e-02	1.06067619e+01	5.74034684e-01
9.04679100e-02	1.19440716e+01	6.01059548e-01
9.14658000e-02	1.10319114e+01	5.71176151e-01
9.24636800e-02	1.03393664e+01	5.59661817e-01
9.34615700e-02	1.15047306e+01	5.86903654e-01
9.44594500e-02	9.60772620e+00	5.38670988e-01
9.54573400e-02	9.85257520e+00	5.47155941e-01
9.64552200e-02	9.84858120e+00	5.35797110e-01
9.74531100e-02	9.77190780e+00	5.39460204e-01
9.84509900e-02	9.95456630e+00	1.13933836e+01
9.94488800e-02	9.83997490e+00	1.13628602e+01
1.00446800e-01	9.25186500e+00	5.21388769e-01
1.01444700e-01	9.49478320e+00	1.12110361e+01
1.02442500e-01	9.75597370e+00	1.13239586e+01
1.03440400e-01	9.01609230e+00	1.10378060e+01
1.04438300e-01	8.54494890e+00	4.90689316e-01
1.05436200e-01	8.89034780e+00	5.02103010e-01
1.06434100e-01	9.01401780e+00	5.00370779e-01
1.07432000e-01	8.91574430e+00	5.02930671e-01
1.08429800e-01	9.12786500e+00	5.02759867e-01
1.09427700e-01	9.80725180e+00	5.11181830e-01
1.10425600e-01	8.30990390e+00	4.80838415e-01
1.11423500e-01	8.74931320e+00	1.08754214e+01
1.12421400e-01	8.62842500e+00	1.08542396e+01
1.13419300e-01	7.52728700e+00	4.60092986e-01
1.14417200e-01	7.75446040e+00	4.54153108e-01
1.15415000e-01	7.94827740e+00	4.68230393e-01
1.16412900e-01	7.75221940e+00	4.58099947e-01
1.17410800e-01	7.31190670e+00	4.44907686e-01
1.18408700e-01	7.87635520e+00	4.61296642e-01
1.19406600e-01	7.51861850e+00	4.45521760e-01
1.20404500e-01	6.93460590e+00	4.39678732e-01
1.21402400e-01	7.38571040e+00	4.40607403e-01
1.22400200e-01	6.83290800e+00	4.25967614e-01
1.23398100e-01	7.29071740e+00	4.34958443e-01
1.24396000e-01	6.36311040e+00	4.16118550e-01
1.25393900e-01	6.65769080e+00	4.24888130e-01
1.26391800e-01	6.49601750e+00	4.10747099e-01
1.27389700e-01	6.12844090e+00	4.06494472e-01
1.28387600e-01	6.70414750e+00	9.98289653e+00
1.29385400e-01	4.84623230e+00	9.15458278e+00
1.30383300e-01	5.37008270e+00	3.88211842e-01
1.31381200e-01	5.94406980e+00	3.91066142e-01
1.32379100e-01	5.94586470e+00	3.95415714e-01
1.33377000e-01	5.38736640e+00	3.78002891e-01
1.34374900e-01	5.72082120e+00	3.89774908e-01
1.35372800e-01	6.54306140e+00	4.06066496e-01
1.36370600e-01	4.85898440e+00	3.60495546e-01
1.37368500e-01	5.06443930e+00	3.69682917e-01
1.38366400e-01	5.12814200e+00	3.67823431e-01
1.39364300e-01	5.24349900e+00	3.67615267e-01
1.40362200e-01	4.70167370e+00	3.60013934e-01
1.41360100e-01	4.38489530e+00	8.90409177e+00
1.42357900e-01	4.11110830e+00	8.73684834e+00
1.43355800e-01	4.10896320e+00	3.36703861e-01
1.44353700e-01	4.69515750e+00	3.52538494e-01
1.45351600e-01	4.92256910e+00	3.53062832e-01
1.46349500e-01	4.43636610e+00	3.41997902e-01
1.47347400e-01	4.54415580e+00	3.48151007e-01
1.48345300e-01	3.92993520e+00	3.23938006e-01
1.49343100e-01	4.60895900e+00	3.46525374e-01
1.50341000e-01	4.19630390e+00	3.32594831e-01
1.51338900e-01	3.80643530e+00	3.23474444e-01
1.52336800e-01	3.79172110e+00	3.23983806e-01
1.53334700e-01	4.01374090e+00	3.19829094e-01
1.54332600e-01	3.68779460e+00	8.45161125e+00
1.55330500e-01	4.22270760e+00	8.74564493e+00
1.56328300e-01	3.63639770e+00	3.14874349e-01
1.57326200e-01	3.73361430e+00	3.19901105e-01
1.58324100e-01	3.73426750e+00	3.11524366e-01
1.59322000e-01	3.43787380e+00	3.07439567e-01
1.60319900e-01	2.90224000e+00	2.92593458e-01
1.61317800e-01	3.17903670e+00	2.98884193e-01
1.62315700e-01	3.74995290e+00	3.11031639e-01
1.63313500e-01	3.28772750e+00	2.95313172e-01
1.64311400e-01	3.47232330e+00	3.05138154e-01
1.65309300e-01	2.65561520e+00	2.79549439e-01
1.66307200e-01	2.48906140e+00	2.75822859e-01
1.67305100e-01	3.06550330e+00	2.89461237e-01
1.68303000e-01	2.58192820e+00	2.74500468e-01
1.69300900e-01	2.61783560e+00	2.80168261e-01
1.70298700e-01	2.28173990e+00	2.66627484e-01
1.71296600e-01	2.85628950e+00	2.82651303e-01
1.72294500e-01	3.00510800e+00	2.84344878e-01
1.73292400e-01	1.96210360e+00	2.54069840e-01
1.74290300e-01	2.29559260e+00	2.66944893e-01
1.75288200e-01	2.17866600e+00	2.58605665e-01
1.76286100e-01	2.69965020e+00	2.74688179e-01
1.77283900e-01	2.11261200e+00	2.56709561e-01
1.78281800e-01	2.00899550e+00	2.56497144e-01
1.79279700e-01	2.15453130e+00	2.58019419e-01
1.80277600e-01	1.98986800e+00	2.51327132e-01
1.81275500e-01	1.89230490e+00	2.49053411e-01
1.82273400e-01	2.06172250e+00	2.52739057e-01
1.83271200e-01	1.66929320e+00	7.32340878e+00
1.84269100e-01	2.06333080e+00	7.53826650e+00
1.85267000e-01	1.76722350e+00	7.37673272e+00
1.86264900e-01	2.15623280e+00	7.63330366e+00
1.87262800e-01	1.65969550e+00	2.37178527e-01
1.88260700e-01	1.81617350e+00	2.43137710e-01
1.89258600e-01	1.57081500e+00	2.38191859e-01
1.90256400e-01	1.83584920e+00	7.42416391e+00
1.91254300e-01	1.72585010e+00	7.32733811e+00
1.92252200e-01	2.10615000e+00	2.47674329e-01
1.93250100e-01	1.37531410e+00	2.26577757e-01
1.94248000e-01	1.78232140e+00	2.38162956e-01
1.95245900e-01	1.57286660e+00	2.29437417e-01
1.96243800e-01	1.60283230e+00	2.36096778e-01
1.97241600e-01	1.77559560e+00	2.36942793e-01
1.98239500e-01	1.49055260e+00	2.29064944e-01
1.99237400e-01	1.42774170e+00	2.26320954e-01
2.00235300e-01	1.36499970e+00	2.21512287e-01
2.01233200e-01	1.14657830e+00	2.16800618e-01
2.02231100e-01	1.92180670e+00	2.35372772e-01
2.03229000e-01	1.06787760e+00	2.13151036e-01
2.04226800e-01	1.43087290e+00	2.22955313e-01
2.05224700e-01	1.12389200e+00	2.12853392e-01
2.06222600e-01	1.48391040e+00	2.24185067e-01
2.07220500e-01	1.12833380e+00	2.11908098e-01
2.08218400e-01	1.12711510e+00	2.13159572e-01
2.09216300e-01	1.61345250e+00	2.26453044e-01
2.10214200e-01	1.24111880e+00	2.15557065e-01
2.11212000e-01	1.32871090e+00	2.16864650e-01
2.12209900e-01	1.26452860e+00	2.13021861e-01
2.13207800e-01	1.06591060e+00	2.08711130e-01
2.14205700e-01	1.50163760e+00	7.17362876e+00
2.15203600e-01	1.24750990e+00	7.00360387e+00
2.16201500e-01	9.56301300e-01	2.05256174e-01
2.17199400e-01	1.35708920e+00	7.16008526e+00
2.18197200e-01	1.29840810e+00	7.05972475e+00
2.19195100e-01	1.32062700e+00	7.10516232e+00
2.20193000e-01	1.70340190e+00	7.34316590e+00
2.21190900e-01	9.55135700e-01	2.03520286e-01
2.22188800e-01	8.90851900e-01	1.99251177e-01
2.23186700e-01	1.32003180e+00	2.11716460e-01
2.24184500e-01	1.32519550e+00	2.10328482e-01
2.25182400e-01	1.27090890e+00	2.10118318e-01
2.26180300e-01	1.58695380e+00	2.16340308e-01
2.27178200e-01	5.09740700e-01	1.85898382e-01
2.28176100e-01	9.76438700e-01	1.99544587e-01
2.29174000e-01	1.30660940e+00	2.06702871e-01
2.30171900e-01	1.10044520e+00	2.01021067e-01
2.31169700e-01	7.93119200e-01	1.92497125e-01
2.32167600e-01	1.17434590e+00	2.03692803e-01
2.33165500e-01	9.09393700e-01	1.95906795e-01
2.34163400e-01	5.72280300e-01	1.84151246e-01
2.35161300e-01	1.14896800e+00	2.02392106e-01
2.36159200e-01	1.06707340e+00	1.99489454e-01
2.37157100e-01	8.49975700e-01	1.93053574e-01
2.38154900e-01	6.96041400e-01	1.89362563e-01
2.39152800e-01	9.50423200e-01	1.92357748e-01
2.40150700e-01	9.18704500e-01	1.93243040e-01
2.41148600e-01	9.15077700e-01	1.93205594e-01
2.42146500e-01	6.91347200e-01	1.85929259e-01
2.43144400e-01	7.79216300e-01	1.88662221e-01
2.44142300e-01	7.43210200e-01	1.86307559e-01
2.45140100e-01	8.14291100e-01	1.91195851e-01
2.46138000e-01	7.94313300e-01	1.87093488e-01
2.47135900e-01	1.04188710e+00	1.95460794e-01
2.48133800e-01	6.12102000e-01	1.82262450e-01
2.49131700e-01	1.00692530e+00	1.90956102e-01
2.50129600e-01	7.11113000e-01	1.85348542e-01
2.51127500e-01	7.71094500e-01	1.86035901e-01
2.52125300e-01	4.85678500e-01	6.51587541e+00
2.53123200e-01	6.83422800e-01	6.62867716e+00
2.54121100e-01	8.45512100e-01	1.87634594e-01
2.55119000e-01	8.59064200e-01	1.87588823e-01
2.56116900e-01	6.10980900e-01	1.78550622e-01
2.57114800e-01	8.96968900e-01	1.86455240e-01
2.58112700e-01	1.04994990e+00	1.91488602e-01
2.59110500e-01	7.04994300e-01	1.79440218e-01
2.60108400e-01	5.57394300e-01	1.76012833e-01
2.61106300e-01	1.01017960e+00	3.94809946e+00
2.62104200e-01	6.39993600e-01	3.90680465e+00
2.63102100e-01	9.25251800e-01	3.98720760e+00
2.64100000e-01	9.37662100e-01	1.84651202e-01
2.65097800e-01	1.10241660e+00	1.89074513e-01
2.66095700e-01	5.46063800e-01	1.75145161e-01
2.67093600e-01	6.63860300e-01	1.78494643e-01
2.68091500e-01	6.48019300e-01	1.75296365e-01
2.69089400e-01	9.16804700e-01	1.87632933e-01
2.70087300e-01	7.08099000e-01	1.77760523e-01
2.71085200e-01	9.88457200e-01	6.81200877e+00
2.72083000e-01	8.09579400e-01	6.68616499e+00
2.73080900e-01	8.00711700e-01	6.65151983e+00
2.74078800e-01	1.03076390e+00	1.85628858e-01
2.75076700e-01	6.37630700e-01	6.56896723e+00
2.76074600e-01	1.03870150e+00	6.89056730e+00
2.77072500e-01	1.27764370e+00	1.91047018e-01
2.78070400e-01	5.96211900e-01	1.70404430e-01
2.79068200e-01	6.44472200e-01	1.74197737e-01
2.80066100e-01	8.14612000e-01	1.77119384e-01
2.81064000e-01	4.99142700e-01	1.67803180e-01
2.82061900e-01	7.40438900e-01	1.75589809e-01
2.83059800e-01	5.34228500e-01	1.66976894e-01
2.84057700e-01	8.36487700e-01	1.77261882e-01
2.85055600e-01	6.11746400e-01	3.97839277e+00
2.86053400e-01	7.36014500e-01	3.96141803e+00
2.87051300e-01	5.66396200e-01	6.55916041e+00
2.88049200e-01	1.01939300e+00	6.81776184e+00
2.89047100e-01	7.14328700e-01	6.65085677e+00
2.90045000e-01	9.47417300e-01	6.78325804e+00
2.91042900e-01	5.20486800e-01	6.49218996e+00
2.92040800e-01	7.23777700e-01	1.70851239e-01
2.93038600e-01	9.89213900e-01	1.77116567e-01
2.94036500e-01	7.42200400e-01	1.70899888e-01
2.95034400e-01	7.86433600e-01	1.70964878e-01
2.96032300e-01	7.06341900e-01	1.70211499e-01
2.97030200e-01	5.80994600e-01	1.66566891e-01
2.98028100e-01	7.91040400e-01	1.71675540e-01
2.99026000e-01	9.11068700e-01	1.75497798e-01
3.00023800e-01	7.10818500e-01	1.66596879e-01
3.01021700e-01	1.25587800e+00	1.84449448e-01
3.02019600e-01	7.67542300e-01	3.94463091e+00
3.03017500e-01	5.79491100e-01	3.92623360e+00
3.04015400e-01	6.78950500e-01	6.63000548e+00
3.05013300e-01	8.54201600e-01	6.73849789e+00
3.06011100e-01	5.28477500e-01	3.92166309e+00
3.07009000e-01	4.96535700e-01	6.51170231e+00
3.08006900e-01	6.33364000e-01	6.57151061e+00
3.09004800e-01	6.92267100e-01	3.92766902e+00
3.10002700e-01	9.18761100e-01	3.91799326e+00
3.11000600e-01	6.45415200e-01	3.95855491e+00
3.11998500e-01	8.24143600e-01	1.67571757e-01
3.12996300e-01	7.46412800e-01	1.67531252e-01
3.13994200e-01	8.05793200e-01	1.67357056e-01
3.14992100e-01	6.26144000e-01	1.61963101e-01
3.15990000e-01	1.29466380e+00	1.80185741e-01
3.16987900e-01	6.60572600e-01	6.58864676e+00
3.17985800e-01	1.13007410e+00	6.92940137e+00
3.18983700e-01	1.01660900e+00	1.71035149e-01
3.19981500e-01	6.77190900e-01	1.63315531e-01
3.20979400e-01	9.06543700e-01	1.70372833e-01
3.21977300e-01	9.32316100e-01	1.67203283e-01
3.22975200e-01	6.89430500e-01	1.64660809e-01
3.23973100e-01	6.31670900e-01	1.59609818e-01
3.24971000e-01	7.85773600e-01	1.65262678e-01
3.25968900e-01	8.66031300e-01	1.65119303e-01
3.26966700e-01	9.99768700e-01	1.68814208e-01
3.27964600e-01	6.06686400e-01	1.60231338e-01
3.28962500e-01	9.01515900e-01	1.65124519e-01
3.29960400e-01	7.04812000e-01	1.61129627e-01
3.30958300e-01	6.07924300e-01	1.59719216e-01
3.31956200e-01	1.05339260e+00	1.68734581e-01
3.32954100e-01	6.66587700e-01	1.59890844e-01
3.33951900e-01	9.39826900e-01	1.63852812e-01
3.34949800e-01	8.66202000e-01	1.65074873e-01
3.35947700e-01	1.21680200e+00	6.96085740e+00
3.36945600e-01	6.07185700e-01	6.52755320e+00
3.37943500e-01	8.11528900e-01	6.68618485e+00
3.38941400e-01	6.43952900e-01	6.58057333e+00
3.39939200e-01	6.68947300e-01	1.59356537e-01
3.40937100e-01	1.07826500e+00	1.67807792e-01
3.41935000e-01	9.50579500e-01	6.84623499e+00
3.42932900e-01	8.84615300e-01	6.75300100e+00
3.43930800e-01	7.88272300e-01	6.67645205e+00
3.44928700e-01	8.55512400e-01	1.62956835e-01
3.45926600e-01	9.14104300e-01	1.61813430e-01
3.46924400e-01	5.58422800e-01	1.52736224e-01
3.47922300e-01	1.00157610e+00	6.84656590e+00
3.48920200e-01	9.94392900e-01	6.86046899e+00
3.49918100e-01	8.33583800e-01	6.73758138e+00
3.50916000e-01	7.79374000e-01	6.73415679e+00
3.51913900e-01	6.35152600e-01	1.54884150e-01
3.52911800e-01	6.53726800e-01	1.54662134e-01
3.53909600e-01	6.53122900e-01	1.54719248e-01
3.54907500e-01	7.10692000e-01	1.56441405e-01
3.55905400e-01	6.83263500e-01	1.54210586e-01
3.56903300e-01	7.36955100e-01	1.57646323e-01
3.57901200e-01	8.16202600e-01	1.57184036e-01
3.58899100e-01	8.32370400e-01	1.59075660e-01
3.59897000e-01	7.22930300e-01	1.55271900e-01
3.60894800e-01	8.17967200e-01	1.57647885e-01
3.61892700e-01	7.73782900e-01	1.57891398e-01
3.62890600e-01	6.09077200e-01	1.49924953e-01
3.63888500e-01	7.08103200e-01	1.54259992e-01
3.64886400e-01	7.26944700e-01	1.53891763e-01
3.65884300e-01	8.79564800e-01	1.57869152e-01
3.66882200e-01	6.67163700e-01	6.61856487e+00
3.67880000e-01	9.01668300e-01	6.75970836e+00
3.68877900e-01	7.35480100e-01	1.55026527e-01
3.69875800e-01	8.46215500e-01	1.55629734e-01
3.70873700e-01	9.56787200e-01	1.59572291e-01
3.71871600e-01	8.27865700e-01	1.56453037e-01
3.72869500e-01	9.13310700e-01	1.56863408e-01
3.73867400e-01	9.40404200e-01	1.59676404e-01
3.74865200e-01	7.13538400e-01	1.52473719e-01
3.75863100e-01	5.72541300e-01	6.55268068e+00
3.76861000e-01	8.99619000e-01	6.79370730e+00
3.77858900e-01	6.84068800e-01	6.64052983e+00
3.78856800e-01	8.37732400e-01	1.56624314e-01
3.79854700e-01	8.49148800e-01	1.52983261e-01
3.80852500e-01	5.46524500e-01	6.52829285e+00
3.81850400e-01	7.58990000e-01	6.68929284e+00
3.82848300e-01	6.49158800e-01	1.49817746e-01
3.83846200e-01	9.72038300e-01	6.76801867e+00
3.84844100e-01	6.30989000e-01	6.61372319e+00
3.85842000e-01	6.56025800e-01	1.49817166e-01
3.86839900e-01	6.45708400e-01	1.48556634e-01
3.87837700e-01	8.09930200e-01	1.52862572e-01
3.88835600e-01	1.12428290e+00	1.58972388e-01
3.89833500e-01	8.80990700e-01	3.94714970e+00
3.90831400e-01	8.02171400e-01	3.95418031e+00
3.91829300e-01	7.94132300e-01	1.50468529e-01
3.92827200e-01	7.63077800e-01	1.51153131e-01
3.93825100e-01	8.53990000e-01	1.50826626e-01
3.94822900e-01	4.03589100e-01	1.41629385e-01
3.95820800e-01	6.17155500e-01	1.47046120e-01
3.96818700e-01	6.46176500e-01	1.46405013e-01
3.97816600e-01	6.58861800e-01	1.47379179e-01
3.98814500e-01	8.24740500e-01	6.74442542e+00
3.99812400e-01	7.57180600e-01	6.71689545e+00
4.00810300e-01	6.51861700e-01	1.45605175e-01
4.01808100e-01	6.63475400e-01	1.47887682e-01
4.02806000e-01	6.18173300e-01	1.46387849e-01
4.03803900e-01	4.92282800e-01	1.42754060e-01
4.04801800e-01	4.56471300e-01	1.42874282e-01
4.05799700e-01	4.51496700e-01	6.51274913e+00
4.06797600e-01	9.43504100e-01	6.89006087e+00
4.07795500e-01	7.50991600e-01	6.70121811e+00
4.08793300e-01	1.00516920e+00	6.91128225e+00
4.09791200e-01	7.45282700e-01	1.47868106e-01
4.10789100e-01	8.26856700e-01	1.48296178e-01
4.11787000e-01	5.92026200e-01	1.44374210e-01
4.12784900e-01	1.09754980e+00	1.53839211e-01
4.13782800e-01	7.31373300e-01	1.46149939e-01
4.14780700e-01	6.94320100e-01	1.47761395e-01
4.15778500e-01	8.68598200e-01	1.47296671e-01
4.16776400e-01	8.05556400e-01	1.48091310e-01
4.17774300e-01	1.18554130e+00	6.98225869e+00
4.18772200e-01	8.81746400e-01	6.78103783e+00
4.19770100e-01	7.17202400e-01	6.70806668e+00
4.20768000e-01	8.45382800e-01	1.47362586e-01
4.21765800e-01	8.01759000e-01	1.47311997e-01
4.22763700e-01	8.26549300e-01	1.46518143e-01
4.23761600e-01	8.80919000e-01	3.96073714e+00
4.24759500e-01	7.46125800e-01	3.95956613e+00
4.25757400e-01	9.66868300e-01	3.97618097e+00
4.26755300e-01	7.29468900e-01	6.73869026e+00
4.27753200e-01	7.49071100e-01	6.71545271e+00
4.28751000e-01	6.78410500e-01	6.67895740e+00
4.29748900e-01	7.36251700e-01	6.74043974e+00
4.30746800e-01	8.40442800e-01	6.75515601e+00
4.31744700e-01	7.76880400e-01	1.44860163e-01
4.32742600e-01	9.66230100e-01	1.48676360e-01
4.33740500e-01	6.75531100e-01	1.42329099e-01
4.34738400e-01	8.18742300e-01	1.43903823e-01
4.35736200e-01	5.40637700e-01	1.39846590e-01
4.36734100e-01	5.62642900e-01	1.39757983e-01
4.37732000e-01	7.02732100e-01	1.42994080e-01
4.38729900e-01	7.64504300e-01	1.43988289e-01
4.39727800e-01	7.86869700e-01	1.42410408e-01
4.40725700e-01	6.42046500e-01	1.41321732e-01
4.41723600e-01	8.61778700e-01	1.44016171e-01
4.42721400e-01	6.45121500e-01	1.41097803e-01
4.43719300e-01	8.57651400e-01	1.44504706e-01
4.44717200e-01	8.56658700e-01	1.44358363e-01
4.45715100e-01	7.05931300e-01	6.68521840e+00
4.46713000e-01	9.49026300e-01	6.86089760e+00
4.47710900e-01	7.41435200e-01	1.42264477e-01
4.48708800e-01	6.73877200e-01	1.39982155e-01
4.49706600e-01	6.29065900e-01	1.38383237e-01
4.50704500e-01	6.13002200e-01	1.40459805e-01
4.51702400e-01	5.78837900e-01	1.36479236e-01
4.52700300e-01	6.04917700e-01	1.40477640e-01
4.53698200e-01	6.73212200e-01	6.66843094e+00
4.54696100e-01	1.05748160e+00	6.93314429e+00
4.55694000e-01	5.75845200e-01	6.61448748e+00
4.56691800e-01	4.84560600e-01	1.35389839e-01
4.57689700e-01	6.07161400e-01	1.38405839e-01
4.58687600e-01	4.59536000e-01	1.33608640e-01
4.59685500e-01	7.17668700e-01	1.39635418e-01
4.60683400e-01	7.45233600e-01	1.39516367e-01
4.61681300e-01	5.22741000e-01	1.36095925e-01
4.62679100e-01	6.95655400e-01	1.39066088e-01
4.63677000e-01	8.77956200e-01	1.41726823e-01
4.64674900e-01	5.61424700e-01	1.36631938e-01
4.65672800e-01	6.10256200e-01	1.36545328e-01
4.66670700e-01	4.83672100e-01	1.34999796e-01
4.67668600e-01	7.65719400e-01	1.39390464e-01
4.68666500e-01	5.92810200e-01	1.36302284e-01
4.69664300e-01	8.46919700e-01	1.43222137e-01
4.70662200e-01	9.60241300e-01	6.93629966e+00
4.71660100e-01	7.04953700e-01	6.75528371e+00
4.72658000e-01	9.20464500e-01	1.46667301e-01
4.73655900e-01	7.30155800e-01	1.44143184e-01
4.74653800e-01	8.73067700e-01	4.02477094e+00
4.75651700e-01	5.89544100e-01	4.04982429e+00
4.76649500e-01	9.03354100e-01	4.00574746e+00
4.77647400e-01	6.02645500e-01	1.42400649e-01
4.78645300e-01	7.18257000e-01	1.45938334e-01
4.79643200e-01	6.16976100e-01	1.43865828e-01
4.80641100e-01	5.67194200e-01	1.43409634e-01
4.81639000e-01	7.14837500e-01	6.79363984e+00
4.82636900e-01	8.55420900e-01	6.86474788e+00
4.83634700e-01	5.69677100e-01	6.69019406e+00
4.84632600e-01	7.08874000e-01	6.76156934e+00
4.85630500e-01	6.34884800e-01	1.48952912e-01
4.86628400e-01	5.58838800e-01	1.45353412e-01
4.87626300e-01	7.00949100e-01	1.49636404e-01
4.88624200e-01	4.75578300e-01	1.48437339e-01
4.89622100e-01	5.42313200e-01	1.49027850e-01
4.90619900e-01	8.06785700e-01	1.57730541e-01
4.91617800e-01	8.67040900e-01	1.60113994e-01
4.92615700e-01	9.06373700e-01	1.61746687e-01
4.93613600e-01	7.98651800e-01	1.61830197e-01
4.94611500e-01	6.43206100e-01	1.56555964e-01
4.95609400e-01	9.91788200e-01	1.66555478e-01
4.96607300e-01	8.66582800e-01	1.63096214e-01
4.97605100e-01	7.34735900e-01	1.61439209e-01
4.98603000e-01	6.66108700e-01	1.60177716e-01
4.99600900e-01	7.84324500e-01	1.62208905e-01
5.00598800e-01	5.15264200e-01	1.58939928e-01
5.01596700e-01	9.32283300e-01	1.68771401e-01
5.02594600e-01	4.12537100e-01	1.56435787e-01
5.03592400e-01	6.79794900e-01	1.61533200e-01
5.04590300e-01	4.56104200e-01	1.59703939e-01
5.05588200e-01	5.22408600e-01	1.60769334e-01
5.06586100e-01	6.00025500e-01	1.63239561e-01
5.07584000e-01	4.14051100e-01	1.59535671e-01
5.08581900e-01	7.46667700e-01	6.88030742e+00
5.09579800e-01	6.08708300e-01	6.78977400e+00
5.10577600e-01	9.56103000e-01	7.01527534e+00
5.11575500e-01	6.53623800e-01	6.84671912e+00
5.12573400e-01	7.46060800e-01	6.90756873e+00
5.13571300e-01	4.71600700e-01	6.70862872e+00
5.14569200e-01	6.81274700e-01	6.81280488e+00
5.15567100e-01	8.31338300e-01	6.97825993e+00
5.16565000e-01	6.06224200e-01	6.77680403e+00
5.17562800e-01	1.06627210e+00	7.09573523e+00
5.18560700e-01	4.92766400e-01	6.77153659e+00
5.19558600e-01	9.25580600e-01	7.01126940e+00
5.20556500e-01	8.47136200e-01	6.93395303e+00
5.21554400e-01	9.17084000e-01	6.99702374e+00
5.22552300e-01	8.50994100e-01	6.98430735e+00
5.23550200e-01	7.16272500e-01	6.90684848e+00
5.24548000e-01	6.56667600e-01	6.87935629e+00
5.25545900e-01	5.44294700e-01	6.74653406e+00
5.26543800e-01	5.71352800e-01	6.75808456e+00
5.27541700e-01	8.95281400e-01	7.04505889e+00
5.28539600e-01	7.64410300e-01	6.94439079e+00
5.29537500e-01	9.17669600e-01	7.05807924e+00
5.30535400e-01	9.39037700e-01	7.03295219e+00
5.31533200e-01	7.31681600e-01	6.92365831e+00
5.32531100e-01	8.14212500e-01	6.98692012e+00
5.33529000e-01	5.69580700e-01	6.80801217e+00
5.34526900e-01	7.73252900e-01	6.93124337e+00
5.35524800e-01	4.99708800e-01	6.76707846e+00
5.36522700e-01	4.30339800e-01	6.70480902e+00
5.37520500e-01	8.27077900e-01	7.00692575e+00
5.38518400e-01	7.69069200e-01	6.96388995e+00
5.39516300e-01	6.47405000e-01	6.92943172e+00
5.40514200e-01	7.40602600e-01	6.94205340e+00
5.41512100e-01	5.00316400e-01	6.81309935e+00
5.42510000e-01	6.30684100e-01	6.88432569e+00
5.43507900e-01	1.00378020e+00	7.08441940e+00
5.44505700e-01	6.03959800e-01	6.83974029e+00
5.45503600e-01	8.35814400e-01	7.01762752e+00
5.46501500e-01	9.50795500e-01	7.11368776e+00
5.47499400e-01	4.87992400e-01	6.82706767e+00
5.48497300e-01	9.09585900e-01	7.07962807e+00
5.49495200e-01	8.51710100e-01	7.04939796e+00
5.50493100e-01	6.61581900e-01	6.92779168e+00
5.51490900e-01	7.37836600e-01	6.97838268e+00
5.52488800e-01	1.02993340e+00	7.16100515e+00
5.53486700e-01	5.26153600e-01	6.83698970e+00
5.54484600e-01	1.00454510e+00	7.19326649e+00
5.55482500e-01	7.54194300e-01	7.01350306e+00
5.56480400e-01	7.34739300e-01	6.97521827e+00
5.57478300e-01	8.19892800e-01	7.05053622e+00
5.58476100e-01	8.22747000e-01	7.05640587e+00
5.59474000e-01	7.16165500e-01	6.95289052e+00
5.60471900e-01	6.87319900e-01	6.95594437e+00
5.61469800e-01	9.78984800e-01	7.17373763e+00
5.62467700e-01	6.94282800e-01	7.02245142e+00
5.63465600e-01	9.31227800e-01	7.13924128e+00
5.64463500e-01	6.65055600e-01	6.97509418e+00
5.65461300e-01	8.71213600e-01	7.11435605e+00
5.66459200e-01	8.69278000e-01	7.12220689e+00
5.67457100e-01	4.00164900e-01	6.81544810e+00
5.68455000e-01	4.82988000e-01	6.87363672e+00
5.69452900e-01	8.25990900e-01	7.06280931e+00
5.70450800e-01	6.44715000e-01	6.95071953e+00
5.71448700e-01	7.82736100e-01	7.07563795e+00
5.72446500e-01	8.87385200e-01	7.12702178e+00
5.73444400e-01	7.22519900e-01	7.05433211e+00
5.74442300e-01	7.97283000e-01	7.08253833e+00
5.75440200e-01	1.04100390e+00	7.24118759e+00
5.76438100e-01	9.12902700e-01	7.16508119e+00
5.77436000e-01	6.87210900e-01	7.05064808e+00
5.78433800e-01	8.23176500e-01	7.12828141e+00
5.79431700e-01	9.74299200e-01	7.19302889e+00
5.80429600e-01	5.72968600e-01	6.99809625e+00
5.81427500e-01	8.38090200e-01	7.14490847e+00
5.82425400e-01	7.13612300e-01	7.04078203e+00
5.83423300e-01	1.03028920e+00	7.24190291e+00
5.84421200e-01	7.43352000e-01	7.07041678e+00
5.85419000e-01	4.69546400e-01	6.94632212e+00
5.86416900e-01	1.04302210e+00	7.25342731e+00
5.87414800e-01	6.54470000e-01	7.05522135e+00
5.88412700e-01	7.79445800e-01	7.11918231e+00
5.89410600e-01	9.41927400e-01	7.22829199e+00
5.90408500e-01	8.15816800e-01	7.18271102e+00
5.91406400e-01	9.21316600e-01	7.26859089e+00
5.92404200e-01	4.90254800e-01	6.93800087e+00
5.93402100e-01	9.56754600e-01	7.24179567e+00
5.94400000e-01	6.07703500e-01	7.03443597e+00
5.95397900e-01	5.84874800e-01	7.07155119e+00
5.96395800e-01	1.02379630e+00	7.29457616e+00
5.97393700e-01	7.50795800e-01	7.15317091e+00
5.98391600e-01	7.74225100e-01	7.14873540e+00
5.99389400e-01	7.16257400e-01	7.12457659e+00
6.00387300e-01	9.05315900e-01	7.27953341e+00
6.01385200e-01	7.25759600e-01	7.16590932e+00
6.02383100e-01	9.90334200e-01	7.25213455e+00
6.03381000e-01	7.40975000e-01	7.18384522e+00
6.04378900e-01	6.87271900e-01	7.14252045e+00
6.05376800e-01	9.98983400e-01	7.34724967e+00
6.06374600e-01	6.81066200e-01	7.12526737e+00
6.07372500e-01	8.41924500e-01	7.24708655e+00
6.08370400e-01	8.87614700e-01	7.23348592e+00
6.09368300e-01	8.49857900e-01	7.23472496e+00
6.10366200e-01	5.11663700e-01	6.99840580e+00
6.11364100e-01	1.04483000e+00	7.35763983e+00
6.12362000e-01	6.49486900e-01	7.11885379e+00
6.13359800e-01	6.41935700e-01	7.13017263e+00
6.14357700e-01	6.81351100e-01	7.18571291e+00
6.15355600e-01	1.18913230e+00	7.43838586e+00
6.16353500e-01	9.97525400e-01	7.30800958e+00
6.17351400e-01	5.57664400e-01	7.12264277e+00
6.18349300e-01	5.43679000e-01	7.10822692e+00
6.19347100e-01	9.44897800e-01	7.35877802e+00
6.20345000e-01	5.34456300e-01	7.09125084e+00
6.21342900e-01	9.66716300e-01	7.37755391e+00
6.22340800e-01	6.78200300e-01	7.21768958e+00
6.23338700e-01	8.05024200e-01	7.25359084e+00
6.24336600e-01	4.84918900e-01	7.09065556e+00
6.25334500e-01	8.61821500e-01	7.31550374e+00
6.26332300e-01	1.09047860e+00	7.44048476e+00
6.27330200e-01	1.18403710e+00	7.50317343e+00
6.28328100e-01	9.22138600e-01	7.32998147e+00
6.29326000e-01	1.11487650e+00	7.45262873e+00
6.30323900e-01	1.22475830e+00	7.52255756e+00
6.31321800e-01	1.28301150e+00	7.58305270e+00
6.32319700e-01	9.21486100e-01	7.38595918e+00
6.33317500e-01	7.41051300e-01	7.26688373e+00
6.34315400e-01	9.11389400e-01	7.32645839e+00
6.35313300e-01	9.82980000e-01	7.42415328e+00
6.36311200e-01	8.74904900e-01	7.33196672e+00
6.37309100e-01	1.00654620e+00	7.47516329e+00
6.38307000e-01	7.05485400e-01	7.20541722e+00
6.39304900e-01	2.34267700e-01	6.98382890e+00
6.40302700e-01	1.00673790e+00	7.42672664e+00
6.41300600e-01	7.45490600e-01	7.32329366e+00
6.42298500e-01	8.36153100e-01	7.33761763e+00
6.43296400e-01	8.00869400e-01	7.32644659e+00
6.44294300e-01	8.38349000e-01	7.37717988e+00
6.45292200e-01	7.63746700e-01	7.31831604e+00
6.46290100e-01	9.66067600e-01	7.42585004e+00
6.47287900e-01	1.01727490e+00	7.48254412e+00
6.48285800e-01	8.42047800e-01	7.43046857e+00
6.49283700e-01	9.52871200e-01	7.45801879e+00
6.50281600e-01	1.06597440e+00	7.54526468e+00
6.51279500e-01	1.03963230e+00	7.50643413e+00
6.52277400e-01	8.14273100e-01	7.38829257e+00
6.53275300e-01	9.48039400e-01	7.48905679e+00
6.54273100e-01	9.03977000e-01	7.44590542e+00
6.55271000e-01	1.12703750e+00	7.55424291e+00
6.56268900e-01	1.27227110e+00	7.70172721e+00
6.57266800e-01	8.18966600e-01	7.42661238e+00
6.58264700e-01	1.01729320e+00	7.50801590e+00
6.59262600e-01	5.75270800e-01	7.27116683e+00
6.60260400e-01	8.79104100e-01	7.43727272e+00
6.61258300e-01	6.71710600e-01	7.33946329e+00
6.62256200e-01	1.02016780e+00	7.54367954e+00
6.63254100e-01	8.80012100e-01	7.48299133e+00
6.64252000e-01	1.07237910e+00	7.59471948e+00
6.65249900e-01	9.22643200e-01	7.50825130e+00
6.66247800e-01	8.73101000e-01	7.47354977e+00
6.67245600e-01	7.26998200e-01	7.40103910e+00
6.68243500e-01	7.75072800e-01	7.37386438e+00
6.69241400e-01	9.23842400e-01	7.49977791e+00
6.70239300e-01	8.79468700e-01	7.47897461e+00
6.71237200e-01	1.20906650e+00	7.64827326e+00
6.72235100e-01	8.89875000e-01	7.53769060e+00
6.73233000e-01	1.10086200e+00	7.61049888e+00
6.74230800e-01	9.13790900e-01	7.53213958e+00
6.75228700e-01	1.01407780e+00	7.62405621e+00
6.76226600e-01	6.50047800e-01	7.33159015e+00
6.77224500e-01	7.59378200e-01	7.43645879e+00
6.78222400e-01	7.83367100e-01	7.51053758e+00
6.79220300e-01	1.28506220e+00	7.75808024e+00
6.80218200e-01	8.51289900e-01	7.51543753e+00
6.81216000e-01	9.94622300e-01	7.60261851e+00
6.82213900e-01	8.39807500e-01	7.46638327e+00
6.83211800e-01	9.67494000e-01	7.52798963e+00
6.84209700e-01	9.28197400e-01	7.52985052e+00
6.85207600e-01	4.91744800e-01	7.30438199e+00
6.86205500e-01	7.42822500e-01	7.44367447e+00
6.87203400e-01	7.56289600e-01	7.46949061e+00
6.88201200e-01	7.85528200e-01	7.54827233e+00
6.89199100e-01	5.24865700e-01	7.33642153e+00
6.90197000e-01	7.30523900e-01	7.52064321e+00
6.91194900e-01	8.92169800e-01	7.57190406e+00
6.92192800e-01	5.95263800e-01	7.40588588e+00
6.93190700e-01	1.08883590e+00	7.66958236e+00
6.94188600e-01	1.19592570e+00	7.77242045e+00
6.95186400e-01	8.23042500e-01	7.56386008e+00
6.96184300e-01	1.02523150e+00	7.68471594e+00
6.97182200e-01	7.55400000e-01	7.55982029e+00
6.98180100e-01	6.03539700e-01	7.42418383e+00
6.99178000e-01	7.40938900e-01	7.49596063e+00
7.00175900e-01	7.83287400e-01	7.52945425e+00
7.01173700e-01	5.25897400e-01	7.37263087e+00
7.02171600e-01	6.55089900e-01	7.44004409e+00
7.03169500e-01	7.96470800e-01	7.56948582e+00
7.04167400e-01	5.32677000e-01	7.39053510e+00
7.05165300e-01	5.87722100e-01	7.44206912e+00
7.06163200e-01	7.48534100e-01	7.52298760e+00
7.07161100e-01	1.07214200e+00	7.73488996e+00
7.08158900e-01	9.32998900e-01	7.67206076e+00
7.09156800e-01	8.31412700e-01	7.61085761e+00
7.10154700e-01	7.86994300e-01	7.56424343e+00
7.11152600e-01	7.06300300e-01	7.52617531e+00
7.12150500e-01	7.28312600e-01	7.56852674e+00
7.13148400e-01	6.10223900e-01	7.48635176e+00
7.14146300e-01	8.56742200e-01	7.59243064e+00
7.15144100e-01	7.97195500e-01	7.59081842e+00
7.16142000e-01	9.95985400e-01	7.72763784e+00
7.17139900e-01	1.00657720e+00	7.68077220e+00
7.18137800e-01	8.17424600e-01	7.62039103e+00
7.19135700e-01	1.06721650e+00	7.77960238e+00
7.20133600e-01	9.14353700e-01	7.70908668e+00
7.21131500e-01	9.43056300e-01	7.72119515e+00
7.22129300e-01	7.08738900e-01	7.57376826e+00
7.23127200e-01	8.37004800e-01	7.60774037e+00
7.24125100e-01	7.99622700e-01	7.63738409e+00
7.25123000e-01	6.59755500e-01	7.55467181e+00
7.26120900e-01	1.14216590e+00	7.80526199e+00
7.27118800e-01	9.55120200e-01	7.71030701e+00
7.28116700e-01	8.20542200e-01	7.66773514e+00
7.29114500e-01	1.01882360e+00	7.78466708e+00
7.30112400e-01	5.01640700e-01	7.46524760e+00
7.31110300e-01	7.35489800e-01	7.65468811e+00
7.32108200e-01	7.31880500e-01	7.64792039e+00
7.33106100e-01	9.32902300e-01	7.77154007e+00
7.34104000e-01	8.29222300e-01	7.70009540e+00
7.35101900e-01	1.20270880e+00	7.86967732e+00
7.36099700e-01	6.16678100e-01	7.58352283e+00
7.37097600e-01	6.15721300e-01	7.58472173e+00
7.38095500e-01	7.58552200e-01	7.70301280e+00
7.39093400e-01	8.83770500e-01	1.84177230e-01
7.40091300e-01	8.46649200e-01	1.82819540e-01
7.41089200e-01	1.06174820e+00	1.87202198e-01
7.42087000e-01	7.24295000e-01	1.81911683e-01
7.43084900e-01	1.01885410e+00	1.85010411e-01
7.44082800e-01	5.33331300e-01	1.78819899e-01
7.45080700e-01	9.79559500e-01	1.84983884e-01
7.46078600e-01	8.38270700e-01	7.77860263e+00
7.47076500e-01	5.57641800e-01	7.58544314e+00
7.48074400e-01	9.17132900e-01	1.87119005e-01
7.49072200e-01	8.56806600e-01	1.84676421e-01
7.50070100e-01	8.25693000e-01	1.82391655e-01
7.51068000e-01	9.16959500e-01	1.86046119e-01
7.52065900e-01	7.83274900e-01	7.73740350e+00
7.53063800e-01	7.13564600e-01	7.70011079e+00
7.54061700e-01	9.82027800e-01	7.86115753e+00
7.55059600e-01	7.00500400e-01	7.70024125e+00
7.56057400e-01	6.64865400e-01	7.66270765e+00
7.57055300e-01	1.10540620e+00	7.88569628e+00
7.58053200e-01	7.86582700e-01	7.80631213e+00
7.59051100e-01	1.23324560e+00	8.02926509e+00
7.60049000e-01	6.80253600e-01	7.73898944e+00
7.61046900e-01	9.37619300e-01	7.87674773e+00
7.62044800e-01	6.95816400e-01	7.78907679e+00
7.63042600e-01	7.75826500e-01	7.78934360e+00
7.64040500e-01	7.26160300e-01	7.74499741e+00
7.65038400e-01	6.92561200e-01	1.82037347e-01
7.66036300e-01	8.47943100e-01	7.86991650e+00
7.67034200e-01	1.26468310e+00	8.06956827e+00
7.68032100e-01	7.19945300e-01	1.83838023e-01
7.69030000e-01	3.85575800e-01	1.77312819e-01
7.70027800e-01	8.65257300e-01	1.84724022e-01
7.71025700e-01	7.30568400e-01	1.84318483e-01
7.72023600e-01	5.91720900e-01	7.71187090e+00
7.73021500e-01	8.79074900e-01	7.83927088e+00
7.74019400e-01	7.57168300e-01	1.83925712e-01
7.75017300e-01	1.08156930e+00	1.91815285e-01
7.76015100e-01	9.26063600e-01	1.90573353e-01
7.77013000e-01	7.24062700e-01	1.85270500e-01
7.78010900e-01	9.69990000e-01	1.88537981e-01
7.79008800e-01	9.43129500e-01	1.89213785e-01
7.80006700e-01	7.35227100e-01	1.86620404e-01
7.81004600e-01	6.90226700e-01	1.84477878e-01
7.82002500e-01	8.19791700e-01	1.87283740e-01
7.83000300e-01	7.82338800e-01	1.86793323e-01
7.83998200e-01	6.91195900e-01	7.79011158e+00
7.84996100e-01	7.98113600e-01	7.81886935e+00
7.85994000e-01	5.24502900e-01	1.83363455e-01
7.86991900e-01	9.95109200e-01	1.91576666e-01
7.87989800e-01	1.03935750e+00	1.92243361e-01
7.88987700e-01	7.07728800e-01	1.85923903e-01
7.89985500e-01	9.47278200e-01	7.98541178e+00
7.90983400e-01	7.76069700e-01	7.88139054e+00
7.91981300e-01	6.92736300e-01	1.84265424e-01
7.92979200e-01	1.06440990e+00	1.95263616e-01
7.93977100e-01	7.54672400e-01	1.86791405e-01
7.94975000e-01	1.03778040e+00	1.91311247e-01
7.95972900e-01	4.12112100e-01	7.71529119e+00
7.96970700e-01	1.15073370e+00	8.09980364e+00
7.97968600e-01	9.92145100e-01	8.04317574e+00
7.98966500e-01	9.83478800e-01	1.93152235e-01
7.99964400e-01	8.88078000e-01	1.88595820e-01
8.00962300e-01	1.10272320e+00	1.95627739e-01
8.01960200e-01	9.92639800e-01	1.92112586e-01
8.02958100e-01	8.73447000e-01	1.90242728e-01
8.03955900e-01	9.71512800e-01	1.92417133e-01
8.04953800e-01	1.13384470e+00	1.94334615e-01
8.05951700e-01	1.20459540e+00	1.98633031e-01
8.06949600e-01	1.25514060e+00	1.98117997e-01
8.07947500e-01	9.13887300e-01	1.91317821e-01
8.08945400e-01	9.17365500e-01	1.93533138e-01
8.09943300e-01	6.91306000e-01	1.87141872e-01
8.10941100e-01	9.61401500e-01	1.94312363e-01
8.11939000e-01	8.53620900e-01	1.91208404e-01
8.12936900e-01	5.87955100e-01	7.88388329e+00
8.13934800e-01	9.95219000e-01	8.11038645e+00
8.14932700e-01	6.42185700e-01	1.86058814e-01
8.15930600e-01	6.94523900e-01	1.89167709e-01
8.16928400e-01	8.14737700e-01	1.90237388e-01
8.17926300e-01	8.24004600e-01	1.90747069e-01
8.18924200e-01	6.09202200e-01	1.86402026e-01
8.19922100e-01	7.51591600e-01	1.91497316e-01
8.20920000e-01	5.01299900e-01	1.84056342e-01
8.21917900e-01	5.29253700e-01	1.84912063e-01
8.22915800e-01	8.00054400e-01	1.90772146e-01
8.23913600e-01	8.06109900e-01	1.92115188e-01
8.24911500e-01	6.56538500e-01	1.86206320e-01
8.25909400e-01	7.12873100e-01	1.89297139e-01
8.26907300e-01	9.96032200e-01	1.94235641e-01
8.27905200e-01	6.33054000e-01	1.88849839e-01
8.28903100e-01	4.48304000e-01	7.81312267e+00
8.29901000e-01	6.83864700e-01	7.98733779e+00
8.30898800e-01	1.13581410e+00	1.98845016e-01
8.31896700e-01	5.98211900e-01	1.86206143e-01
8.32894600e-01	6.98983200e-01	1.89141597e-01
8.33892500e-01	8.67257100e-01	1.93429964e-01
8.34890400e-01	9.34096900e-01	1.94081981e-01
8.35888300e-01	8.80243800e-01	1.94090007e-01
8.36886200e-01	9.31245200e-01	1.95279104e-01
8.37884000e-01	1.00953990e+00	8.17406009e+00
8.38881900e-01	8.70114500e-01	8.09600971e+00
8.39879800e-01	1.00508300e+00	8.17416881e+00
8.40877700e-01	1.27234050e+00	8.29522139e+00
8.41875600e-01	1.25364610e+00	8.30307634e+00
8.42873500e-01	9.61272600e-01	8.17942654e+00
8.43871400e-01	9.86590100e-01	8.16738124e+00
8.44869200e-01	1.17178290e+00	1.98796882e-01
8.45867100e-01	8.61513300e-01	1.93670871e-01
8.46865000e-01	1.10411240e+00	2.00282103e-01
8.47862900e-01	1.16130990e+00	8.27279078e+00
8.48860800e-01	8.70930000e-01	8.07852847e+00
8.49858700e-01	7.66934600e-01	8.09591085e+00
8.50856600e-01	1.12503030e+00	8.29113544e+00
8.51854400e-01	9.76615300e-01	8.21122853e+00
8.52852300e-01	8.33450200e-01	8.11495517e+00
8.53850200e-01	9.91101200e-01	8.19636107e+00
8.54848100e-01	9.60091500e-01	8.21971448e+00
8.55846000e-01	8.85086100e-01	8.17002347e+00
8.56843900e-01	9.56952800e-01	8.22032941e+00
8.57841700e-01	8.36100600e-01	1.93169773e-01
8.58839600e-01	1.05221860e+00	1.99306581e-01
8.59837500e-01	1.01033160e+00	8.24038849e+00
8.60835400e-01	7.16364600e-01	8.13523624e+00
8.61833300e-01	8.59166200e-01	1.92819664e-01
8.62831200e-01	8.31123300e-01	1.95977192e-01
8.63829100e-01	5.80644700e-01	1.90909914e-01
8.64826900e-01	6.22870800e-01	1.89895115e-01
8.65824800e-01	7.62758800e-01	1.93406625e-01
8.66822700e-01	9.00244000e-01	1.99053085e-01
8.67820600e-01	9.22240400e-01	1.96886537e-01
8.68818500e-01	7.42585800e-01	1.92088978e-01
8.69816400e-01	8.86468600e-01	1.97460701e-01
8.70814300e-01	9.10701900e-01	1.97695222e-01
8.71812100e-01	9.36584700e-01	1.98438277e-01
8.72810000e-01	4.31946900e-01	1.88122196e-01
8.73807900e-01	8.22320000e-01	8.23323363e+00
8.74805800e-01	9.15663600e-01	8.24595331e+00
8.75803700e-01	9.14342100e-01	1.96822150e-01
8.76801600e-01	9.77578000e-01	1.98397787e-01
8.77799500e-01	7.57708800e-01	1.94560642e-01
8.78797300e-01	7.19695700e-01	1.95966825e-01
8.79795200e-01	6.75217100e-01	1.93208944e-01
8.80793100e-01	1.24654790e+00	8.46024180e+00
8.81791000e-01	1.01784890e+00	8.34800823e+00
8.82788900e-01	1.08197400e+00	8.38916903e+00
8.83786800e-01	9.80505500e-01	8.33622261e+00
8.84784700e-01	1.25151550e+00	2.04629913e-01
8.85782500e-01	1.18718550e+00	8.45069570e+00
8.86780400e-01	9.13025500e-01	8.29942630e+00
8.87778300e-01	1.18722900e+00	8.47087342e+00
8.88776200e-01	1.35016460e+00	8.51680056e+00
8.89774100e-01	8.65648000e-01	1.97386650e-01
8.90772000e-01	8.96631900e-01	1.97278567e-01
8.91769900e-01	1.06312140e+00	2.01101950e-01
8.92767700e-01	7.78856300e-01	1.95730590e-01
8.93765600e-01	9.63784100e-01	2.00577287e-01
8.94763500e-01	6.41184900e-01	8.18304563e+00
8.95761400e-01	1.03940610e+00	8.36278096e+00
8.96759300e-01	8.27647300e-01	1.95971261e-01
8.97757200e-01	6.65387900e-01	1.95906968e-01
8.98755000e-01	8.49834800e-01	1.97359192e-01
8.99752900e-01	8.21598700e-01	1.96316699e-01
9.00750800e-01	6.73469500e-01	1.95635382e-01
9.01748700e-01	1.12918970e+00	2.04437493e-01
9.02746600e-01	1.13221780e+00	2.02690451e-01
9.03744500e-01	8.44989800e-01	1.97464614e-01
9.04742400e-01	7.72415000e-01	1.99903338e-01
9.05740200e-01	9.01151100e-01	8.33079887e+00
9.06738100e-01	8.32447200e-01	8.36391341e+00
9.07736000e-01	7.53207200e-01	1.98070069e-01
9.08733900e-01	6.89357800e-01	1.95328117e-01
9.09731800e-01	8.98116200e-01	2.01117929e-01
9.10729700e-01	8.29665300e-01	2.01179173e-01
9.11727600e-01	1.16267530e+00	2.05476489e-01
9.12725400e-01	6.63463700e-01	1.94826725e-01
9.13723300e-01	1.26309640e+00	2.08873858e-01
9.14721200e-01	7.43889000e-01	1.96751245e-01
9.15719100e-01	1.23507660e+00	2.06363020e-01
9.16717000e-01	7.09848200e-01	1.96983190e-01
9.17714900e-01	6.69036400e-01	1.96301051e-01
9.18712800e-01	1.24236810e+00	2.06104893e-01
9.19710600e-01	1.33498490e+00	8.56343301e+00
9.20708500e-01	8.86991000e-01	8.40278879e+00
9.21706400e-01	7.75647900e-01	8.32153451e+00
9.22704300e-01	8.36996300e-01	2.00469726e-01
9.23702200e-01	1.34159820e+00	2.10567987e-01
9.24700100e-01	6.60707700e-01	1.95068332e-01
9.25698000e-01	1.26072290e+00	2.09322781e-01
9.26695800e-01	7.12224200e-01	1.98970884e-01
9.27693700e-01	8.70882100e-01	2.00181907e-01
9.28691600e-01	9.56560200e-01	8.43051607e+00
9.29689500e-01	8.31986100e-01	8.41484810e+00
9.30687400e-01	8.34387400e-01	8.40291683e+00
9.31685300e-01	9.19234300e-01	8.49374127e+00
9.32683200e-01	9.73572900e-01	2.05479339e-01
9.33681000e-01	7.29341600e-01	1.98137864e-01
9.34678900e-01	7.73897800e-01	2.00241948e-01
9.35676800e-01	1.02822760e+00	2.05315921e-01
9.36674700e-01	1.08393640e+00	2.06455395e-01
9.37672600e-01	1.49297950e+00	2.13911927e-01
9.38670500e-01	9.69511200e-01	8.49507066e+00
9.39668300e-01	9.59384400e-01	8.50095907e+00
9.40666200e-01	8.94171600e-01	2.03250154e-01
9.41664100e-01	6.43211600e-01	1.96889613e-01
9.42662000e-01	7.86752100e-01	2.00005568e-01
9.43659900e-01	9.13110400e-01	2.02375002e-01
9.44657800e-01	7.56007300e-01	1.99714479e-01
9.45655700e-01	5.73460800e-01	1.96347370e-01
9.46653500e-01	1.27023230e+00	2.09415354e-01
9.47651400e-01	1.21412620e+00	2.10591484e-01
9.48649300e-01	1.07974040e+00	2.08140780e-01
9.49647200e-01	1.28635250e+00	2.09804809e-01
9.50645100e-01	7.41376100e-01	2.01197827e-01
9.51643000e-01	9.24926300e-01	2.05118003e-01
9.52640900e-01	1.07540530e+00	2.06140567e-01
9.53638700e-01	1.01362600e+00	2.08948421e-01
9.54636600e-01	8.32200700e-01	2.02875032e-01
9.55634500e-01	1.29575970e+00	2.11421555e-01
9.56632400e-01	1.10713420e+00	2.10124313e-01
9.57630300e-01	1.07374890e+00	2.07700282e-01
9.58628200e-01	8.91227500e-01	2.02594603e-01
9.59626100e-01	1.00698970e+00	8.57150578e+00
9.60623900e-01	9.30423500e-01	8.55141058e+00
9.61621800e-01	1.42404860e+00	8.78986369e+00
9.62619700e-01	1.09263620e+00	2.09163413e-01
9.63617600e-01	8.93744600e-01	2.06642188e-01
9.64615500e-01	6.29065600e-01	1.97924853e-01
9.65613400e-01	1.00915860e+00	2.07308878e-01
9.66611300e-01	9.81966700e-01	2.07580774e-01
9.67609100e-01	9.24220200e-01	2.02623588e-01
9.68607000e-01	8.91403300e-01	2.05768060e-01
9.69604900e-01	9.05971900e-01	2.05986358e-01
9.70602800e-01	8.32259100e-01	2.03310063e-01
9.71600700e-01	7.96427700e-01	2.04041155e-01
9.72598600e-01	1.03576300e+00	2.09061285e-01
9.73596400e-01	8.46049500e-01	8.57788830e+00
9.74594300e-01	1.18115780e+00	8.73733684e+00
9.75592200e-01	1.29949080e+00	8.77657518e+00
9.76590100e-01	7.05286500e-01	2.01511219e-01
9.77588000e-01	8.81112200e-01	8.61950237e+00
9.78585900e-01	1.18600870e+00	8.76549095e+00
9.79583800e-01	1.05738180e+00	2.07871082e-01
9.80581600e-01	8.57042900e-01	2.07689458e-01
9.81579500e-01	5.44692300e-01	1.98670535e-01
9.82577400e-01	8.03014100e-01	2.04923348e-01
9.83575300e-01	1.35185950e+00	2.15054699e-01
9.84573200e-01	5.50175800e-01	2.00869102e-01
9.85571100e-01	1.02602920e+00	2.07430403e-01
9.86569000e-01	8.31014300e-01	2.05732318e-01
9.87566800e-01	7.21804200e-01	2.05533984e-01
9.88564700e-01	1.06367420e+00	2.07673528e-01
9.89562600e-01	8.02809300e-01	2.06419892e-01
9.90560500e-01	1.25880160e+00	2.13662480e-01
9.91558400e-01	1.00430650e+00	2.06679361e-01
9.92556300e-01	9.70766900e-01	2.10644905e-01
9.93554200e-01	6.88331100e-01	2.05476952e-01
9.94552000e-01	5.51840900e-01	1.98996192e-01
9.95549900e-01	7.37176200e-01	2.04755395e-01
9.96547800e-01	1.17225040e+00	2.14537688e-01
9.97545700e-01	1.27370200e+00	8.87857243e+00
9.98543600e-01	8.92673300e-01	8.69688614e+00
9.99541500e-01	9.60540800e-01	8.73532403e+00
1.00053900e+00	6.72415400e-01	2.04716753e-01
1.00153700e+00	7.51854100e-01	8.65930802e+00
1.00253500e+00	1.33730400e+00	8.99751199e+00
1.00353300e+00	9.25732000e-01	8.78306898e+00
1.00453100e+00	1.30804570e+00	8.91341351e+00
1.00552900e+00	1.09269600e+00	8.91868490e+00
1.00652700e+00	9.68262000e-01	2.12327976e-01
1.00752500e+00	9.36253900e-01	2.20277287e-01
1.00852200e+00	1.14860630e+00	2.29065098e-01
1.00952000e+00	8.92887100e-01	8.79487440e+00
1.01051800e+00	6.04163900e-01	2.24724148e-01
1.01151600e+00	6.56763700e-01	2.26163719e-01
1.01251400e+00	1.40803690e+00	9.03371712e+00
1.01351200e+00	1.14415890e+00	8.89097798e+00
1.01451000e+00	1.24509300e+00	2.47801571e-01
1.01550800e+00	6.76516500e-01	2.41030075e-01
1.01650600e+00	8.50077400e-01	2.46003156e-01
1.01750300e+00	8.17267200e-01	2.45334100e-01
1.01850100e+00	9.81741200e-01	2.55794811e-01
1.01949900e+00	1.23124890e+00	2.62796492e-01
1.00000000e+02	0.00000000e+00	0.00000000e+00
