q[A-1]	I(q)[sr-1]_nmA(Lyso_Lyso_4_frames_005_350_sub.dat_00001_[sub(Lyso_Lyso_4_frames_005_350.dat_00001_[</fileinfo>]-Lyso_Buffer_2_000_350_mult.dat_00001_[mult(Lyso_Buffer_2_000_350.dat_00001_[</fileinfo>]*0.7000)])])	error
0.00000000e+00	-2.44999930e+02	0.00000000e+00
0.00000000e+00	1.04999970e+02	0.00000000e+00
2.26117100e-02	2.60371960e+01	5.54670432e+00
2.36095900e-02	1.72768280e+01	3.93769456e+00
2.46074800e-02	2.51842360e+01	2.75160059e+00
2.56053600e-02	2.18017010e+01	2.25305978e+00
2.66032500e-02	1.92597565e+01	1.90533863e+00
2.76011300e-02	1.76022488e+01	1.60352849e+00
2.85990200e-02	1.76382915e+01	1.44385381e+00
2.95969000e-02	1.76280408e+01	1.31123788e+00
3.05947900e-02	1.89759184e+01	1.24369865e+00
3.15926800e-02	1.64940965e+01	1.16103234e+00
3.25905600e-02	1.60684648e+01	1.11524471e+00
3.35884500e-02	1.93662537e+01	1.14695355e+00
3.45863300e-02	1.86577559e+01	1.13341743e+00
3.55842200e-02	1.80004272e+01	1.07283302e+00
3.65821000e-02	1.93167966e+01	1.09655462e+00
3.75799900e-02	1.74071727e+01	1.02614251e+00
3.85778700e-02	1.59566800e+01	9.55265542e-01
3.95757600e-02	1.82717877e+01	1.00675123e+00
4.05736400e-02	1.66019925e+01	9.38445295e-01
4.15715300e-02	1.56549732e+01	9.31945381e-01
4.25694100e-02	1.82012475e+01	1.47808258e+01
4.35673000e-02	1.87468038e+01	1.49181770e+01
4.45651900e-02	1.70956690e+01	1.43791723e+01
4.55630700e-02	1.68609757e+01	8.81265275e-01
4.65609600e-02	1.78571143e+01	1.45868153e+01
4.75588400e-02	1.68922600e+01	1.42425381e+01
4.85567300e-02	1.65178207e+01	1.41255799e+01
4.95546100e-02	1.59351088e+01	1.39452153e+01
5.05525000e-02	1.65590045e+01	8.35896541e-01
5.15503800e-02	1.66904950e+01	8.33087404e-01
5.25482700e-02	1.49169592e+01	7.94367410e-01
5.35461500e-02	1.69749071e+01	8.28794154e-01
5.45440400e-02	1.71229883e+01	8.29157948e-01
5.55419200e-02	1.62001147e+01	7.91889787e-01
5.65398100e-02	1.68285182e+01	8.28350421e-01
5.75376900e-02	1.57381527e+01	7.79000949e-01
5.85355800e-02	1.53685344e+01	7.80381507e-01
5.95334700e-02	1.48810389e+01	7.64271961e-01
6.05313500e-02	1.55969233e+01	7.58151250e-01
6.15292400e-02	1.44943034e+01	7.59371890e-01
6.25271200e-02	1.58078246e+01	7.65448806e-01
6.35250100e-02	1.58389788e+01	7.63155614e-01
6.45228900e-02	1.42272373e+01	7.25379510e-01
6.55207800e-02	1.30398079e+01	6.91714654e-01
6.65186600e-02	1.32271073e+01	7.16309892e-01
6.75165500e-02	1.36011495e+01	6.98127057e-01
6.85144300e-02	1.36186663e+01	7.07303083e-01
6.95123200e-02	1.46033705e+01	7.05768550e-01
7.05102000e-02	1.36292526e+01	6.96646838e-01
7.15080900e-02	1.42559437e+01	7.06878903e-01
7.25059700e-02	1.33316319e+01	1.27657891e+01
7.35038600e-02	1.43342744e+01	1.31361666e+01
7.45017500e-02	1.29052871e+01	1.26373346e+01
7.54996300e-02	1.15075417e+01	6.38565167e-01
7.64975200e-02	1.28395223e+01	6.58839141e-01
7.74954000e-02	1.36393235e+01	6.69827229e-01
7.84932900e-02	1.36713799e+01	6.70662071e-01
7.94911700e-02	1.27549725e+01	6.36517564e-01
8.04890600e-02	1.16169636e+01	6.29837168e-01
8.14869400e-02	1.16227652e+01	6.12705493e-01
8.24848300e-02	1.13671807e+01	6.06614516e-01
8.34827100e-02	1.24136781e+01	6.29048988e-01
8.44806000e-02	1.23753968e+01	6.21553136e-01
8.54784800e-02	1.12902758e+01	6.01266195e-01
8.64763700e-02	1.16277882e+01	6.03332975e-01
8.74742600e-02	1.06511628e+01	5.74578301e-01
8.84721400e-02	1.18503108e+01	6.06867612e-01
8.94700300e-02	1.18097319e+01	5.99207070e-01
9.04679100e-02	1.16747516e+01	5.95549229e-01
9.14658000e-02	1.00414914e+01	5.50351774e-01
9.24636800e-02	1.05310464e+01	5.63749823e-01
9.34615700e-02	1.09266106e+01	5.74917389e-01
9.44594500e-02	1.09378562e+01	5.66750250e-01
9.54573400e-02	1.12275252e+01	5.76171998e-01
9.64552200e-02	9.19070120e+00	5.21683766e-01
9.74531100e-02	9.77190780e+00	5.39460204e-01
9.84509900e-02	1.07946463e+01	1.17190867e+01
9.94488800e-02	1.06891349e+01	1.16928927e+01
1.00446800e-01	1.00664950e+01	5.38776407e-01
1.01444700e-01	1.00257932e+01	1.14212789e+01
1.02442500e-01	1.00870337e+01	1.14541966e+01
1.03440400e-01	9.12895230e+00	1.10835180e+01
1.04438300e-01	9.61172890e+00	5.13357577e-01
1.05436200e-01	9.21501780e+00	5.09052830e-01
1.06434100e-01	8.60864780e+00	4.91652420e-01
1.07432000e-01	8.39627430e+00	4.91625294e-01
1.08429800e-01	8.08491500e+00	4.80175542e-01
1.09427700e-01	8.36599180e+00	4.80834819e-01
1.10425600e-01	8.89750390e+00	4.93494470e-01
1.11423500e-01	7.67813320e+00	1.04247819e+01
1.12421400e-01	8.66981500e+00	1.08713118e+01
1.13419300e-01	7.40282700e+00	4.57278801e-01
1.14417200e-01	7.73468040e+00	4.53722186e-01
1.15415000e-01	7.76330740e+00	4.64153046e-01
1.16412900e-01	7.21456440e+00	4.46261444e-01
1.17410800e-01	7.41059070e+00	4.47091423e-01
1.18408700e-01	6.59048720e+00	4.32388074e-01
1.19406600e-01	6.64957050e+00	4.26270289e-01
1.20404500e-01	6.57457090e+00	4.31411611e-01
1.21402400e-01	7.05950740e+00	4.33446332e-01
1.22400200e-01	7.44301300e+00	4.39409157e-01
1.23398100e-01	6.44000140e+00	4.16060405e-01
1.24396000e-01	6.68722740e+00	4.23478671e-01
1.25393900e-01	6.31156280e+00	4.16982171e-01
1.26391800e-01	6.29361650e+00	4.06188321e-01
1.27389700e-01	6.54173090e+00	4.15934839e-01
1.28387600e-01	6.61214650e+00	9.94151933e+00
1.29385400e-01	5.65917830e+00	9.54416560e+00
1.30383300e-01	5.89280070e+00	4.00583036e-01
1.31381200e-01	6.68639080e+00	4.07495692e-01
1.32379100e-01	6.03693070e+00	3.97507496e-01
1.33377000e-01	5.65248040e+00	3.84150920e-01
1.34374900e-01	6.00988220e+00	3.96417325e-01
1.35372800e-01	5.55933240e+00	3.83790383e-01
1.36370600e-01	5.40726040e+00	3.73297439e-01
1.37368500e-01	4.94071930e+00	3.66713410e-01
1.38366400e-01	5.12814200e+00	3.67823431e-01
1.39364300e-01	4.82912300e+00	3.57752078e-01
1.40362200e-01	5.14007270e+00	3.70537140e-01
1.41360100e-01	5.05612130e+00	9.23567176e+00
1.42357900e-01	5.20348130e+00	9.28014792e+00
1.43355800e-01	4.39423420e+00	3.43739016e-01
1.44353700e-01	5.00064250e+00	3.59816409e-01
1.45351600e-01	4.64202610e+00	3.46444335e-01
1.46349500e-01	3.84445510e+00	3.27460510e-01
1.47347400e-01	4.47665380e+00	3.46511205e-01
1.48345300e-01	3.97793920e+00	3.25121522e-01
1.49343100e-01	4.79115800e+00	3.50852759e-01
1.50341000e-01	4.03455490e+00	3.28638225e-01
1.51338900e-01	3.58080230e+00	3.17803737e-01
1.52336800e-01	4.15278210e+00	3.33003211e-01
1.53334700e-01	4.38262790e+00	3.28573467e-01
1.54332600e-01	3.63961760e+00	8.42603226e+00
1.55330500e-01	3.97161560e+00	8.61604848e+00
1.56328300e-01	2.97843170e+00	2.98057484e-01
1.57326200e-01	3.30002430e+00	3.08826308e-01
1.58324100e-01	3.43102250e+00	3.04055153e-01
1.59322000e-01	3.46893380e+00	3.08223094e-01
1.60319900e-01	3.44205200e+00	3.06490733e-01
1.61317800e-01	3.33300370e+00	3.02823958e-01
1.62315700e-01	3.50653290e+00	3.05020320e-01
1.63313500e-01	2.80056250e+00	2.82874630e-01
1.64311400e-01	2.75606230e+00	2.86694627e-01
1.65309300e-01	3.10069220e+00	2.91120271e-01
1.66307200e-01	2.78825540e+00	2.83820634e-01
1.67305100e-01	3.21460230e+00	2.93276097e-01
1.68303000e-01	2.98466420e+00	2.84856495e-01
1.69300900e-01	2.79886360e+00	2.85000269e-01
1.70298700e-01	2.51411290e+00	2.72882845e-01
1.71296600e-01	2.92926150e+00	2.84529045e-01
1.72294500e-01	2.31136200e+00	2.66130200e-01
1.73292400e-01	2.97197960e+00	2.80919196e-01
1.74290300e-01	2.97488560e+00	2.84740920e-01
1.75288200e-01	2.44386300e+00	2.65666055e-01
1.76286100e-01	2.64230120e+00	2.73187398e-01
1.77283900e-01	2.47608000e+00	2.66422389e-01
1.78281800e-01	2.47467850e+00	2.69002450e-01
1.79279700e-01	2.22531230e+00	2.59953876e-01
1.80277600e-01	2.08607400e+00	2.53944020e-01
1.81275500e-01	1.96123390e+00	2.50953874e-01
1.82273400e-01	1.96624850e+00	2.50149704e-01
1.83271200e-01	2.33306220e+00	7.71882535e+00
1.84269100e-01	1.66292180e+00	7.29639927e+00
1.85267000e-01	2.05234250e+00	7.54792069e+00
1.86264900e-01	2.22381080e+00	7.67286685e+00
1.87262800e-01	1.96639250e+00	2.45648841e-01
1.88260700e-01	1.70901750e+00	2.40167969e-01
1.89258600e-01	1.65203100e+00	2.40488445e-01
1.90256400e-01	1.97808520e+00	7.50951157e+00
1.91254300e-01	1.76561710e+00	7.35161408e+00
1.92252200e-01	1.93633700e+00	2.43155073e-01
1.93250100e-01	1.81750510e+00	2.38931897e-01
1.94248000e-01	1.72991940e+00	2.36717241e-01
1.95245900e-01	1.78802860e+00	2.35297091e-01
1.96243800e-01	1.72039530e+00	2.39326890e-01
1.97241600e-01	1.63478160e+00	2.33107908e-01
1.98239500e-01	1.41330360e+00	2.26883627e-01
1.99237400e-01	2.13281770e+00	2.45478988e-01
2.00235300e-01	1.67657370e+00	2.30110447e-01
2.01233200e-01	1.33696530e+00	2.22303817e-01
2.02231100e-01	1.19458270e+00	2.15491800e-01
2.03229000e-01	9.04495600e-01	2.08278625e-01
2.04226800e-01	1.54272890e+00	2.26051399e-01
2.05224700e-01	1.02555500e+00	2.09994761e-01
2.06222600e-01	1.25926440e+00	2.17842342e-01
2.07220500e-01	1.15268380e+00	2.12606446e-01
2.08218400e-01	1.49336410e+00	2.23401629e-01
2.09216300e-01	9.41997500e-01	2.07566108e-01
2.10214200e-01	9.11494800e-01	2.06011486e-01
2.11212000e-01	1.37721390e+00	2.18216404e-01
2.12209900e-01	1.28823460e+00	2.13680313e-01
2.13207800e-01	1.14999360e+00	2.11116964e-01
2.14205700e-01	1.38135760e+00	7.09810768e+00
2.15203600e-01	8.58418900e-01	6.75010183e+00
2.16201500e-01	1.12424230e+00	2.10106405e-01
2.17199400e-01	1.15950820e+00	7.03536228e+00
2.18197200e-01	1.08645610e+00	6.92390327e+00
2.19195100e-01	1.00311600e+00	6.90203904e+00
2.20193000e-01	7.05198900e-01	6.70651270e+00
2.21190900e-01	9.78440700e-01	2.04186314e-01
2.22188800e-01	1.28936590e+00	2.10329723e-01
2.23186700e-01	7.77996800e-01	1.96399430e-01
2.24184500e-01	7.33117500e-01	1.93640321e-01
2.25182400e-01	1.15543390e+00	2.06920886e-01
2.26180300e-01	1.10934380e+00	2.03400802e-01
2.27178200e-01	1.13857370e+00	2.04008489e-01
2.28176100e-01	8.96735700e-01	1.97257564e-01
2.29174000e-01	1.32876240e+00	2.07295502e-01
2.30171900e-01	1.00026220e+00	1.98227760e-01
2.31169700e-01	7.82029200e-01	1.92177403e-01
2.32167600e-01	9.17682900e-01	1.96536417e-01
2.33165500e-01	1.00920470e+00	1.98711858e-01
2.34163400e-01	8.42512300e-01	1.91918506e-01
2.35161300e-01	1.01670400e+00	1.98758067e-01
2.36159200e-01	9.02955400e-01	1.94936874e-01
2.37157100e-01	9.04681700e-01	1.94597591e-01
2.38154900e-01	7.94874400e-01	1.92207006e-01
2.39152800e-01	7.92661200e-01	1.87995347e-01
2.40150700e-01	7.34280500e-01	1.87995113e-01
2.41148600e-01	1.02252270e+00	1.96170446e-01
2.42146500e-01	4.89860200e-01	1.80091653e-01
2.43144400e-01	8.21836300e-01	1.89861970e-01
2.44142300e-01	8.48261200e-01	1.89246085e-01
2.45140100e-01	7.39079100e-01	1.89070750e-01
2.46138000e-01	9.60640300e-01	1.91658596e-01
2.47135900e-01	9.67743100e-01	1.93441355e-01
2.48133800e-01	8.11232000e-01	1.87900500e-01
2.49131700e-01	6.38249300e-01	1.80799971e-01
2.50129600e-01	8.78021000e-01	1.89987386e-01
2.51127500e-01	1.01772350e+00	1.92727144e-01
2.52125300e-01	8.90162500e-01	6.78831118e+00
2.53123200e-01	7.64700800e-01	6.68338801e+00
2.54121100e-01	4.44279100e-01	1.76291917e-01
2.55119000e-01	4.69461200e-01	1.76621249e-01
2.56116900e-01	1.03958790e+00	1.90138134e-01
2.57114800e-01	1.06007990e+00	1.90862166e-01
2.58112700e-01	8.08036900e-01	1.85012031e-01
2.59110500e-01	7.54943300e-01	1.80825238e-01
2.60108400e-01	7.88968300e-01	1.82515994e-01
2.61106300e-01	5.85820600e-01	3.94756905e+00
2.62104200e-01	8.19409600e-01	3.90703351e+00
2.63102100e-01	6.04862800e-01	3.98680532e+00
2.64100000e-01	1.01652610e+00	1.86744527e-01
2.65097800e-01	6.80843600e-01	1.77809026e-01
2.66095700e-01	6.92642800e-01	1.79187674e-01
2.67093600e-01	6.83447300e-01	1.79031151e-01
2.68091500e-01	1.07929130e+00	1.86713800e-01
2.69089400e-01	1.42218970e+00	2.00294569e-01
2.70087300e-01	6.40433000e-01	1.75911031e-01
2.71085200e-01	8.72833200e-01	6.73553095e+00
2.72083000e-01	5.94830400e-01	6.54067712e+00
2.73080900e-01	9.32489700e-01	6.73970014e+00
2.74078800e-01	6.75401900e-01	1.76196096e-01
2.75076700e-01	7.04218700e-01	6.61422833e+00
2.76074600e-01	6.71606500e-01	6.64758843e+00
2.77072500e-01	5.41263700e-01	1.71629543e-01
2.78070400e-01	5.86973900e-01	1.70153869e-01
2.79068200e-01	5.02835200e-01	1.70315691e-01
2.80066100e-01	6.45893000e-01	1.72597216e-01
2.81064000e-01	8.59797700e-01	1.77462916e-01
2.82061900e-01	7.78247900e-01	1.76604568e-01
2.83059800e-01	8.16819500e-01	1.74520258e-01
2.84057700e-01	7.05535700e-01	1.73772496e-01
2.85055600e-01	4.92998400e-01	3.97825645e+00
2.86053400e-01	6.63383500e-01	3.96133480e+00
2.87051300e-01	8.71251200e-01	6.76419592e+00
2.88049200e-01	7.05762000e-01	6.60843965e+00
2.89047100e-01	8.71374700e-01	6.75582523e+00
2.90045000e-01	9.74220300e-01	6.80093835e+00
2.91042900e-01	9.54953800e-01	6.78540597e+00
2.92040800e-01	7.50659700e-01	1.71554744e-01
2.93038600e-01	7.55529900e-01	1.71084735e-01
2.94036500e-01	8.94383400e-01	1.74840234e-01
2.95034400e-01	5.15156600e-01	1.63875219e-01
2.96032300e-01	9.93664900e-01	1.77628233e-01
2.97030200e-01	6.16483600e-01	1.67509328e-01
2.98028100e-01	7.02581400e-01	1.69381185e-01
2.99026000e-01	6.34387700e-01	1.68315317e-01
3.00023800e-01	7.19401500e-01	1.66817792e-01
3.01021700e-01	8.19847000e-01	1.73613180e-01
3.02019600e-01	5.52136300e-01	3.94439565e+00
3.03017500e-01	5.27393100e-01	3.92617599e+00
3.04015400e-01	6.52672500e-01	6.61222308e+00
3.05013300e-01	1.12395460e+00	6.91553212e+00
3.06011100e-01	8.46301500e-01	3.92202081e+00
3.07009000e-01	9.07662700e-01	6.78869031e+00
3.08006900e-01	9.35222000e-01	6.77419127e+00
3.09004800e-01	5.80256100e-01	3.92754615e+00
3.10002700e-01	7.24143100e-01	3.91778310e+00
3.11000600e-01	1.16799020e+00	3.95912032e+00
3.11998500e-01	8.82277600e-01	1.69006137e-01
3.12996300e-01	6.95642800e-01	1.66244182e-01
3.13994200e-01	7.05109200e-01	1.64813848e-01
3.14992100e-01	1.08675000e+00	1.73463110e-01
3.15990000e-01	6.57634800e-01	1.64487533e-01
3.16987900e-01	1.16021960e+00	6.92008270e+00
3.17985800e-01	8.85840100e-01	6.76964143e+00
3.18983700e-01	1.14060700e+00	1.74005911e-01
3.19981500e-01	7.92073900e-01	1.66176657e-01
3.20979400e-01	4.99230700e-01	1.60128372e-01
3.21977300e-01	7.71294100e-01	1.63280551e-01
3.22975200e-01	9.31842500e-01	1.70702920e-01
3.23973100e-01	7.61303900e-01	1.62866749e-01
3.24971000e-01	7.04163600e-01	1.63235198e-01
3.25968900e-01	1.03602030e+00	1.69234746e-01
3.26966700e-01	1.15246570e+00	1.72410599e-01
3.27964600e-01	7.87051400e-01	1.64781003e-01
3.28962500e-01	6.94787900e-01	1.60069930e-01
3.29960400e-01	1.12961200e+00	1.71369685e-01
3.30958300e-01	6.23969300e-01	1.60121684e-01
3.31956200e-01	5.18772600e-01	1.55580915e-01
3.32954100e-01	6.18453700e-01	1.58678703e-01
3.33951900e-01	7.68401900e-01	1.59724747e-01
3.34949800e-01	6.02647000e-01	1.58571185e-01
3.35947700e-01	8.68191000e-01	6.73273151e+00
3.36945600e-01	8.70740700e-01	6.70601513e+00
3.37943500e-01	1.00423590e+00	6.81409482e+00
3.38941400e-01	7.66285900e-01	6.66334393e+00
3.39939200e-01	8.10683300e-01	1.62820673e-01
3.40937100e-01	7.03267000e-01	1.58838931e-01
3.41935000e-01	9.58357500e-01	6.85132336e+00
3.42932900e-01	6.14244300e-01	6.57116865e+00
3.43930800e-01	8.57916300e-01	6.72302585e+00
3.44928700e-01	8.47767400e-01	1.62772634e-01
3.45926600e-01	1.01240930e+00	1.64094295e-01
3.46924400e-01	9.15338800e-01	1.61365337e-01
3.47922300e-01	7.55441100e-01	6.68355270e+00
3.48920200e-01	9.48439900e-01	6.83039195e+00
3.49918100e-01	1.03254380e+00	6.86861495e+00
3.50916000e-01	7.04262000e-01	6.68399533e+00
3.51913900e-01	8.75915600e-01	1.60625479e-01
3.52911800e-01	8.93883800e-01	1.60383131e-01
3.53909600e-01	6.98265900e-01	1.55813058e-01
3.54907500e-01	9.75807000e-01	1.62733152e-01
3.55905400e-01	7.19988500e-01	1.55082705e-01
3.56903300e-01	7.36955100e-01	1.57646323e-01
3.57901200e-01	8.38364600e-01	1.57703956e-01
3.58899100e-01	7.80098400e-01	1.57844006e-01
3.59897000e-01	5.75909300e-01	1.51751852e-01
3.60894800e-01	5.36783200e-01	1.50904646e-01
3.61892700e-01	9.52404900e-01	1.62046610e-01
3.62890600e-01	6.01862200e-01	1.49751247e-01
3.63888500e-01	7.81134200e-01	1.55979156e-01
3.64886400e-01	5.38294700e-01	1.49378367e-01
3.65884300e-01	1.06991080e+00	1.62222588e-01
3.66882200e-01	7.55520700e-01	6.67811015e+00
3.67880000e-01	7.74262300e-01	6.67472778e+00
3.68877900e-01	9.40803100e-01	1.59808783e-01
3.69875800e-01	4.91188500e-01	1.47308350e-01
3.70873700e-01	6.52783200e-01	1.52521737e-01
3.71871600e-01	8.78207700e-01	1.57605813e-01
3.72869500e-01	8.49354700e-01	1.55408056e-01
3.73867400e-01	8.53405200e-01	1.57689003e-01
3.74865200e-01	4.10615400e-01	1.45307360e-01
3.75863100e-01	7.08312300e-01	6.64486601e+00
3.76861000e-01	8.85661000e-01	6.78449615e+00
3.77858900e-01	8.25295800e-01	6.73514307e+00
3.78856800e-01	7.58623400e-01	1.54797486e-01
3.79854700e-01	7.17878800e-01	1.49989833e-01
3.80852500e-01	7.50180500e-01	6.66659918e+00
3.81850400e-01	5.85464000e-01	6.57203881e+00
3.82848300e-01	9.86244800e-01	1.57520171e-01
3.83846200e-01	8.88226300e-01	6.71230654e+00
3.84844100e-01	5.00123000e-01	6.52446647e+00
3.85842000e-01	3.91857800e-01	1.43557400e-01
3.86839900e-01	5.36011400e-01	1.46003376e-01
3.87837700e-01	5.47391200e-01	1.46809759e-01
3.88835600e-01	8.29471900e-01	1.52482731e-01
3.89833500e-01	9.01511700e-01	3.94716748e+00
3.90831400e-01	7.46339400e-01	3.95413104e+00
3.91829300e-01	8.88457300e-01	1.52565706e-01
3.92827200e-01	5.10562800e-01	1.45340695e-01
3.93825100e-01	7.13559000e-01	1.47680647e-01
3.94822900e-01	8.42186100e-01	1.51718158e-01
3.95820800e-01	9.51822500e-01	1.54623206e-01
3.96818700e-01	9.28726500e-01	1.52758801e-01
3.97816600e-01	7.05952800e-01	1.48450120e-01
3.98814500e-01	8.18038500e-01	6.73997175e+00
3.99812400e-01	1.06804060e+00	6.92114636e+00
4.00810300e-01	5.39685700e-01	1.43040788e-01
4.01808100e-01	8.76830400e-01	1.52621267e-01
4.02806000e-01	5.57898300e-01	1.45002470e-01
4.03803900e-01	5.84459800e-01	1.44864119e-01
4.04801800e-01	7.94742300e-01	1.50521598e-01
4.05799700e-01	7.11609700e-01	6.68930023e+00
4.06797600e-01	7.25430100e-01	6.74676183e+00
4.07795500e-01	7.04250600e-01	6.66989426e+00
4.08793300e-01	8.38634200e-01	6.80246391e+00
4.09791200e-01	7.58537700e-01	1.48164908e-01
4.10789100e-01	3.84581700e-01	1.38408310e-01
4.11787000e-01	7.49695200e-01	1.47917995e-01
4.12784900e-01	6.63121800e-01	1.44394124e-01
4.13782800e-01	7.50672300e-01	1.46574046e-01
4.14780700e-01	8.45976100e-01	1.51107218e-01
4.15778500e-01	7.67201200e-01	1.45099039e-01
4.16776400e-01	5.78944400e-01	1.43051767e-01
4.17774300e-01	8.10050300e-01	6.73700258e+00
4.18772200e-01	7.73477400e-01	6.70911960e+00
4.19770100e-01	4.90917400e-01	6.55518518e+00
4.20768000e-01	9.33729800e-01	1.49242265e-01
4.21765800e-01	7.24621000e-01	1.45619216e-01
4.22763700e-01	4.93735300e-01	1.39203664e-01
4.23761600e-01	6.46937000e-01	3.96055034e+00
4.24759500e-01	6.32456800e-01	3.95947548e+00
4.25757400e-01	8.09659300e-01	3.97605666e+00
4.26755300e-01	8.56123900e-01	6.82238184e+00
4.27753200e-01	5.55221100e-01	6.58484980e+00
4.28751000e-01	4.38443500e-01	6.51599206e+00
4.29748900e-01	5.69162700e-01	6.62844464e+00
4.30746800e-01	9.02283800e-01	6.79604904e+00
4.31744700e-01	9.88751400e-01	1.49347625e-01
4.32742600e-01	8.11197100e-01	1.45407242e-01
4.33740500e-01	7.55926100e-01	1.44065093e-01
4.34738400e-01	8.73679300e-01	1.45064241e-01
4.35736200e-01	6.96424700e-01	1.43275475e-01
4.36734100e-01	9.38322900e-01	1.47803866e-01
4.37732000e-01	6.35033100e-01	1.41529728e-01
4.38729900e-01	8.50489300e-01	1.45810598e-01
4.39727800e-01	6.90838700e-01	1.40372283e-01
4.40725700e-01	8.26807500e-01	1.45291829e-01
4.41723600e-01	9.45357700e-01	1.45738261e-01
4.42721400e-01	7.30696500e-01	1.42939373e-01
4.43719300e-01	6.94506400e-01	1.41052551e-01
4.44717200e-01	7.47305700e-01	1.42038755e-01
4.45715100e-01	9.41903300e-01	6.84153923e+00
4.46713000e-01	1.10883030e+00	6.96447434e+00
4.47710900e-01	5.83801200e-01	1.38864939e-01
4.48708800e-01	7.03726200e-01	1.40617168e-01
4.49706600e-01	7.59708900e-01	1.41158504e-01
4.50704500e-01	7.40408200e-01	1.43184925e-01
4.51702400e-01	5.96339900e-01	1.36852714e-01
4.52700300e-01	6.22983700e-01	1.40864420e-01
4.53698200e-01	8.78065200e-01	6.80467825e+00
4.54696100e-01	5.54726600e-01	6.60025453e+00
4.55694000e-01	6.23070200e-01	6.64639923e+00
4.56691800e-01	7.43273600e-01	1.40895722e-01
4.57689700e-01	6.54573400e-01	1.39417297e-01
4.58687600e-01	6.45013000e-01	1.37573022e-01
4.59685500e-01	6.47202700e-01	1.38145854e-01
4.60683400e-01	8.37494600e-01	1.41410119e-01
4.61681300e-01	5.64035000e-01	1.36987947e-01
4.62679100e-01	7.18991400e-01	1.39554681e-01
4.63677000e-01	6.59957200e-01	1.37243912e-01
4.64674900e-01	5.96404700e-01	1.37376249e-01
4.65672800e-01	7.47939200e-01	1.39407645e-01
4.66670700e-01	7.43994100e-01	1.40466786e-01
4.67668600e-01	6.97532400e-01	1.37993613e-01
4.68666500e-01	6.21494200e-01	1.36904647e-01
4.69664300e-01	6.07418700e-01	1.38251633e-01
4.70662200e-01	6.32824300e-01	6.72148146e+00
4.71660100e-01	7.23117700e-01	6.76731971e+00
4.72658000e-01	8.96392500e-01	1.46172598e-01
4.73655900e-01	8.16376800e-01	1.45973553e-01
4.74653800e-01	5.09455700e-01	4.02449254e+00
4.75651700e-01	7.49012100e-01	4.04994505e+00
4.76649500e-01	7.30783100e-01	4.00560979e+00
4.77647400e-01	6.02645500e-01	1.42400649e-01
4.78645300e-01	3.87785000e-01	1.38556040e-01
4.79643200e-01	4.77753100e-01	1.40770476e-01
4.80641100e-01	6.95298200e-01	1.46242529e-01
4.81639000e-01	6.30362500e-01	6.73769766e+00
4.82636900e-01	8.74622900e-01	6.87726914e+00
4.83634700e-01	5.24124100e-01	6.65961738e+00
4.84632600e-01	7.28270000e-01	6.77440958e+00
4.85630500e-01	7.28018800e-01	1.51018420e-01
4.86628400e-01	6.88895800e-01	1.48234066e-01
4.87626300e-01	7.27208100e-01	1.50211250e-01
4.88624200e-01	7.42229300e-01	1.54611709e-01
4.89622100e-01	1.03742820e+00	1.60193468e-01
4.90619900e-01	5.98057700e-01	1.52894071e-01
4.91617800e-01	5.67393900e-01	1.53292696e-01
4.92615700e-01	6.59076700e-01	1.56087456e-01
4.93613600e-01	6.85982800e-01	1.59194033e-01
4.94611500e-01	9.81075100e-01	1.64290710e-01
4.95609400e-01	4.57147200e-01	1.53996067e-01
4.96607300e-01	9.41568800e-01	1.64810961e-01
4.97605100e-01	7.72866900e-01	1.62337371e-01
4.98603000e-01	1.00929070e+00	1.68149013e-01
4.99600900e-01	7.53948500e-01	1.61496313e-01
5.00598800e-01	3.89497200e-01	1.55798965e-01
5.01596700e-01	5.94877300e-01	1.60736739e-01
5.02594600e-01	6.33598100e-01	1.61918013e-01
5.03592400e-01	6.56640900e-01	1.60979079e-01
5.04590300e-01	6.16837200e-01	1.63698226e-01
5.05588200e-01	6.82854600e-01	1.64723817e-01
5.06586100e-01	5.59914500e-01	1.62250881e-01
5.07584000e-01	7.73466100e-01	1.68486037e-01
5.08581900e-01	7.62090700e-01	6.89034378e+00
5.09579800e-01	6.16439300e-01	6.79487348e+00
5.10577600e-01	7.93581000e-01	6.91069777e+00
5.11575500e-01	7.28484800e-01	6.89553384e+00
5.12573400e-01	8.04628800e-01	6.94545412e+00
5.13571300e-01	6.56284700e-01	6.83085847e+00
5.14569200e-01	4.97649700e-01	6.69095449e+00
5.15567100e-01	5.83995300e-01	6.81760226e+00
5.16565000e-01	7.80786200e-01	6.89124820e+00
5.17562800e-01	7.85344100e-01	6.91607548e+00
5.18560700e-01	8.19909400e-01	6.98463987e+00
5.19558600e-01	7.35969600e-01	6.88903542e+00
5.20556500e-01	8.61292200e-01	6.94309410e+00
5.21554400e-01	9.09910000e-01	6.99242791e+00
5.22552300e-01	8.71516100e-01	6.99745910e+00
5.23550200e-01	6.81076500e-01	6.88397967e+00
5.24548000e-01	5.44744600e-01	6.80607103e+00
5.25545900e-01	7.84003700e-01	6.90389174e+00
5.26543800e-01	6.80965800e-01	6.83036872e+00
5.27541700e-01	6.05776400e-01	6.85847130e+00
5.28539600e-01	4.77158300e-01	6.75651768e+00
5.29537500e-01	5.97395600e-01	6.85175454e+00
5.30535400e-01	6.02059700e-01	6.81489513e+00
5.31533200e-01	5.05084600e-01	6.77543580e+00
5.32531100e-01	5.86218500e-01	6.83915302e+00
5.33529000e-01	7.07866700e-01	6.89841881e+00
5.34526900e-01	8.19854900e-01	6.96130253e+00
5.35524800e-01	7.96106800e-01	6.96055669e+00
5.36522700e-01	4.77395800e-01	6.73618067e+00
5.37520500e-01	6.08685900e-01	6.86585950e+00
5.38518400e-01	6.20396200e-01	6.86757044e+00
5.39516300e-01	5.99993000e-01	6.89870760e+00
5.40514200e-01	5.10836600e-01	6.79214322e+00
5.41512100e-01	8.64922400e-01	7.04879494e+00
5.42510000e-01	9.30355100e-01	7.07666912e+00
5.43507900e-01	6.55302200e-01	6.86049055e+00
5.44505700e-01	7.59222800e-01	6.94070164e+00
5.45503600e-01	8.13904400e-01	7.00362583e+00
5.46501500e-01	6.79253500e-01	6.94055495e+00
5.47499400e-01	4.42811400e-01	6.79735161e+00
5.48497300e-01	6.09670900e-01	6.88720790e+00
5.49495200e-01	6.11753100e-01	6.89520066e+00
5.50493100e-01	5.28389900e-01	6.84110892e+00
5.51490900e-01	4.16202600e-01	6.76872965e+00
5.52488800e-01	8.19443400e-01	7.02807295e+00
5.53486700e-01	7.44161600e-01	6.97839339e+00
5.54484600e-01	5.16047100e-01	6.88227575e+00
5.55482500e-01	6.42369300e-01	6.94169804e+00
5.56480400e-01	5.98163300e-01	6.88693186e+00
5.57478300e-01	8.27384800e-01	7.05529589e+00
5.58476100e-01	9.14732000e-01	7.11457187e+00
5.59474000e-01	5.80508500e-01	6.86491688e+00
5.60471900e-01	7.40748900e-01	6.99027421e+00
5.61469800e-01	6.43049800e-01	6.96076456e+00
5.62467700e-01	6.42141800e-01	6.98910479e+00
5.63465600e-01	4.71894800e-01	6.84490661e+00
5.64463500e-01	8.57183600e-01	7.09743481e+00
5.65461300e-01	5.15202600e-01	6.88650039e+00
5.66459200e-01	8.76996000e-01	7.12706085e+00
5.67457100e-01	5.83819900e-01	6.93513194e+00
5.68455000e-01	7.60783000e-01	7.05238710e+00
5.69452900e-01	6.89530900e-01	6.97570649e+00
5.70450800e-01	7.53426000e-01	7.02044535e+00
5.71448700e-01	5.76476100e-01	6.94380069e+00
5.72446500e-01	4.84737200e-01	6.86923358e+00
5.73444400e-01	7.22519900e-01	7.05433211e+00
5.74442300e-01	6.66859000e-01	6.99954488e+00
5.75440200e-01	7.21257900e-01	7.04056792e+00
5.76438100e-01	8.51892700e-01	7.12682844e+00
5.77436000e-01	6.23544900e-01	7.01007419e+00
5.78433800e-01	1.12900850e+00	7.31798639e+00
5.79431700e-01	9.58397200e-01	7.18311688e+00
5.80429600e-01	8.13685600e-01	7.15055097e+00
5.81427500e-01	7.82970200e-01	7.11026012e+00
5.82425400e-01	8.56352300e-01	7.13103665e+00
5.83423300e-01	9.44426200e-01	7.18858484e+00
5.84421200e-01	6.31440000e-01	6.99914097e+00
5.85419000e-01	1.05112340e+00	7.31182837e+00
5.86416900e-01	8.12645100e-01	7.10969950e+00
5.87414800e-01	4.25513000e-01	6.90829207e+00
5.88412700e-01	8.35053800e-01	7.15409393e+00
5.89410600e-01	6.22466400e-01	7.02748522e+00
5.90408500e-01	8.70218800e-01	7.21656641e+00
5.91406400e-01	6.64603600e-01	7.10858920e+00
5.92404200e-01	5.60812800e-01	6.98341743e+00
5.93402100e-01	7.89186600e-01	7.13736972e+00
5.94400000e-01	7.90578500e-01	7.14996648e+00
5.95397900e-01	8.17104800e-01	7.21718929e+00
5.96395800e-01	9.91591300e-01	7.27476876e+00
5.97393700e-01	7.43037800e-01	7.14831009e+00
5.98391600e-01	6.28520100e-01	7.05682464e+00
5.99389400e-01	5.66119400e-01	7.02952491e+00
6.00387300e-01	7.91371900e-01	7.20906136e+00
6.01385200e-01	6.09182600e-01	7.09264598e+00
6.02383100e-01	9.17349200e-01	7.20690318e+00
6.03381000e-01	5.70986000e-01	7.07703147e+00
6.04378900e-01	7.74501900e-01	7.19703132e+00
6.05376800e-01	8.94694400e-01	7.28337553e+00
6.06374600e-01	8.17079200e-01	7.21028664e+00
6.07372500e-01	8.17879500e-01	7.23220516e+00
6.08370400e-01	7.51722700e-01	7.14881852e+00
6.09368300e-01	9.94908900e-01	7.32400358e+00
6.10366200e-01	7.62600700e-01	7.15725435e+00
6.11364100e-01	9.32519000e-01	7.28892731e+00
6.12362000e-01	9.17581900e-01	7.28563296e+00
6.13359800e-01	8.86897700e-01	7.28247462e+00
6.14357700e-01	6.23698100e-01	7.14967497e+00
6.15355600e-01	6.42149300e-01	7.10127675e+00
6.16353500e-01	8.61754400e-01	7.22429086e+00
6.17351400e-01	4.35470400e-01	7.04535839e+00
6.18349300e-01	4.79038000e-01	7.06736537e+00
6.19347100e-01	8.45973800e-01	7.29829844e+00
6.20345000e-01	8.26572300e-01	7.27347628e+00
6.21342900e-01	6.39079300e-01	7.17581928e+00
6.22340800e-01	4.76196300e-01	7.09118570e+00
6.23338700e-01	9.60226200e-01	7.34883124e+00
6.24336600e-01	4.36350900e-01	7.05989966e+00
6.25334500e-01	9.74637500e-01	7.38427648e+00
6.26332300e-01	6.47036600e-01	7.16848585e+00
6.27330200e-01	7.02015100e-01	7.20959563e+00
6.28328100e-01	8.88919600e-01	7.30964830e+00
6.29326000e-01	9.70216500e-01	7.36514708e+00
6.30323900e-01	8.05487300e-01	7.26855139e+00
6.31321800e-01	1.06640950e+00	7.45397593e+00
6.32319700e-01	8.63992100e-01	7.35099925e+00
6.33317500e-01	7.32691300e-01	7.26172853e+00
6.34315400e-01	9.19455400e-01	7.33138931e+00
6.35313300e-01	1.00744100e+00	7.43890016e+00
6.36311200e-01	7.05526900e-01	7.22772234e+00
6.37309100e-01	7.30698200e-01	7.30795672e+00
6.38307000e-01	9.14814400e-01	7.33442595e+00
6.39304900e-01	5.22002700e-01	7.16604602e+00
6.40302700e-01	8.59166900e-01	7.33715827e+00
6.41300600e-01	1.01947360e+00	7.48904334e+00
6.42298500e-01	1.09384110e+00	7.49331320e+00
6.43296400e-01	5.59118400e-01	7.17708350e+00
6.44294300e-01	6.63300000e-01	7.27008860e+00
6.45292200e-01	6.98576700e-01	7.27830815e+00
6.46290100e-01	6.15778600e-01	7.21140430e+00
6.47287900e-01	1.27306390e+00	7.63417058e+00
6.48285800e-01	9.32978800e-01	7.48509787e+00
6.49283700e-01	6.10470200e-01	7.24940240e+00
6.50281600e-01	7.38818400e-01	7.34842932e+00
6.51279500e-01	7.16045300e-01	7.31074061e+00
6.52277400e-01	8.14273100e-01	7.38829257e+00
6.53275300e-01	6.90829400e-01	7.33356238e+00
6.54273100e-01	5.10181000e-01	7.20505024e+00
6.55271000e-01	8.00731500e-01	7.35816502e+00
6.56268900e-01	6.87684100e-01	7.35378803e+00
6.57266800e-01	6.97104600e-01	7.35272653e+00
6.58264700e-01	7.16368200e-01	7.32623719e+00
6.59262600e-01	6.73922800e-01	7.33170351e+00
6.60260400e-01	7.21896100e-01	7.34195437e+00
6.61258300e-01	6.47047600e-01	7.32439194e+00
6.62256200e-01	6.73295800e-01	7.33476718e+00
6.63254100e-01	5.86899100e-01	7.30538267e+00
6.64252000e-01	9.24942100e-01	7.50723655e+00
6.65249900e-01	7.56084200e-01	7.40819344e+00
6.66247800e-01	1.12865500e+00	7.62521724e+00
6.67245600e-01	5.66530200e-01	7.30324890e+00
6.68243500e-01	9.77440800e-01	7.49581742e+00
6.69241400e-01	6.32093400e-01	7.32340957e+00
6.70239300e-01	9.71762700e-01	7.53406203e+00
6.71237200e-01	7.67273500e-01	7.38493368e+00
6.72235100e-01	8.40322000e-01	7.50817836e+00
6.73233000e-01	1.03473000e+00	7.57146605e+00
6.74230800e-01	7.97198900e-01	7.46246398e+00
6.75228700e-01	5.46843800e-01	7.34434488e+00
6.76226600e-01	6.99738800e-01	7.36189386e+00
6.77224500e-01	7.92443200e-01	7.45635448e+00
6.78222400e-01	9.16121100e-01	7.58931959e+00
6.79220300e-01	5.39688200e-01	7.31495770e+00
6.80218200e-01	6.93790900e-01	7.42094868e+00
6.81216000e-01	8.19246300e-01	7.49855279e+00
6.82213900e-01	8.56070500e-01	7.47613557e+00
6.83211800e-01	1.04081000e+00	7.57149901e+00
6.84209700e-01	5.16770400e-01	7.28092732e+00
6.85207600e-01	7.73064800e-01	7.47495020e+00
6.86205500e-01	8.08110500e-01	7.48286937e+00
6.87203400e-01	8.37530600e-01	7.51806361e+00
6.88201200e-01	7.36740200e-01	7.51925718e+00
6.89199100e-01	7.78552700e-01	7.48974854e+00
6.90197000e-01	8.76492900e-01	7.60710761e+00
6.91194900e-01	8.19118800e-01	7.52855457e+00
6.92192800e-01	7.98366800e-01	7.52775668e+00
6.93190700e-01	9.12975900e-01	7.56615112e+00
6.94188600e-01	9.60326700e-01	7.63540121e+00
6.95186400e-01	1.16456450e+00	7.76352517e+00
6.96184300e-01	6.22676500e-01	7.44631562e+00
6.97182200e-01	6.99890000e-01	7.52684904e+00
6.98180100e-01	7.32126700e-01	7.50138337e+00
6.99178000e-01	7.32872900e-01	7.49113888e+00
7.00175900e-01	9.29124400e-01	7.61574051e+00
7.01173700e-01	1.02844940e+00	7.67196069e+00
7.02171600e-01	8.79914900e-01	7.57422497e+00
7.03169500e-01	8.76693800e-01	7.61682232e+00
7.04167400e-01	8.28970000e-01	7.56802875e+00
7.05165300e-01	8.14480100e-01	7.57735697e+00
7.06163200e-01	7.97367100e-01	7.55201503e+00
7.07161100e-01	1.04801100e+00	7.72089854e+00
7.08158900e-01	1.38381090e+00	7.93096418e+00
7.09156800e-01	7.35231700e-01	7.55402488e+00
7.10154700e-01	7.79014300e-01	7.55951531e+00
7.11152600e-01	8.96789300e-01	7.63873324e+00
7.12150500e-01	7.52618600e-01	7.58290216e+00
7.13148400e-01	1.03350890e+00	7.73553332e+00
7.14146300e-01	8.64757200e-01	7.59715860e+00
7.15144100e-01	7.25762500e-01	7.54853798e+00
7.16142000e-01	4.30957400e-01	7.39278238e+00
7.17139900e-01	7.06801200e-01	7.50386547e+00
7.18137800e-01	7.46804600e-01	7.57875604e+00
7.19135700e-01	3.62072500e-01	7.36230233e+00
7.20133600e-01	9.85346700e-01	7.75023703e+00
7.21131500e-01	6.62527300e-01	7.55665810e+00
7.22129300e-01	9.61379900e-01	7.72177801e+00
7.23127200e-01	6.96134800e-01	7.52432034e+00
7.24125100e-01	6.72630700e-01	7.56251744e+00
7.25123000e-01	7.46985500e-01	7.60622938e+00
7.26120900e-01	6.07188900e-01	7.49187817e+00
7.27118800e-01	3.34453200e-01	7.34078407e+00
7.28116700e-01	4.95413200e-01	7.47534081e+00
7.29114500e-01	9.19343600e-01	7.72719963e+00
7.30112400e-01	1.11009470e+00	7.82190572e+00
7.31110300e-01	8.38487800e-01	7.71473946e+00
7.32108200e-01	7.70174500e-01	7.67032127e+00
7.33106100e-01	7.77331300e-01	7.68132731e+00
7.34104000e-01	9.14564300e-01	7.74959377e+00
7.35101900e-01	8.95883800e-01	7.69300901e+00
7.36099700e-01	6.54973100e-01	7.60611363e+00
7.37097600e-01	1.01105430e+00	7.81476398e+00
7.38095500e-01	7.97077200e-01	7.72538793e+00
7.39093400e-01	5.42993500e-01	1.76867100e-01
7.40091300e-01	7.69267200e-01	1.81174366e-01
7.41089200e-01	8.61763200e-01	1.83047600e-01
7.42087000e-01	7.71210000e-01	1.82917226e-01
7.43084900e-01	7.99743100e-01	1.80480856e-01
7.44082800e-01	6.58658300e-01	1.81544025e-01
7.45080700e-01	8.95311500e-01	1.83231487e-01
7.46078600e-01	8.38270700e-01	7.77860263e+00
7.47076500e-01	6.71069800e-01	7.65214800e+00
7.48074400e-01	6.36862900e-01	1.81194696e-01
7.49072200e-01	9.10974600e-01	1.85807872e-01
7.50070100e-01	1.02585000e+00	1.86567938e-01
7.51068000e-01	9.63229500e-01	1.87002601e-01
7.52065900e-01	1.00633590e+00	7.86550885e+00
7.53063800e-01	5.02259600e-01	7.57616176e+00
7.54061700e-01	8.82970800e-01	7.80449586e+00
7.55059600e-01	6.38109400e-01	7.66385290e+00
7.56057400e-01	5.94614400e-01	7.62152067e+00
7.57055300e-01	7.63097200e-01	7.68874685e+00
7.58053200e-01	1.01041170e+00	7.93373918e+00
7.59051100e-01	1.13097060e+00	7.97198987e+00
7.60049000e-01	1.04246860e+00	7.94592503e+00
7.61046900e-01	9.82838300e-01	7.90242760e+00
7.62044800e-01	9.14565400e-01	7.91390474e+00
7.63042600e-01	7.60160500e-01	7.78032744e+00
7.64040500e-01	8.19503300e-01	7.79880910e+00
7.65038400e-01	8.99350200e-01	1.86336710e-01
7.66036300e-01	5.45368100e-01	7.69572929e+00
7.67034200e-01	7.77337100e-01	7.79428549e+00
7.68032100e-01	7.74348300e-01	1.84984369e-01
7.69030000e-01	5.89409800e-01	1.81763197e-01
7.70027800e-01	9.03584300e-01	1.85517531e-01
7.71025700e-01	9.63520400e-01	1.89161827e-01
7.72023600e-01	7.09317900e-01	7.77989209e+00
7.73021500e-01	8.79074900e-01	7.83927088e+00
7.74019400e-01	8.18491300e-01	1.85199169e-01
7.75017300e-01	6.65143300e-01	1.83253325e-01
7.76015100e-01	2.76954600e-01	1.76578199e-01
7.77013000e-01	9.20229700e-01	1.89379021e-01
7.78010900e-01	6.17079000e-01	1.81215494e-01
7.79008800e-01	9.11852500e-01	1.88566402e-01
7.80006700e-01	9.23546100e-01	1.90538343e-01
7.81004600e-01	8.30605700e-01	1.87421720e-01
7.82002500e-01	5.16691700e-01	1.80885571e-01
7.83000300e-01	5.41203800e-01	1.81703241e-01
7.83998200e-01	9.98290900e-01	7.96477764e+00
7.84996100e-01	8.05838600e-01	7.82329492e+00
7.85994000e-01	4.61118900e-01	1.81988930e-01
7.86991900e-01	6.54920200e-01	1.84584461e-01
7.87989800e-01	6.97102500e-01	1.85189726e-01
7.88987700e-01	7.86401800e-01	1.87581056e-01
7.89985500e-01	9.55084200e-01	7.98978964e+00
7.90983400e-01	8.22499700e-01	7.90774088e+00
7.91981300e-01	9.54480300e-01	1.89654208e-01
7.92979200e-01	1.15095090e+00	1.96999304e-01
7.93977100e-01	8.64526400e-01	1.89084619e-01
7.94975000e-01	9.36306400e-01	1.89229917e-01
7.95972900e-01	6.43062100e-01	7.84826400e+00
7.96970700e-01	8.36041700e-01	7.92381829e+00
7.97968600e-01	1.02345010e+00	8.06059436e+00
7.98966500e-01	9.44314800e-01	1.92356480e-01
7.99964400e-01	6.86710000e-01	1.84414784e-01
8.00962300e-01	6.27765200e-01	1.85769859e-01
8.01960200e-01	3.85913800e-01	1.79409593e-01
8.02958100e-01	6.21913000e-01	1.84973373e-01
8.03955900e-01	8.31862800e-01	1.89580793e-01
8.04953800e-01	9.85407700e-01	1.91327641e-01
8.05951700e-01	3.57586400e-01	1.80970115e-01
8.06949600e-01	8.09830600e-01	1.89134275e-01
8.07947500e-01	1.16991330e+00	1.96440447e-01
8.08945400e-01	1.06750450e+00	1.96574319e-01
8.09943300e-01	8.64387000e-01	1.90745246e-01
8.10941100e-01	7.25174500e-01	1.89465531e-01
8.11939000e-01	6.51378900e-01	1.87049537e-01
8.12936900e-01	7.75127100e-01	7.98954533e+00
8.13934800e-01	8.92583000e-01	8.05348754e+00
8.14932700e-01	8.28546700e-01	1.89907864e-01
8.15930600e-01	6.07061900e-01	1.87320588e-01
8.16928400e-01	9.70714700e-01	1.93408119e-01
8.17926300e-01	9.10392600e-01	1.92517323e-01
8.18924200e-01	1.03851220e+00	1.95183935e-01
8.19922100e-01	7.75402600e-01	1.91990204e-01
8.20920000e-01	4.93486900e-01	1.83890512e-01
8.21917900e-01	6.30992700e-01	1.87052623e-01
8.22915800e-01	1.07492840e+00	1.96348518e-01
8.23913600e-01	8.61472900e-01	1.93251371e-01
8.24911500e-01	8.59132500e-01	1.90398087e-01
8.25909400e-01	6.65711100e-01	1.88315398e-01
8.26907300e-01	8.16502200e-01	1.90594246e-01
8.27905200e-01	5.46740000e-01	1.87048071e-01
8.28903100e-01	6.20930000e-01	7.91149614e+00
8.29901000e-01	1.06116470e+00	8.19624963e+00
8.30898800e-01	6.41907100e-01	1.88857690e-01
8.31896700e-01	6.52898900e-01	1.87349870e-01
8.32894600e-01	1.03787220e+00	1.96074959e-01
8.33892500e-01	9.14669100e-01	1.94395984e-01
8.34890400e-01	6.30470900e-01	1.87893491e-01
8.35888300e-01	9.91067800e-01	1.96336933e-01
8.36886200e-01	7.11346200e-01	1.90806035e-01
8.37884000e-01	7.97493900e-01	8.05699378e+00
8.38881900e-01	6.98240500e-01	8.00032643e+00
8.39879800e-01	9.25431000e-01	8.13039207e+00
8.40877700e-01	5.15749500e-01	7.87597472e+00
8.41875600e-01	7.47601100e-01	8.02536452e+00
8.42873500e-01	8.03371600e-01	8.09247094e+00
8.43871400e-01	9.54786100e-01	8.14991578e+00
8.44869200e-01	8.90043900e-01	1.93171661e-01
8.45867100e-01	7.83456300e-01	1.92091409e-01
8.46865000e-01	9.52638400e-01	1.97244362e-01
8.47862900e-01	1.18480790e+00	8.28550779e+00
8.48860800e-01	8.86748000e-01	8.08729641e+00
8.49858700e-01	8.61508600e-01	8.14808208e+00
8.50856600e-01	9.19939300e-01	8.17955586e+00
8.51854400e-01	1.10304730e+00	8.27992930e+00
8.52852300e-01	4.07118200e-01	7.87605188e+00
8.53850200e-01	6.75577200e-01	8.02202985e+00
8.54848100e-01	8.10612500e-01	8.13782826e+00
8.55846000e-01	1.00509810e+00	8.23557496e+00
8.56843900e-01	4.38620800e-01	7.93278624e+00
8.57841700e-01	8.59517600e-01	1.93642341e-01
8.58839600e-01	1.30441560e+00	2.04232066e-01
8.59837500e-01	6.93972600e-01	8.06654499e+00
8.60835400e-01	9.51558600e-01	8.26375264e+00
8.61833300e-01	1.01446720e+00	1.95921813e-01
8.62831200e-01	9.10846300e-01	1.97592132e-01
8.63829100e-01	8.25606700e-01	1.95913932e-01
8.64826900e-01	1.01315280e+00	1.97753786e-01
8.65824800e-01	1.10075680e+00	2.00157213e-01
8.66822700e-01	8.11762000e-01	1.97257175e-01
8.67820600e-01	1.15722840e+00	2.01506725e-01
8.68818500e-01	8.59466800e-01	1.94445233e-01
8.69816400e-01	5.35061600e-01	1.90221394e-01
8.70814300e-01	3.84975900e-01	1.86971109e-01
8.71812100e-01	1.05490570e+00	2.00776248e-01
8.72810000e-01	1.07991190e+00	2.01271456e-01
8.73807900e-01	6.17949000e-01	8.12125546e+00
8.74805800e-01	4.22695600e-01	7.97360146e+00
8.75803700e-01	1.16720610e+00	2.01834286e-01
8.76801600e-01	9.53914000e-01	1.97926845e-01
8.77799500e-01	5.92928800e-01	1.91209058e-01
8.78797300e-01	9.36685700e-01	2.00366789e-01
8.79795200e-01	1.01470410e+00	2.00024928e-01
8.80793100e-01	7.29573900e-01	8.18187962e+00
8.81791000e-01	1.24008490e+00	8.46644353e+00
8.82788900e-01	1.27433600e+00	8.49128371e+00
8.83786800e-01	8.40492500e-01	8.26062715e+00
8.84784700e-01	9.27246500e-01	1.98264492e-01
8.85782500e-01	7.36323500e-01	8.20817537e+00
8.86780400e-01	8.50031500e-01	8.26534886e+00
8.87778300e-01	9.36575000e-01	8.33724282e+00
8.88776200e-01	8.16967600e-01	8.23152454e+00
8.89774100e-01	9.67387000e-01	1.99393395e-01
8.90772000e-01	1.06986490e+00	2.00706066e-01
8.91769900e-01	6.28511400e-01	1.92373892e-01
8.92767700e-01	1.18867630e+00	2.03814357e-01
8.93765600e-01	7.81071100e-01	1.96925784e-01
8.94763500e-01	9.95524900e-01	8.37480985e+00
8.95761400e-01	1.03940610e+00	8.36278096e+00
8.96759300e-01	1.03148130e+00	2.00006933e-01
8.97757200e-01	6.33441900e-01	1.95254729e-01
8.98755000e-01	8.65610800e-01	1.97674266e-01
8.99752900e-01	7.82296700e-01	1.95528274e-01
9.00750800e-01	9.69762500e-01	2.01608276e-01
9.01748700e-01	8.28648700e-01	1.98538899e-01
9.02746600e-01	1.06147380e+00	2.01314025e-01
9.03744500e-01	9.47354800e-01	1.99495105e-01
9.04742400e-01	1.00758800e+00	2.04617857e-01
9.05740200e-01	9.55179100e-01	8.35980549e+00
9.06738100e-01	9.20065200e-01	8.41071807e+00
9.07736000e-01	6.49289200e-01	1.95961840e-01
9.08733900e-01	1.03643380e+00	2.02214776e-01
9.09731800e-01	1.00057120e+00	2.03115412e-01
9.10729700e-01	7.57465300e-01	1.99734475e-01
9.11727600e-01	9.56859300e-01	2.01472958e-01
9.12725400e-01	5.29484700e-01	1.92097781e-01
9.13723300e-01	5.01662400e-01	1.93714550e-01
9.14721200e-01	6.33456000e-01	1.94524877e-01
9.15719100e-01	9.34800600e-01	2.00531631e-01
9.16717000e-01	1.04290720e+00	2.03576757e-01
9.17714900e-01	9.21456400e-01	2.01308732e-01
9.18712800e-01	8.91114100e-01	1.99342624e-01
9.19710600e-01	7.43982900e-01	8.24842289e+00
9.20708500e-01	1.13501500e+00	8.53401260e+00
9.21706400e-01	9.46478900e-01	8.41300950e+00
9.22704300e-01	9.08939300e-01	2.01898957e-01
9.23702200e-01	4.34369200e-01	1.92663020e-01
9.24700100e-01	9.73477700e-01	2.01239358e-01
9.25698000e-01	6.80807900e-01	1.98012974e-01
9.26695800e-01	9.66659200e-01	2.03991243e-01
9.27693700e-01	8.70882100e-01	2.00181907e-01
9.28691600e-01	1.02022620e+00	8.46428391e+00
9.29689500e-01	1.03182710e+00	8.52058795e+00
9.30687400e-01	8.73654400e-01	8.42382834e+00
9.31685300e-01	9.43024300e-01	8.50628095e+00
9.32683200e-01	8.44407900e-01	2.02926237e-01
9.33681000e-01	7.37195600e-01	1.98293428e-01
9.34678900e-01	9.23639800e-01	2.03167387e-01
9.35676800e-01	9.40061600e-01	2.03587718e-01
9.36674700e-01	1.02032740e+00	2.05226946e-01
9.37672600e-01	9.88141500e-01	2.04392000e-01
9.38670500e-01	8.33740200e-01	8.42315838e+00
9.39668300e-01	6.49016400e-01	8.33577427e+00
9.40666200e-01	7.42966600e-01	2.00268174e-01
9.41664100e-01	1.06017960e+00	2.05051027e-01
9.42662000e-01	8.57434100e-01	2.01388511e-01
9.43659900e-01	7.38496400e-01	1.98921455e-01
9.44657800e-01	9.69927300e-01	2.03913682e-01
9.45655700e-01	1.21352280e+00	2.08830282e-01
9.46653500e-01	8.27329300e-01	2.00877767e-01
9.47651400e-01	7.68865200e-01	2.02011090e-01
9.48649300e-01	7.45794400e-01	2.01661489e-01
9.49647200e-01	8.62261500e-01	2.01711336e-01
9.50645100e-01	8.05325100e-01	2.02464211e-01
9.51643000e-01	7.10437300e-01	2.00921586e-01
9.52640900e-01	1.19300230e+00	2.08364697e-01
9.53638700e-01	1.12695200e+00	2.11132255e-01
9.54636600e-01	9.42439700e-01	2.05003223e-01
9.55634500e-01	8.96628700e-01	2.03900493e-01
9.56632400e-01	9.13211200e-01	2.06362098e-01
9.57630300e-01	1.32001490e+00	2.12357655e-01
9.58628200e-01	7.49988500e-01	1.99840699e-01
9.59626100e-01	8.45967700e-01	8.48692009e+00
9.60623900e-01	8.58222500e-01	8.51349734e+00
9.61621800e-01	1.11209460e+00	8.62938764e+00
9.62619700e-01	6.14722200e-01	1.99856577e-01
9.63617600e-01	9.26123600e-01	2.07275437e-01
9.64615500e-01	1.00373660e+00	2.05179926e-01
9.65613400e-01	8.81828600e-01	2.04850325e-01
9.66611300e-01	9.17788700e-01	2.06336950e-01
9.67609100e-01	8.77830200e-01	2.01736598e-01
9.68607000e-01	7.08365300e-01	2.02197551e-01
9.69604900e-01	7.45669900e-01	2.02843651e-01
9.70602800e-01	1.08269410e+00	2.08074304e-01
9.71600700e-01	6.45490700e-01	2.01081422e-01
9.72598600e-01	6.43023000e-01	2.01392117e-01
9.73596400e-01	8.30396500e-01	8.56970933e+00
9.74594300e-01	9.72764800e-01	8.62981337e+00
9.75592200e-01	7.91971800e-01	8.51354585e+00
9.76590100e-01	1.05205750e+00	2.08182001e-01
9.77588000e-01	6.65284200e-01	8.50657460e+00
9.78585900e-01	1.22587070e+00	8.78584275e+00
9.79583800e-01	6.34032800e-01	1.99728433e-01
9.80581600e-01	4.36495900e-01	1.99333364e-01
9.81579500e-01	1.12204730e+00	2.09848238e-01
9.82577400e-01	8.34706100e-01	2.05535067e-01
9.83575300e-01	1.30419550e+00	2.14172520e-01
9.84573200e-01	9.68832800e-01	2.09090953e-01
9.85571100e-01	8.06130200e-01	2.03225055e-01
9.86569000e-01	5.84967300e-01	2.00930103e-01
9.87566800e-01	9.24355200e-01	2.09488253e-01
9.88564700e-01	9.08373200e-01	2.04749487e-01
9.89562600e-01	9.78669300e-01	2.09797374e-01
9.90560500e-01	7.41522600e-01	2.03801584e-01
9.91558400e-01	8.03459500e-01	2.02891206e-01
9.92556300e-01	6.97764900e-01	2.05375794e-01
9.93554200e-01	1.16206910e+00	2.14533579e-01
9.94552000e-01	1.11238290e+00	2.09674639e-01
9.95549900e-01	1.02215120e+00	2.10191936e-01
9.96547800e-01	1.10755040e+00	2.13314630e-01
9.97545700e-01	6.53273000e-01	8.55975766e+00
9.98543600e-01	9.80291300e-01	8.74190843e+00
9.99541500e-01	8.88340800e-01	8.69821278e+00
1.00053900e+00	5.61885400e-01	2.02574183e-01
1.00153700e+00	1.10713110e+00	8.84122283e+00
1.00253500e+00	6.71455000e-01	8.65959775e+00
1.00353300e+00	1.16321100e+00	8.90338838e+00
1.00453100e+00	1.26055070e+00	8.88950659e+00
1.00552900e+00	1.02068900e+00	8.88243744e+00
1.00652700e+00	9.36373000e-01	2.11728452e-01
1.00752500e+00	9.36253900e-01	2.20277287e-01
1.00852200e+00	8.06037300e-01	2.22221905e-01
1.00952000e+00	9.57888100e-01	8.82792581e+00
1.01051800e+00	7.85867900e-01	2.28557804e-01
1.01151600e+00	8.78376700e-01	2.30836229e-01
1.01251400e+00	1.01404190e+00	8.83614745e+00
1.01351200e+00	7.41538900e-01	8.68571583e+00
1.01451000e+00	9.86109000e-01	2.42327597e-01
1.01550800e+00	9.99237500e-01	2.48127239e-01
1.01650600e+00	6.53374400e-01	2.41594695e-01
1.01750300e+00	1.50656520e+00	2.60250997e-01
1.01850100e+00	8.67735200e-01	2.53241479e-01
1.01949900e+00	6.87112900e-01	2.50524123e-01
1.00000000e+02	0.00000000e+00	0.00000000e+00
