q[A-1]	I(q)[sr-1]_nmA(Lyso_Lyso_4_000_350_sub.dat_00001_[sub(Lyso_Lyso_4_000_350.dat_00001_[]-Lyso_Buffer_2_000_350_mult.dat_00001_[mult(Lyso_Buffer_2_000_350.dat_00001_[</fileinfo>]*0.7000)])])	error
2.26117100e-02	2.19912260e+01	1.09935262e+00
2.36095900e-02	2.10478580e+01	8.33331398e-01
2.46074800e-02	2.02109460e+01	4.93775673e-01
2.56053600e-02	2.01186610e+01	4.18001210e-01
2.66032500e-02	1.99812265e+01	3.48927659e-01
2.76011300e-02	1.98512488e+01	3.09315764e-01
2.85990200e-02	1.95203715e+01	2.77015468e-01
2.95969000e-02	1.91386608e+01	2.57391594e-01
3.05947900e-02	1.90239584e+01	2.35426828e-01
3.15926800e-02	1.90216865e+01	2.33910358e-01
3.25905600e-02	1.90259448e+01	2.28961319e-01
3.35884500e-02	1.87236137e+01	2.14337726e-01
3.45863300e-02	1.87941959e+01	2.15394097e-01
3.55842200e-02	1.85790472e+01	2.04116912e-01
3.65821000e-02	1.82679666e+01	2.06008854e-01
3.75799900e-02	1.85289027e+01	1.99583708e-01
3.85778700e-02	1.81779400e+01	1.92136617e-01
3.95757600e-02	1.81498677e+01	1.89699663e-01
4.05736400e-02	1.78225025e+01	1.82233164e-01
4.15715300e-02	1.76537032e+01	1.86578274e-01
4.25694100e-02	1.77838675e+01	1.46537549e+01
4.35673000e-02	1.76980438e+01	1.45998040e+01
4.45651900e-02	1.74375990e+01	1.44853269e+01
4.55630700e-02	1.74431157e+01	1.71112455e-01
4.65609600e-02	1.74584343e+01	1.44638348e+01
4.75588400e-02	1.71921800e+01	1.43365835e+01
4.85567300e-02	1.70632607e+01	1.42975339e+01
4.95546100e-02	1.65571888e+01	1.41436771e+01
5.05525000e-02	1.68810345e+01	1.62083981e-01
5.15503800e-02	1.67993250e+01	1.60629965e-01
5.25482700e-02	1.66814592e+01	1.57410043e-01
5.35461500e-02	1.65234771e+01	1.56280988e-01
5.45440400e-02	1.62663483e+01	1.54335671e-01
5.55419200e-02	1.61602247e+01	1.49246657e-01
5.65398100e-02	1.63078082e+01	1.58073766e-01
5.75376900e-02	1.60518427e+01	1.50362851e-01
5.85355800e-02	1.59516544e+01	1.51477818e-01
5.95334700e-02	1.55880189e+01	1.47730436e-01
6.05313500e-02	1.55692033e+01	1.44260575e-01
6.15292400e-02	1.51767234e+01	1.49226647e-01
6.25271200e-02	1.54095646e+01	1.45072827e-01
6.35250100e-02	1.52826388e+01	1.44062174e-01
6.45228900e-02	1.50450873e+01	1.42169037e-01
6.55207800e-02	1.48279979e+01	1.40387309e-01
6.65186600e-02	1.47027073e+01	1.44465115e-01
6.75165500e-02	1.45226195e+01	1.36847220e-01
6.85144300e-02	1.44075063e+01	1.39143100e-01
6.95123200e-02	1.43944805e+01	1.34392184e-01
7.05102000e-02	1.42374126e+01	1.34910029e-01
7.15080900e-02	1.40959237e+01	1.34032428e-01
7.25059700e-02	1.40509619e+01	1.30158019e+01
7.35038600e-02	1.37931844e+01	1.29503043e+01
7.45017500e-02	1.33774771e+01	1.28036509e+01
7.54996300e-02	1.35016717e+01	1.30664030e-01
7.64975200e-02	1.32417523e+01	1.27675901e-01
7.74954000e-02	1.31894635e+01	1.28013537e-01
7.84932900e-02	1.29514299e+01	1.26461853e-01
7.94911700e-02	1.30103825e+01	1.22585047e-01
8.04890600e-02	1.28272236e+01	1.25776022e-01
8.14869400e-02	1.25569452e+01	1.21262367e-01
8.24848300e-02	1.23124707e+01	1.19807160e-01
8.34827100e-02	1.24318581e+01	1.21268453e-01
8.44806000e-02	1.21782368e+01	1.17685737e-01
8.54784800e-02	1.20677358e+01	1.18809736e-01
8.64763700e-02	1.19256482e+01	1.17481640e-01
8.74742600e-02	1.17976628e+01	1.15864197e-01
8.84721400e-02	1.13424408e+01	1.15681145e-01
8.94700300e-02	1.14529319e+01	1.15140548e-01
9.04679100e-02	1.13678916e+01	1.14828179e-01
9.14658000e-02	1.11906914e+01	1.11375916e-01
9.24636800e-02	1.10222164e+01	1.11156599e-01
9.34615700e-02	1.09964706e+01	1.11627922e-01
9.44594500e-02	1.04882562e+01	1.08575699e-01
9.54573400e-02	1.06404052e+01	1.09014553e-01
9.64552200e-02	1.03801912e+01	1.07056371e-01
9.74531100e-02	1.02357778e+01	1.06568864e-01
9.84509900e-02	1.02338163e+01	1.15026744e+01
9.94488800e-02	9.94723490e+00	1.14050719e+01
1.00446800e-01	9.76101500e+00	1.04237741e-01
1.01444700e-01	9.71382320e+00	1.12982366e+01
1.02442500e-01	9.81703370e+00	1.13480915e+01
1.03440400e-01	9.26889230e+00	1.11399494e+01
1.04438300e-01	9.33151890e+00	9.97739599e-02
1.05436200e-01	9.29005780e+00	1.00149316e-01
1.06434100e-01	9.00334780e+00	9.84636795e-02
1.07432000e-01	9.00376430e+00	9.89144202e-02
1.08429800e-01	8.81427500e+00	9.62373493e-02
1.09427700e-01	8.56234180e+00	9.59985298e-02
1.10425600e-01	8.54354390e+00	9.60261101e-02
1.11423500e-01	8.34968320e+00	1.07095170e+01
1.12421400e-01	8.23108500e+00	1.06889693e+01
1.13419300e-01	8.23184700e+00	9.24659152e-02
1.14417200e-01	7.99315040e+00	9.03140518e-02
1.15415000e-01	7.79071740e+00	9.15069271e-02
1.16412900e-01	7.60087940e+00	8.96153807e-02
1.17410800e-01	7.58692070e+00	8.87091134e-02
1.18408700e-01	7.38946520e+00	8.91903401e-02
1.19406600e-01	7.23794950e+00	8.68112832e-02
1.20404500e-01	7.12062490e+00	8.73519011e-02
1.21402400e-01	7.16568140e+00	8.64653762e-02
1.22400200e-01	7.04580900e+00	8.52901406e-02
1.23398100e-01	6.91451140e+00	8.39658649e-02
1.24396000e-01	6.70883540e+00	8.41778187e-02
1.25393900e-01	6.66281880e+00	8.37777164e-02
1.26391800e-01	6.44879050e+00	8.21110273e-02
1.27389700e-01	6.53797390e+00	8.31062727e-02
1.28387600e-01	6.29014450e+00	9.79532472e+00
1.29385400e-01	6.12231130e+00	9.75915804e+00
1.30383300e-01	5.94382770e+00	8.11482217e-02
1.31381200e-01	5.95820880e+00	7.87022742e-02
1.32379100e-01	5.84629970e+00	7.80910152e-02
1.33377000e-01	5.78621640e+00	7.70016900e-02
1.34374900e-01	5.62747920e+00	7.81394127e-02
1.35372800e-01	5.60285440e+00	7.72167101e-02
1.36370600e-01	5.36214140e+00	7.52175742e-02
1.37368500e-01	5.38022030e+00	7.59527689e-02
1.38366400e-01	5.35447900e+00	7.54969250e-02
1.39364300e-01	5.16522800e+00	7.32347504e-02
1.40362200e-01	5.10616970e+00	7.41797356e-02
1.41360100e-01	4.89446830e+00	9.15691449e+00
1.42357900e-01	5.02426430e+00	9.19321440e+00
1.43355800e-01	4.70747320e+00	7.10073968e-02
1.44353700e-01	4.66121550e+00	7.17710872e-02
1.45351600e-01	4.65797810e+00	7.07085368e-02
1.46349500e-01	4.41718410e+00	6.86900533e-02
1.47347400e-01	4.45584080e+00	7.06509654e-02
1.48345300e-01	4.29637120e+00	6.77589495e-02
1.49343100e-01	4.41185300e+00	6.96975043e-02
1.50341000e-01	4.29389190e+00	6.82639921e-02
1.51338900e-01	4.08740330e+00	6.80237554e-02
1.52336800e-01	4.10464010e+00	6.81857125e-02
1.53334700e-01	4.02706190e+00	6.59409128e-02
1.54332600e-01	3.99826760e+00	8.61462881e+00
1.55330500e-01	3.82252860e+00	8.53816960e+00
1.56328300e-01	3.64631970e+00	6.51437761e-02
1.57326200e-01	3.74699730e+00	6.62082568e-02
1.58324100e-01	3.59932350e+00	6.35113574e-02
1.59322000e-01	3.41302580e+00	6.36514338e-02
1.60319900e-01	3.49449100e+00	6.37050798e-02
1.61317800e-01	3.42435670e+00	6.32814106e-02
1.62315700e-01	3.39293690e+00	6.25862999e-02
1.63313500e-01	3.20358050e+00	6.12714769e-02
1.64311400e-01	3.14111630e+00	6.20391995e-02
1.65309300e-01	3.04134820e+00	6.05736202e-02
1.66307200e-01	3.05802940e+00	6.02509895e-02
1.67305100e-01	3.10128730e+00	6.04984604e-02
1.68303000e-01	2.85713120e+00	5.87581691e-02
1.69300900e-01	2.84914860e+00	6.01690385e-02
1.70298700e-01	2.84863290e+00	5.89809693e-02
1.71296600e-01	2.68699650e+00	5.83454286e-02
1.72294500e-01	2.68184200e+00	5.79079244e-02
1.73292400e-01	2.68134360e+00	5.77099354e-02
1.74290300e-01	2.63475760e+00	5.86234949e-02
1.75288200e-01	2.46573100e+00	5.62816778e-02
1.76286100e-01	2.55771020e+00	5.71050444e-02
1.77283900e-01	2.45604200e+00	5.58509896e-02
1.78281800e-01	2.31756950e+00	5.65621539e-02
1.79279700e-01	2.28995930e+00	5.56798801e-02
1.80277600e-01	2.30917900e+00	5.50093999e-02
1.81275500e-01	2.22178890e+00	5.50912523e-02
1.82273400e-01	2.14719450e+00	5.41056321e-02
1.83271200e-01	2.20814520e+00	7.64597272e+00
1.84269100e-01	2.16320280e+00	7.59739382e+00
1.85267000e-01	2.13380550e+00	7.59612238e+00
1.86264900e-01	2.04179980e+00	7.56583778e+00
1.87262800e-01	2.00417350e+00	5.26475729e-02
1.88260700e-01	1.94565250e+00	5.27540361e-02
1.89258600e-01	1.90605800e+00	5.35788897e-02
1.90256400e-01	1.87464120e+00	7.44753697e+00
1.91254300e-01	1.87784910e+00	7.41969911e+00
1.92252200e-01	1.85230200e+00	5.20529803e-02
1.93250100e-01	1.74727510e+00	5.09319379e-02
1.94248000e-01	1.74476640e+00	5.11291051e-02
1.95245900e-01	1.63066560e+00	4.97161786e-02
1.96243800e-01	1.59455930e+00	5.11356483e-02
1.97241600e-01	1.65611660e+00	5.04372200e-02
1.98239500e-01	1.62359260e+00	5.07225285e-02
1.99237400e-01	1.63071870e+00	5.02369819e-02
2.00235300e-01	1.55443670e+00	4.92452890e-02
2.01233200e-01	1.52100530e+00	4.96132740e-02
2.02231100e-01	1.51300070e+00	4.85941725e-02
2.03229000e-01	1.52492860e+00	4.93836973e-02
2.04226800e-01	1.45034390e+00	4.87890635e-02
2.05224700e-01	1.44389400e+00	4.84365680e-02
2.06222600e-01	1.50221440e+00	4.86704808e-02
2.07220500e-01	1.35681980e+00	4.77260858e-02
2.08218400e-01	1.36558410e+00	4.80820813e-02
2.09216300e-01	1.32045350e+00	4.80466489e-02
2.10214200e-01	1.29076580e+00	4.74491301e-02
2.11212000e-01	1.31739390e+00	4.78810823e-02
2.12209900e-01	1.25583560e+00	4.67987387e-02
2.13207800e-01	1.26330660e+00	4.70095050e-02
2.14205700e-01	1.21817760e+00	6.99434802e+00
2.15203600e-01	1.16890590e+00	6.95313622e+00
2.16201500e-01	1.13543830e+00	4.59894620e-02
2.17199400e-01	1.09790920e+00	6.99602377e+00
2.18197200e-01	1.13434210e+00	6.95482119e+00
2.19195100e-01	1.09954500e+00	6.96435503e+00
2.20193000e-01	1.09530090e+00	6.96225366e+00
2.21190900e-01	1.05690170e+00	4.54159559e-02
2.22188800e-01	1.05063690e+00	4.48652371e-02
2.23186700e-01	1.10091180e+00	4.52011935e-02
2.24184500e-01	1.08798450e+00	4.50887993e-02
2.25182400e-01	1.08191490e+00	4.52818297e-02
2.26180300e-01	1.09797180e+00	4.42572227e-02
2.27178200e-01	9.51420700e-01	4.40525959e-02
2.28176100e-01	1.07322070e+00	4.49474640e-02
2.29174000e-01	1.06846540e+00	4.41691668e-02
2.30171900e-01	9.82822200e-01	4.38451760e-02
2.31169700e-01	9.92004200e-01	4.38544271e-02
2.32167600e-01	9.79802900e-01	4.34768076e-02
2.33165500e-01	9.57081700e-01	4.29155117e-02
2.34163400e-01	9.52766300e-01	4.25538755e-02
2.35161300e-01	9.59390000e-01	4.33672556e-02
2.36159200e-01	9.05872400e-01	4.29357523e-02
2.37157100e-01	9.21093700e-01	4.34020828e-02
2.38154900e-01	8.76137400e-01	4.31550836e-02
2.39152800e-01	9.33245200e-01	4.23707957e-02
2.40150700e-01	9.65353500e-01	4.28928040e-02
2.41148600e-01	8.69592700e-01	4.27034192e-02
2.42146500e-01	8.43346200e-01	4.21545144e-02
2.43144400e-01	8.27519300e-01	4.24399125e-02
2.44142300e-01	9.23898200e-01	4.24809799e-02
2.45140100e-01	8.73743100e-01	4.31415884e-02
2.46138000e-01	7.96392300e-01	4.20230489e-02
2.47135900e-01	8.55114100e-01	4.23118869e-02
2.48133800e-01	8.14027000e-01	4.17062111e-02
2.49131700e-01	9.23290300e-01	4.19919332e-02
2.50129600e-01	7.93872000e-01	4.19221691e-02
2.51127500e-01	8.50221500e-01	4.18158369e-02
2.52125300e-01	8.70802500e-01	6.77552073e+00
2.53123200e-01	8.14483800e-01	6.71667903e+00
2.54121100e-01	8.14991100e-01	4.16270974e-02
2.55119000e-01	7.90371200e-01	4.13377214e-02
2.56116900e-01	8.18638900e-01	4.12332745e-02
2.57114800e-01	8.71143900e-01	4.12996310e-02
2.58112700e-01	8.01316900e-01	4.15201379e-02
2.59110500e-01	8.50180300e-01	4.06936310e-02
2.60108400e-01	8.29577300e-01	4.09664393e-02
2.61106300e-01	8.45699600e-01	3.94385720e+00
2.62104200e-01	8.33364600e-01	3.90301342e+00
2.63102100e-01	6.85627800e-01	3.98298814e+00
2.64100000e-01	8.37769100e-01	4.03370361e-02
2.65097800e-01	7.99145600e-01	4.03854518e-02
2.66095700e-01	7.49645800e-01	4.07142280e-02
2.67093600e-01	7.68322300e-01	4.09743489e-02
2.68091500e-01	7.55997300e-01	4.05162125e-02
2.69089400e-01	7.74583700e-01	5.13964335e-02
2.70087300e-01	8.20553000e-01	4.03800547e-02
2.71085200e-01	8.05064200e-01	6.69029929e+00
2.72083000e-01	8.19340400e-01	6.69270295e+00
2.73080900e-01	8.65345700e-01	6.69491571e+00
2.74078800e-01	7.66323900e-01	4.05142430e-02
2.75076700e-01	8.28199700e-01	6.69768553e+00
2.76074600e-01	8.38210500e-01	6.75894604e+00
2.77072500e-01	8.46654700e-01	4.01929101e-02
2.78070400e-01	7.76968900e-01	3.91677679e-02
2.79068200e-01	7.70056200e-01	3.99597531e-02
2.80066100e-01	8.43982000e-01	3.94126176e-02
2.81064000e-01	7.87974700e-01	3.92902969e-02
2.82061900e-01	8.40003900e-01	3.97512611e-02
2.83059800e-01	8.46294500e-01	3.91123103e-02
2.84057700e-01	8.15909700e-01	3.95095131e-02
2.85055600e-01	7.78601400e-01	3.97490876e+00
2.86053400e-01	8.31948500e-01	3.95781606e+00
2.87051300e-01	8.32759200e-01	6.73865138e+00
2.88049200e-01	8.28526000e-01	6.69115385e+00
2.89047100e-01	7.69756700e-01	6.68809235e+00
2.90045000e-01	8.60161300e-01	6.72537654e+00
2.91042900e-01	8.74395800e-01	6.73200316e+00
2.92040800e-01	8.27126700e-01	3.86278335e-02
2.93038600e-01	8.41512900e-01	3.85885886e-02
2.94036500e-01	8.35002400e-01	3.85757147e-02
2.95034400e-01	8.13269600e-01	3.84068890e-02
2.96032300e-01	8.66164900e-01	3.85933471e-02
2.97030200e-01	7.89490600e-01	3.82124511e-02
2.98028100e-01	8.39987400e-01	3.86243091e-02
2.99026000e-01	8.41452700e-01	3.88984520e-02
3.00023800e-01	8.39566500e-01	3.79440767e-02
3.01021700e-01	8.53662000e-01	3.89244152e-02
3.02019600e-01	8.04592300e-01	3.94118337e+00
3.03017500e-01	8.26089100e-01	3.92298284e+00
3.04015400e-01	8.01874500e-01	6.71256073e+00
3.05013300e-01	8.59821600e-01	6.74223350e+00
3.06011100e-01	8.77201500e-01	3.91841677e+00
3.07009000e-01	8.54523700e-01	6.75352892e+00
3.08006900e-01	8.56739000e-01	6.72208208e+00
3.09004800e-01	7.90492100e-01	3.92431763e+00
3.10002700e-01	8.46272100e-01	3.91446156e+00
3.11000600e-01	8.64725200e-01	3.95526395e+00
3.11998500e-01	8.07811600e-01	3.75546985e-02
3.12996300e-01	7.71514800e-01	3.77379195e-02
3.13994200e-01	8.49702200e-01	3.75432006e-02
3.14992100e-01	8.74034000e-01	3.76300607e-02
3.15990000e-01	8.85832800e-01	3.81050751e-02
3.16987900e-01	9.14491600e-01	6.75911261e+00
3.17985800e-01	8.51871100e-01	6.74712203e+00
3.18983700e-01	8.93990000e-01	3.75650866e-02
3.19981500e-01	8.03288900e-01	3.71550184e-02
3.20979400e-01	8.13166700e-01	3.75412001e-02
3.21977300e-01	8.31140100e-01	3.69253659e-02
3.22975200e-01	8.27911500e-01	3.74225465e-02
3.23973100e-01	8.46915900e-01	3.68264945e-02
3.24971000e-01	7.89310600e-01	3.69074975e-02
3.25968900e-01	8.67650300e-01	3.66716191e-02
3.26966700e-01	9.01989700e-01	3.68905516e-02
3.27964600e-01	8.67396400e-01	3.70675065e-02
3.28962500e-01	8.85348900e-01	3.66146107e-02
3.29960400e-01	8.75801000e-01	3.66738174e-02
3.30958300e-01	7.88425300e-01	3.66956929e-02
3.31956200e-01	8.77845600e-01	3.67310729e-02
3.32954100e-01	8.61796700e-01	3.66962113e-02
3.33951900e-01	8.86840900e-01	3.59965109e-02
3.34949800e-01	8.40645000e-01	3.67001894e-02
3.35947700e-01	8.30161000e-01	6.70737613e+00
3.36945600e-01	8.87794700e-01	6.71739940e+00
3.37943500e-01	8.76299900e-01	6.72944800e+00
3.38941400e-01	9.00851900e-01	6.75322030e+00
3.39939200e-01	8.57666300e-01	3.69048251e-02
3.40937100e-01	8.76183000e-01	3.63927485e-02
3.41935000e-01	8.39087500e-01	6.77287746e+00
3.42932900e-01	8.56805300e-01	6.73452427e+00
3.43930800e-01	8.68492300e-01	6.73007036e+00
3.44928700e-01	8.31761400e-01	3.61289165e-02
3.45926600e-01	8.03952300e-01	3.57783789e-02
3.46924400e-01	8.63193800e-01	3.56330726e-02
3.47922300e-01	8.56972100e-01	6.75127264e+00
3.48920200e-01	8.34832900e-01	6.75546022e+00
3.49918100e-01	8.70314800e-01	6.76196325e+00
3.50916000e-01	7.77371000e-01	6.73282407e+00
3.51913900e-01	8.70899600e-01	3.58299798e-02
3.52911800e-01	8.55608800e-01	3.56257600e-02
3.53909600e-01	8.54008900e-01	3.56972884e-02
3.54907500e-01	9.00312000e-01	3.56381224e-02
3.55905400e-01	8.92840500e-01	3.52579925e-02
3.56903300e-01	8.61160100e-01	3.59266093e-02
3.57901200e-01	8.60772600e-01	3.51964865e-02
3.58899100e-01	8.32121400e-01	3.55210389e-02
3.59897000e-01	8.69950300e-01	3.57280836e-02
3.60894800e-01	8.06374200e-01	3.51383141e-02
3.61892700e-01	7.82465900e-01	3.54950235e-02
3.62890600e-01	9.53707200e-01	3.48257223e-02
3.63888500e-01	8.29335200e-01	3.51746317e-02
3.64886400e-01	8.52952700e-01	3.48374358e-02
3.65884300e-01	8.99331800e-01	3.54414953e-02
3.66882200e-01	8.53694700e-01	6.74365548e+00
3.67880000e-01	8.54717300e-01	6.72851640e+00
3.68877900e-01	8.10765100e-01	3.50771371e-02
3.69875800e-01	8.16866500e-01	3.46691404e-02
3.70873700e-01	8.66792200e-01	3.51244180e-02
3.71871600e-01	8.57831700e-01	3.51385269e-02
3.72869500e-01	7.83977700e-01	3.45009321e-02
3.73867400e-01	7.90331200e-01	3.48552493e-02
3.74865200e-01	7.74357400e-01	3.43717245e-02
3.75863100e-01	8.54087300e-01	6.74244138e+00
3.76861000e-01	8.34250000e-01	6.75045956e+00
3.77858900e-01	8.23177800e-01	6.73373368e+00
3.78856800e-01	7.92664400e-01	3.48372816e-02
3.79854700e-01	8.71486800e-01	3.40644940e-02
3.80852500e-01	8.21577500e-01	6.71441156e+00
3.81850400e-01	7.72178000e-01	6.69811986e+00
3.82848300e-01	8.10444800e-01	3.42305394e-02
3.83846200e-01	9.14999300e-01	6.73015353e+00
3.84844100e-01	8.12135000e-01	6.73532234e+00
3.85842000e-01	7.95756800e-01	3.42072323e-02
3.86839900e-01	8.25565400e-01	3.42452146e-02
3.87837700e-01	8.49541200e-01	3.42849768e-02
3.88835600e-01	8.79520900e-01	3.42654972e-02
3.89833500e-01	8.02553700e-01	3.94432066e+00
3.90831400e-01	8.16361400e-01	3.95136347e+00
3.91829300e-01	8.00421300e-01	3.37062548e-02
3.92827200e-01	7.73542800e-01	3.36848072e-02
3.93825100e-01	8.62015000e-01	3.36788368e-02
3.94822900e-01	8.22618100e-01	3.37155932e-02
3.95820800e-01	8.48463500e-01	3.39895711e-02
3.96818700e-01	8.53603500e-01	3.36162908e-02
3.97816600e-01	8.00808800e-01	3.38632893e-02
3.98814500e-01	8.75007500e-01	6.77773646e+00
3.99812400e-01	7.99303600e-01	6.74493567e+00
4.00810300e-01	8.53338700e-01	3.35666022e-02
4.01808100e-01	7.96155400e-01	3.37143078e-02
4.02806000e-01	8.02347300e-01	3.37506653e-02
4.03803900e-01	7.45987800e-01	3.33656930e-02
4.04801800e-01	7.36595300e-01	3.35385888e-02
4.05799700e-01	7.60380700e-01	6.72188673e+00
4.06797600e-01	7.97020100e-01	6.79413733e+00
4.07795500e-01	8.35124600e-01	6.75723632e+00
4.08793300e-01	7.95078200e-01	6.77371606e+00
4.09791200e-01	8.42932700e-01	3.35425093e-02
4.10789100e-01	8.02499700e-01	3.30396179e-02
4.11787000e-01	8.11668200e-01	3.32479669e-02
4.12784900e-01	8.36676800e-01	3.31015453e-02
4.13782800e-01	7.65896300e-01	3.28258098e-02
4.14780700e-01	8.13887100e-01	3.37052465e-02
4.15778500e-01	8.74724200e-01	3.28917233e-02
4.16776400e-01	7.80305400e-01	3.30279013e-02
4.17774300e-01	8.36568300e-01	6.75461512e+00
4.18772200e-01	8.20818400e-01	6.74066076e+00
4.19770100e-01	7.41985400e-01	6.72459989e+00
4.20768000e-01	8.17196800e-01	3.27847495e-02
4.21765800e-01	8.00260000e-01	3.31738954e-02
4.22763700e-01	7.47009300e-01	3.25123921e-02
4.23761600e-01	8.05244000e-01	3.95811310e+00
4.24759500e-01	8.08432800e-01	3.95705967e+00
4.25757400e-01	8.41730300e-01	3.97350439e+00
4.26755300e-01	7.99762900e-01	6.78526654e+00
4.27753200e-01	7.76377100e-01	6.73364616e+00
4.28751000e-01	7.59031500e-01	6.73282259e+00
4.29748900e-01	7.34394700e-01	6.73920576e+00
4.30746800e-01	8.48481800e-01	6.76048566e+00
4.31744700e-01	7.92251400e-01	3.25681082e-02
4.32742600e-01	7.61380100e-01	3.25135205e-02
4.33740500e-01	7.96123100e-01	3.24124122e-02
4.34738400e-01	7.88425300e-01	3.21195728e-02
4.35736200e-01	7.64970700e-01	3.24538601e-02
4.36734100e-01	7.52535900e-01	3.25000697e-02
4.37732000e-01	7.11553100e-01	3.22836833e-02
4.38729900e-01	7.35228300e-01	3.21124534e-02
4.39727800e-01	8.08676700e-01	3.19679177e-02
4.40725700e-01	7.67889500e-01	3.23513693e-02
4.41723600e-01	7.38996700e-01	3.17549310e-02
4.42721400e-01	7.36604500e-01	3.21556735e-02
4.43719300e-01	7.95817400e-01	3.20651808e-02
4.44717200e-01	8.40862700e-01	3.21000298e-02
4.45715100e-01	7.69260300e-01	6.72752829e+00
4.46713000e-01	8.13291300e-01	6.77167706e+00
4.47710900e-01	7.79631200e-01	3.19690770e-02
4.48708800e-01	7.52083200e-01	3.16985401e-02
4.49706600e-01	7.93556900e-01	3.18793037e-02
4.50704500e-01	7.36566200e-01	3.21472022e-02
4.51702400e-01	8.36112900e-01	3.16780468e-02
4.52700300e-01	6.61123700e-01	3.19446384e-02
4.53698200e-01	7.63152200e-01	6.72859012e+00
4.54696100e-01	7.84416600e-01	6.75437501e+00
4.55694000e-01	7.59234200e-01	6.73756481e+00
4.56691800e-01	7.11718600e-01	3.15195069e-02
4.57689700e-01	7.39717400e-01	3.18382830e-02
4.58687600e-01	7.60164000e-01	3.13132072e-02
4.59685500e-01	7.58773700e-01	3.16897300e-02
4.60683400e-01	7.52152600e-01	3.13023296e-02
4.61681300e-01	7.48090000e-01	3.15626412e-02
4.62679100e-01	7.75191400e-01	3.15457143e-02
4.63677000e-01	7.78900200e-01	3.12525984e-02
4.64674900e-01	7.20197700e-01	3.13882121e-02
4.65672800e-01	7.40481200e-01	3.12607237e-02
4.66670700e-01	7.22783100e-01	3.14691791e-02
4.67668600e-01	7.95645400e-01	3.14442132e-02
4.68666500e-01	7.20550200e-01	3.11867776e-02
4.69664300e-01	7.47614700e-01	3.14158955e-02
4.70662200e-01	7.43878300e-01	6.79510536e+00
4.71660100e-01	7.22310700e-01	6.76678549e+00
4.72658000e-01	7.83252500e-01	3.22601411e-02
4.73655900e-01	7.92357800e-01	3.25644231e-02
4.74653800e-01	7.50425700e-01	4.02220322e+00
4.75651700e-01	7.21003100e-01	4.04747321e+00
4.76649500e-01	7.67215100e-01	4.00306589e+00
4.77647400e-01	6.96706500e-01	3.26024389e-02
4.78645300e-01	6.80126000e-01	3.25315202e-02
4.79643200e-01	7.27088100e-01	3.31022940e-02
4.80641100e-01	7.46540200e-01	3.30569597e-02
4.81639000e-01	7.06606500e-01	6.78820928e+00
4.82636900e-01	7.53010900e-01	6.79757900e+00
4.83634700e-01	7.13277100e-01	6.78568177e+00
4.84632600e-01	7.29994000e-01	6.77554995e+00
4.85630500e-01	7.17153800e-01	3.38554715e-02
4.86628400e-01	7.15773800e-01	3.36187175e-02
4.87626300e-01	7.34648100e-01	3.37175128e-02
4.88624200e-01	7.27727300e-01	3.44560791e-02
4.89622100e-01	8.00331200e-01	3.46609923e-02
4.90619900e-01	7.20175700e-01	3.47504312e-02
4.91617800e-01	7.19357900e-01	3.51067906e-02
4.92615700e-01	7.61147700e-01	3.57538601e-02
4.93613600e-01	7.41315800e-01	3.60502545e-02
4.94611500e-01	6.96579100e-01	3.52812072e-02
4.95609400e-01	7.49317200e-01	3.60741755e-02
4.96607300e-01	7.20358800e-01	3.57559533e-02
4.97605100e-01	7.39819900e-01	3.62114359e-02
4.98603000e-01	7.30677700e-01	3.64539216e-02
4.99600900e-01	7.44582500e-01	3.64689751e-02
5.00598800e-01	7.05486200e-01	3.68161365e-02
5.01596700e-01	7.37424300e-01	3.66585901e-02
5.02594600e-01	7.17549100e-01	3.68289824e-02
5.03592400e-01	7.68554900e-01	3.68099065e-02
5.04590300e-01	6.95596200e-01	3.74588259e-02
5.05588200e-01	7.10397600e-01	3.71466957e-02
5.06586100e-01	7.05385500e-01	3.75674822e-02
5.07584000e-01	7.83813100e-01	3.77997672e-02
5.08581900e-01	7.58491700e-01	6.88800340e+00
5.09579800e-01	7.22362300e-01	6.86436241e+00
5.10577600e-01	7.64524000e-01	6.89183349e+00
5.11575500e-01	7.24741800e-01	6.89310112e+00
5.12573400e-01	7.26293800e-01	6.89473608e+00
5.13571300e-01	7.56752700e-01	6.89644160e+00
5.14569200e-01	7.70393700e-01	6.87116461e+00
5.15567100e-01	7.06017300e-01	6.89732769e+00
5.16565000e-01	7.63330200e-01	6.87988958e+00
5.17562800e-01	7.65415100e-01	6.90315300e+00
5.18560700e-01	6.87155400e-01	6.89895687e+00
5.19558600e-01	7.48610600e-01	6.89725168e+00
5.20556500e-01	7.69513200e-01	6.88361322e+00
5.21554400e-01	7.94640000e-01	6.91817422e+00
5.22552300e-01	8.06532100e-01	6.95572581e+00
5.23550200e-01	7.45602500e-01	6.92584870e+00
5.24548000e-01	7.18925600e-01	6.91978453e+00
5.25545900e-01	7.41702700e-01	6.87638464e+00
5.26543800e-01	7.89208800e-01	6.90100624e+00
5.27541700e-01	7.44784400e-01	6.94868816e+00
5.28539600e-01	7.26577300e-01	6.91993860e+00
5.29537500e-01	7.48219600e-01	6.94968021e+00
5.30535400e-01	7.77425700e-01	6.92922996e+00
5.31533200e-01	7.10623600e-01	6.91001753e+00
5.32531100e-01	7.27160500e-01	6.93087216e+00
5.33529000e-01	7.74012700e-01	6.94124769e+00
5.34526900e-01	7.80575900e-01	6.93597594e+00
5.35524800e-01	7.74048800e-01	6.94634380e+00
5.36522700e-01	7.92001800e-01	6.94228100e+00
5.37520500e-01	7.22886900e-01	6.93998291e+00
5.38518400e-01	7.89117200e-01	6.97677671e+00
5.39516300e-01	7.30940000e-01	6.98323500e+00
5.40514200e-01	7.81682600e-01	6.96851592e+00
5.41512100e-01	7.84755400e-01	6.99765288e+00
5.42510000e-01	7.66389100e-01	6.97208467e+00
5.43507900e-01	8.40209200e-01	6.98020436e+00
5.44505700e-01	7.84113800e-01	6.95675087e+00
5.45503600e-01	7.69356400e-01	6.97506820e+00
5.46501500e-01	7.17661500e-01	6.96530472e+00
5.47499400e-01	7.37239400e-01	6.98872834e+00
5.48497300e-01	7.85718900e-01	7.00079785e+00
5.49495200e-01	7.45479100e-01	6.98155348e+00
5.50493100e-01	7.95267900e-01	7.01371746e+00
5.51490900e-01	7.54791600e-01	6.98925967e+00
5.52488800e-01	8.51267400e-01	7.04833216e+00
5.53486700e-01	7.59697600e-01	6.98836100e+00
5.54484600e-01	7.88028100e-01	7.05711719e+00
5.55482500e-01	7.70595300e-01	7.02397230e+00
5.56480400e-01	7.84311300e-01	7.00698774e+00
5.57478300e-01	8.52109800e-01	7.07097960e+00
5.58476100e-01	8.60819000e-01	7.08053767e+00
5.59474000e-01	7.69423500e-01	6.98712549e+00
5.60471900e-01	7.66191900e-01	7.00656299e+00
5.61469800e-01	7.95131800e-01	7.05797655e+00
5.62467700e-01	7.69763800e-01	7.07044512e+00
5.63465600e-01	8.12371800e-01	7.06425627e+00
5.64463500e-01	7.77258600e-01	7.04679857e+00
5.65461300e-01	7.86881600e-01	7.06104646e+00
5.66459200e-01	7.57621000e-01	7.05161590e+00
5.67457100e-01	7.73852900e-01	7.05683415e+00
5.68455000e-01	8.16872000e-01	7.08793065e+00
5.69452900e-01	7.38554900e-01	7.00712373e+00
5.70450800e-01	8.35476000e-01	7.07261626e+00
5.71448700e-01	7.88338100e-01	7.07918417e+00
5.72446500e-01	8.14224200e-01	7.08088018e+00
5.73444400e-01	8.50162900e-01	7.13494169e+00
5.74442300e-01	8.44849000e-01	7.11256515e+00
5.75440200e-01	7.80943900e-01	7.07844841e+00
5.76438100e-01	8.16811700e-01	7.10473964e+00
5.77436000e-01	7.85360900e-01	7.11274603e+00
5.78433800e-01	8.25979500e-01	7.13004396e+00
5.79431700e-01	8.17662200e-01	7.09479173e+00
5.80429600e-01	7.61400600e-01	7.11771520e+00
5.81427500e-01	7.93206200e-01	7.11670794e+00
5.82425400e-01	8.45250300e-01	7.12405748e+00
5.83423300e-01	8.54401200e-01	7.13225398e+00
5.84421200e-01	8.28084000e-01	7.12390891e+00
5.85419000e-01	7.93495400e-01	7.15222058e+00
5.86416900e-01	8.17411100e-01	7.11270250e+00
5.87414800e-01	7.56053000e-01	7.11943952e+00
5.88412700e-01	8.52795800e-01	7.16519633e+00
5.89410600e-01	8.51680400e-01	7.17213392e+00
5.90408500e-01	7.75662800e-01	7.15761983e+00
5.91406400e-01	7.92425600e-01	7.18870198e+00
5.92404200e-01	8.20570800e-01	7.14813090e+00
5.93402100e-01	8.14454600e-01	7.15321410e+00
5.94400000e-01	8.65583500e-01	7.19681407e+00
5.95397900e-01	7.73328800e-01	7.18996133e+00
5.96395800e-01	8.78339300e-01	7.20468069e+00
5.97393700e-01	7.73811800e-01	7.16757324e+00
5.98391600e-01	7.92843100e-01	7.16039432e+00
5.99389400e-01	7.88429400e-01	7.16981942e+00
6.00387300e-01	8.28809900e-01	7.23229238e+00
6.01385200e-01	8.01145600e-01	7.21288963e+00
6.02383100e-01	8.21658200e-01	7.14716603e+00
6.03381000e-01	8.09241000e-01	7.22629567e+00
6.04378900e-01	8.16529900e-01	7.22314802e+00
6.05376800e-01	8.13401400e-01	7.23319509e+00
6.06374600e-01	8.08812200e-01	7.20514757e+00
6.07372500e-01	8.29902500e-01	7.23964941e+00
6.08370400e-01	8.77222700e-01	7.22704648e+00
6.09368300e-01	8.27563900e-01	7.22090511e+00
6.10366200e-01	8.31675700e-01	7.20036549e+00
6.11364100e-01	8.16196000e-01	7.21706989e+00
6.12362000e-01	8.71274900e-01	7.25710006e+00
6.13359800e-01	8.26051700e-01	7.24494396e+00
6.14357700e-01	8.09285100e-01	7.26504468e+00
6.15355600e-01	8.33593300e-01	7.22105505e+00
6.16353500e-01	8.05050400e-01	7.18903683e+00
6.17351400e-01	8.15357400e-01	7.28293865e+00
6.18349300e-01	7.99281000e-01	7.26755178e+00
6.19347100e-01	7.85520800e-01	7.26109114e+00
6.20345000e-01	9.05786300e-01	7.32210937e+00
6.21342900e-01	7.98529300e-01	7.27469592e+00
6.22340800e-01	7.39070300e-01	7.25537686e+00
6.23338700e-01	8.42599200e-01	7.27676378e+00
6.24336600e-01	7.98994900e-01	7.28641169e+00
6.25334500e-01	8.24215500e-01	7.29243623e+00
6.26332300e-01	7.98755600e-01	7.26269389e+00
6.27330200e-01	8.37666100e-01	7.29340917e+00
6.28328100e-01	8.77846600e-01	7.30285770e+00
6.29326000e-01	8.82348500e-01	7.31149960e+00
6.30323900e-01	8.53991300e-01	7.29838864e+00
6.31321800e-01	8.53819500e-01	7.32507747e+00
6.32319700e-01	7.93082100e-01	7.30765162e+00
6.33317500e-01	8.41080300e-01	7.32829830e+00
6.34315400e-01	8.83966400e-01	7.30966849e+00
6.35313300e-01	7.59026000e-01	7.28774487e+00
6.36311200e-01	8.15487900e-01	7.29556828e+00
6.37309100e-01	7.95899200e-01	7.34782209e+00
6.38307000e-01	9.34137400e-01	7.34621974e+00
6.39304900e-01	7.96583700e-01	7.33571422e+00
6.40302700e-01	8.83214900e-01	7.35182915e+00
6.41300600e-01	8.01630600e-01	7.35756002e+00
6.42298500e-01	8.71897100e-01	7.35941147e+00
6.43296400e-01	8.86824400e-01	7.37882496e+00
6.44294300e-01	8.76971000e-01	7.40060004e+00
6.45292200e-01	8.63945700e-01	7.37940550e+00
6.46290100e-01	8.95738600e-01	7.38329398e+00
6.47287900e-01	8.70401900e-01	7.39407566e+00
6.48285800e-01	8.24411800e-01	7.41982708e+00
6.49283700e-01	8.34840200e-01	7.38677113e+00
6.50281600e-01	8.29517400e-01	7.40352374e+00
6.51279500e-01	8.55160300e-01	7.39550649e+00
6.52277400e-01	8.08782100e-01	7.38496236e+00
6.53275300e-01	8.01180400e-01	7.40067508e+00
6.54273100e-01	8.16913000e-01	7.39333090e+00
6.55271000e-01	8.79658500e-01	7.40606886e+00
6.56268900e-01	8.56658100e-01	7.45602738e+00
6.57266800e-01	8.12737600e-01	7.42285364e+00
6.58264700e-01	9.36489200e-01	7.45964008e+00
6.59262600e-01	8.43275800e-01	7.43447513e+00
6.60260400e-01	9.00065100e-01	7.44988968e+00
6.61258300e-01	8.30101600e-01	7.43552588e+00
6.62256200e-01	8.32416800e-01	7.43133059e+00
6.63254100e-01	8.16923100e-01	7.44512102e+00
6.64252000e-01	8.24739100e-01	7.44719391e+00
6.65249900e-01	8.66568200e-01	7.47471510e+00
6.66247800e-01	8.50019000e-01	7.45969966e+00
6.67245600e-01	8.41859200e-01	7.47024979e+00
6.68243500e-01	9.03508800e-01	7.45149498e+00
6.69241400e-01	8.53267400e-01	7.45749572e+00
6.70239300e-01	9.47989700e-01	7.51991196e+00
6.71237200e-01	8.88141500e-01	7.45790346e+00
6.72235100e-01	8.45277000e-01	7.51113442e+00
6.73233000e-01	8.98884000e-01	7.49064732e+00
6.74230800e-01	8.01362900e-01	7.46496389e+00
6.75228700e-01	8.08828800e-01	7.50246742e+00
6.76226600e-01	8.82489800e-01	7.47228836e+00
6.77224500e-01	8.47829200e-01	7.48956083e+00
6.78222400e-01	7.85303100e-01	7.51169231e+00
6.79220300e-01	9.26299200e-01	7.54804481e+00
6.80218200e-01	8.28079900e-01	7.50158786e+00
6.81216000e-01	8.54043300e-01	7.51931515e+00
6.82213900e-01	8.69622500e-01	7.48425310e+00
6.83211800e-01	9.60977000e-01	7.52410937e+00
6.84209700e-01	9.23259400e-01	7.52691176e+00
6.85207600e-01	8.31259800e-01	7.50975075e+00
6.86205500e-01	8.85369500e-01	7.52898614e+00
6.87203400e-01	9.00627600e-01	7.55557274e+00
6.88201200e-01	8.72535200e-01	7.59974215e+00
6.89199100e-01	8.57658700e-01	7.53692236e+00
6.90197000e-01	8.60003900e-01	7.59738967e+00
6.91194900e-01	8.62949800e-01	7.55459437e+00
6.92192800e-01	8.40611800e-01	7.55285903e+00
6.93190700e-01	9.37489900e-01	7.58065288e+00
6.94188600e-01	8.09489700e-01	7.54637038e+00
6.95186400e-01	9.04628500e-01	7.61203404e+00
6.96184300e-01	8.72797500e-01	7.59532207e+00
6.97182200e-01	8.09852000e-01	7.59202316e+00
6.98180100e-01	8.62588700e-01	7.57890576e+00
6.99178000e-01	8.39338900e-01	7.55454690e+00
7.00175900e-01	8.81052400e-01	7.58740613e+00
7.01173700e-01	8.85157400e-01	7.58781724e+00
7.02171600e-01	8.86338900e-01	7.57802375e+00
7.03169500e-01	8.33373800e-01	7.59129676e+00
7.04167400e-01	8.69544000e-01	7.59201111e+00
7.05165300e-01	8.44715100e-01	7.59521392e+00
7.06163200e-01	9.41154100e-01	7.63684345e+00
7.07161100e-01	9.15019000e-01	7.64333403e+00
7.08158900e-01	8.45472900e-01	7.62077495e+00
7.09156800e-01	8.37557700e-01	7.61447420e+00
7.10154700e-01	8.81949300e-01	7.62027923e+00
7.11152600e-01	9.30918300e-01	7.65872575e+00
7.12150500e-01	8.08252600e-01	7.61570284e+00
7.13148400e-01	8.84161900e-01	7.64854188e+00
7.14146300e-01	9.84983200e-01	7.66773477e+00
7.15144100e-01	8.56458500e-01	7.62571771e+00
7.16142000e-01	8.39740400e-01	7.63651035e+00
7.17139900e-01	9.25016200e-01	7.63304690e+00
7.18137800e-01	8.88044600e-01	7.66179968e+00
7.19135700e-01	8.49070500e-01	7.65293616e+00
7.20133600e-01	8.13649700e-01	7.65033428e+00
7.21131500e-01	8.62637300e-01	7.67438841e+00
7.22129300e-01	8.49269900e-01	7.65645214e+00
7.23127200e-01	9.13960800e-01	7.65292849e+00
7.24125100e-01	8.74230700e-01	7.68102759e+00
7.25123000e-01	8.45845500e-01	7.66424122e+00
7.26120900e-01	8.62351900e-01	7.64295309e+00
7.27118800e-01	8.36676200e-01	7.64116979e+00
7.28116700e-01	9.08829200e-01	7.71915117e+00
7.29114500e-01	8.46646600e-01	7.68493234e+00
7.30112400e-01	9.25187700e-01	7.71526311e+00
7.31110300e-01	8.40336800e-01	7.71581318e+00
7.32108200e-01	8.90929500e-01	7.74053615e+00
7.33106100e-01	8.50190300e-01	7.72370856e+00
7.34104000e-01	9.23098300e-01	7.75452673e+00
7.35101900e-01	8.63365800e-01	7.67404707e+00
7.36099700e-01	8.32914100e-01	7.71021857e+00
7.37097600e-01	9.71779300e-01	7.79221376e+00
7.38095500e-01	8.10176200e-01	7.73298027e+00
7.39093400e-01	8.25425500e-01	4.14871766e-02
7.40091300e-01	8.91273200e-01	4.13624633e-02
7.41089200e-01	8.72531200e-01	4.14418704e-02
7.42087000e-01	8.61392000e-01	4.17725118e-02
7.43084900e-01	8.42055100e-01	4.08838994e-02
7.44082800e-01	7.62836300e-01	4.15954197e-02
7.45080700e-01	8.46550500e-01	4.10868173e-02
7.46078600e-01	8.73659700e-01	7.79895978e+00
7.47076500e-01	8.65159800e-01	7.76495892e+00
7.48074400e-01	8.62376900e-01	4.20743282e-02
7.49072200e-01	8.66608600e-01	4.17698322e-02
7.50070100e-01	8.81121000e-01	4.13877889e-02
7.51068000e-01	8.25963500e-01	4.20214553e-02
7.52065900e-01	8.83780900e-01	7.79538490e+00
7.53063800e-01	8.50781600e-01	7.77954315e+00
7.54061700e-01	8.54268800e-01	7.78800155e+00
7.55059600e-01	8.42959400e-01	7.78269119e+00
7.56057400e-01	8.83423400e-01	7.78945220e+00
7.57055300e-01	9.10163200e-01	7.77397327e+00
7.58053200e-01	8.14625700e-01	7.82239125e+00
7.59051100e-01	8.86296600e-01	7.83327096e+00
7.60049000e-01	8.55324600e-01	7.83969047e+00
7.61046900e-01	8.53210300e-01	7.82858726e+00
7.62044800e-01	8.26024400e-01	7.86361799e+00
7.63042600e-01	9.06636500e-01	7.86422566e+00
7.64040500e-01	8.78879300e-01	7.83284667e+00
7.65038400e-01	8.76629200e-01	4.18751232e-02
7.66036300e-01	8.40702100e-01	7.86579283e+00
7.67034200e-01	9.41881100e-01	7.88830472e+00
7.68032100e-01	8.71495300e-01	4.19656479e-02
7.69030000e-01	8.56223800e-01	4.22046616e-02
7.70027800e-01	1.01498830e+00	4.18368610e-02
7.71025700e-01	8.85611400e-01	4.19678278e-02
7.72023600e-01	7.98691900e-01	7.83119347e+00
7.73021500e-01	9.48770900e-01	7.87900382e+00
7.74019400e-01	9.51614300e-01	4.20830079e-02
7.75017300e-01	9.01889300e-01	4.21775742e-02
7.76015100e-01	8.54292600e-01	4.25912029e-02
7.77013000e-01	8.74456700e-01	4.22234015e-02
7.78010900e-01	8.67953000e-01	4.20246789e-02
7.79008800e-01	9.26188500e-01	4.25229684e-02
7.80006700e-01	7.93815100e-01	4.25458245e-02
7.81004600e-01	8.54522700e-01	4.23389090e-02
7.82002500e-01	8.92586700e-01	4.26003600e-02
7.83000300e-01	8.66605800e-01	4.25799035e-02
7.83998200e-01	9.58131900e-01	7.94215513e+00
7.84996100e-01	9.38706600e-01	7.89902240e+00
7.85994000e-01	8.37459900e-01	4.28474453e-02
7.86991900e-01	8.67796200e-01	4.26230984e-02
7.87989800e-01	8.42820500e-01	4.22911668e-02
7.88987700e-01	8.84481800e-01	4.25689306e-02
7.89985500e-01	8.43983200e-01	7.92724337e+00
7.90983400e-01	9.06330700e-01	7.95509702e+00
7.91981300e-01	8.69285300e-01	4.21382643e-02
7.92979200e-01	9.37221900e-01	4.33347119e-02
7.93977100e-01	8.57202400e-01	4.26068608e-02
7.94975000e-01	9.85742400e-01	4.27220002e-02
7.95972900e-01	8.52457100e-01	7.96690697e+00
7.96970700e-01	9.27826700e-01	7.97554861e+00
7.97968600e-01	9.17276100e-01	8.00136035e+00
7.98966500e-01	9.43269800e-01	4.32696381e-02
7.99964400e-01	9.28093000e-01	4.26569923e-02
8.00962300e-01	8.86089200e-01	4.30427304e-02
8.01960200e-01	8.49773800e-01	4.28042889e-02
8.02958100e-01	8.78687000e-01	4.28210377e-02
8.03955900e-01	8.33931800e-01	4.28210957e-02
8.04953800e-01	9.51293700e-01	4.26821844e-02
8.05951700e-01	8.35447400e-01	4.29176162e-02
8.06949600e-01	9.46027600e-01	4.33737954e-02
8.07947500e-01	8.41476300e-01	4.30660075e-02
8.08945400e-01	8.48091500e-01	4.33808260e-02
8.09943300e-01	9.20770000e-01	4.30161408e-02
8.10941100e-01	8.81871500e-01	4.34443807e-02
8.11939000e-01	8.68918900e-01	4.30617522e-02
8.12936900e-01	9.29285100e-01	8.07553212e+00
8.13934800e-01	9.64954000e-01	8.09365002e+00
8.14932700e-01	9.06456700e-01	4.31130524e-02
8.15930600e-01	8.86675900e-01	4.36073497e-02
8.16928400e-01	8.75308700e-01	4.29459819e-02
8.17926300e-01	9.17199600e-01	4.34391106e-02
8.18924200e-01	8.88644200e-01	4.33400311e-02
8.19922100e-01	8.68529600e-01	4.38236309e-02
8.20920000e-01	8.96869900e-01	4.32352769e-02
8.21917900e-01	8.92383700e-01	4.33551391e-02
8.22915800e-01	9.36967400e-01	4.36035361e-02
8.23913600e-01	8.63844900e-01	4.36768694e-02
8.24911500e-01	9.55494500e-01	4.31720107e-02
8.25909400e-01	8.83706100e-01	4.33697194e-02
8.26907300e-01	9.10951200e-01	4.34534840e-02
8.27905200e-01	8.36544000e-01	4.35815465e-02
8.28903100e-01	9.16226000e-01	8.07699678e+00
8.29901000e-01	8.90855700e-01	8.10261619e+00
8.30898800e-01	8.71090100e-01	4.37336466e-02
8.31896700e-01	9.05501900e-01	4.35727410e-02
8.32894600e-01	9.51968200e-01	4.36700523e-02
8.33892500e-01	9.05450100e-01	4.38316955e-02
8.34890400e-01	8.95948900e-01	4.38869532e-02
8.35888300e-01	9.15865800e-01	4.38798067e-02
8.36886200e-01	8.55328200e-01	4.35772691e-02
8.37884000e-01	8.82573900e-01	8.10416820e+00
8.38881900e-01	9.55530500e-01	8.14314251e+00
8.39879800e-01	9.59947000e-01	8.14939125e+00
8.40877700e-01	9.54204500e-01	8.12157094e+00
8.41875600e-01	8.90591100e-01	8.10480043e+00
8.42873500e-01	9.40482600e-01	8.16803007e+00
8.43871400e-01	8.96743100e-01	8.11794398e+00
8.44869200e-01	1.02621790e+00	4.40886354e-02
8.45867100e-01	8.97679300e-01	4.38843408e-02
8.46865000e-01	9.42540400e-01	4.41941084e-02
8.47862900e-01	9.73840900e-01	8.17062965e+00
8.48860800e-01	9.80865000e-01	8.13927088e+00
8.49858700e-01	8.74906600e-01	8.15544562e+00
8.50856600e-01	8.86283300e-01	8.16110001e+00
8.51854400e-01	9.84780300e-01	8.21568272e+00
8.52852300e-01	9.48718200e-01	8.17834980e+00
8.53850200e-01	9.10642200e-01	8.15226070e+00
8.54848100e-01	9.12363500e-01	8.19365754e+00
8.55846000e-01	8.96287100e-01	8.17616398e+00
8.56843900e-01	9.62974800e-01	8.22361076e+00
8.57841700e-01	9.02187600e-01	4.38121889e-02
8.58839600e-01	9.83127600e-01	4.46592911e-02
8.59837500e-01	9.51541600e-01	8.20836110e+00
8.60835400e-01	8.77602600e-01	8.22355827e+00
8.61833300e-01	9.36040200e-01	4.37493487e-02
8.62831200e-01	9.08986300e-01	4.46207295e-02
8.63829100e-01	8.53790700e-01	4.44820050e-02
8.64826900e-01	9.43942800e-01	4.43946938e-02
8.65824800e-01	9.00839800e-01	4.43286365e-02
8.66822700e-01	8.41792000e-01	4.49966183e-02
8.67820600e-01	9.72110400e-01	4.47367828e-02
8.68818500e-01	9.85698800e-01	4.42958357e-02
8.69816400e-01	9.63139600e-01	4.50674228e-02
8.70814300e-01	8.72514900e-01	4.44812067e-02
8.71812100e-01	9.00562700e-01	4.47850868e-02
8.72810000e-01	8.61816900e-01	4.46796160e-02
8.73807900e-01	8.62670000e-01	8.25516275e+00
8.74805800e-01	9.31300600e-01	8.25444517e+00
8.75803700e-01	1.03392510e+00	4.45539472e-02
8.76801600e-01	9.28672000e-01	4.44993329e-02
8.77799500e-01	8.88485800e-01	4.45101571e-02
8.78797300e-01	9.31595700e-01	4.51029882e-02
8.79795200e-01	8.75751100e-01	4.47699680e-02
8.80793100e-01	9.44457900e-01	8.29871686e+00
8.81791000e-01	9.10434900e-01	8.29015772e+00
8.82788900e-01	9.14993000e-01	8.29950938e+00
8.83786800e-01	9.25796500e-01	8.30676588e+00
8.84784700e-01	9.89727500e-01	4.48361155e-02
8.85782500e-01	9.51288500e-01	8.32468697e+00
8.86780400e-01	9.33498500e-01	8.31047065e+00
8.87778300e-01	8.91928000e-01	8.31321482e+00
8.88776200e-01	9.31300600e-01	8.29352194e+00
8.89774100e-01	9.43126000e-01	4.48813561e-02
8.90772000e-01	9.93221900e-01	4.48496496e-02
8.91769900e-01	9.10876400e-01	4.46752302e-02
8.92767700e-01	9.42784300e-01	4.48394448e-02
8.93765600e-01	9.42600100e-01	4.51237030e-02
8.94763500e-01	9.75576900e-01	8.36413125e+00
8.95761400e-01	9.71881100e-01	8.32652577e+00
8.96759300e-01	9.76603300e-01	4.48211443e-02
8.97757200e-01	9.54499900e-01	4.54552198e-02
8.98755000e-01	1.00996380e+00	4.55232839e-02
8.99752900e-01	1.06081770e+00	4.52300034e-02
9.00750800e-01	1.02608550e+00	4.57913400e-02
9.01748700e-01	9.92364700e-01	4.56104176e-02
9.02746600e-01	1.00147280e+00	4.51281043e-02
9.03744500e-01	1.01638580e+00	4.52516419e-02
9.04742400e-01	9.21087000e-01	4.59751258e-02
9.05740200e-01	9.85537100e-01	8.37606008e+00
9.06738100e-01	8.77583200e-01	8.38805803e+00
9.07736000e-01	1.00687220e+00	4.56778627e-02
9.08733900e-01	9.88053800e-01	4.56524299e-02
9.09731800e-01	8.89709200e-01	4.54151302e-02
9.10729700e-01	9.36361300e-01	4.60428168e-02
9.11727600e-01	1.05844830e+00	4.55802846e-02
9.12725400e-01	9.90269700e-01	4.54551277e-02
9.13723300e-01	9.51843400e-01	4.60416201e-02
9.14721200e-01	9.82110000e-01	4.54309510e-02
9.15719100e-01	9.77734600e-01	4.55216496e-02
9.16717000e-01	9.62285200e-01	4.57180921e-02
9.17714900e-01	9.27766400e-01	4.54506136e-02
9.18712800e-01	9.66829100e-01	4.53746462e-02
9.19710600e-01	9.86772900e-01	8.37926575e+00
9.20708500e-01	9.85401000e-01	8.45509890e+00
9.21706400e-01	9.97727900e-01	8.44025905e+00
9.22704300e-01	9.47841300e-01	4.59830917e-02
9.23702200e-01	9.74728200e-01	4.58364810e-02
9.24700100e-01	9.37509700e-01	4.54331480e-02
9.25698000e-01	1.00677790e+00	4.61451501e-02
9.26695800e-01	9.08616200e-01	4.58072295e-02
9.27693700e-01	9.94661100e-01	4.57552121e-02
9.28691600e-01	9.97412200e-01	8.45219914e+00
9.29689500e-01	9.61483100e-01	8.48351762e+00
9.30687400e-01	1.00219040e+00	8.49191817e+00
9.31685300e-01	9.50954300e-01	8.51045706e+00
9.32683200e-01	1.00317390e+00	4.63738598e-02
9.33681000e-01	8.91124600e-01	4.56723279e-02
9.34678900e-01	9.65146800e-01	4.62712384e-02
9.35676800e-01	1.04345560e+00	4.65477893e-02
9.36674700e-01	9.74211400e-01	4.62807702e-02
9.37672600e-01	9.46334500e-01	4.60223691e-02
9.38670500e-01	9.84952200e-01	8.50320985e+00
9.39668300e-01	9.96257400e-01	8.52037095e+00
9.40666200e-01	9.39001600e-01	4.62749271e-02
9.41664100e-01	1.09663160e+00	4.62240475e-02
9.42662000e-01	9.87802100e-01	4.61414080e-02
9.43659900e-01	1.03772140e+00	4.60441884e-02
9.44657800e-01	9.18428300e-01	4.60205274e-02
9.45655700e-01	1.02756280e+00	4.62613111e-02
9.46653500e-01	1.05484430e+00	4.63927942e-02
9.47651400e-01	9.44584200e-01	4.65415046e-02
9.48649300e-01	9.38741400e-01	4.64635175e-02
9.49647200e-01	1.08608750e+00	4.64247512e-02
9.50645100e-01	1.01982210e+00	4.67476093e-02
9.51643000e-01	9.61204300e-01	4.66442236e-02
9.52640900e-01	1.06181630e+00	4.62366600e-02
9.53638700e-01	9.98246000e-01	4.71581429e-02
9.54636600e-01	9.40864700e-01	4.65925463e-02
9.55634500e-01	9.64715700e-01	4.64677787e-02
9.56632400e-01	1.00882620e+00	4.72094081e-02
9.57630300e-01	1.06289190e+00	4.68119656e-02
9.58628200e-01	1.06359250e+00	4.64188946e-02
9.59626100e-01	1.05529670e+00	8.59671880e+00
9.60623900e-01	1.02802750e+00	8.60239729e+00
9.61621800e-01	1.00680960e+00	8.57454848e+00
9.62619700e-01	1.00501820e+00	4.70002911e-02
9.63617600e-01	1.03378360e+00	4.75882353e-02
9.64615500e-01	1.00868060e+00	4.63975623e-02
9.65613400e-01	1.00862860e+00	4.69011021e-02
9.66611300e-01	1.02956570e+00	4.69936424e-02
9.67609100e-01	9.97154200e-01	4.59915894e-02
9.68607000e-01	9.99633300e-01	4.71289843e-02
9.69604900e-01	1.04383190e+00	4.69572033e-02
9.70602800e-01	9.78868100e-01	4.65060413e-02
9.71600700e-01	1.01700770e+00	4.70080374e-02
9.72598600e-01	9.75115000e-01	4.67628908e-02
9.73596400e-01	1.03857150e+00	8.67786483e+00
9.74594300e-01	1.06707580e+00	8.67863996e+00
9.75592200e-01	1.09278280e+00	8.67040910e+00
9.76590100e-01	9.80864500e-01	4.67333469e-02
9.77588000e-01	1.00368120e+00	8.68298030e+00
9.78585900e-01	1.01752770e+00	8.67894540e+00
9.79583800e-01	9.97275800e-01	4.68517681e-02
9.80581600e-01	1.01259090e+00	4.74689544e-02
9.81579500e-01	1.06062130e+00	4.73713540e-02
9.82577400e-01	9.97919100e-01	4.72547883e-02
9.83575300e-01	1.03462750e+00	4.73246998e-02
9.84573200e-01	1.11375280e+00	4.79089575e-02
9.85571100e-01	1.12603020e+00	4.69808146e-02
9.86569000e-01	1.05880630e+00	4.74795430e-02
9.87566800e-01	1.07370320e+00	4.81333198e-02
9.88564700e-01	1.01682520e+00	4.66664798e-02
9.89562600e-01	1.05301030e+00	4.78170760e-02
9.90560500e-01	1.07311160e+00	4.76890577e-02
9.91558400e-01	1.09803550e+00	4.74530877e-02
9.92556300e-01	1.06256990e+00	4.83139402e-02
9.93554200e-01	1.03761310e+00	4.79304200e-02
9.94552000e-01	1.09291890e+00	4.74911546e-02
9.95549900e-01	1.01660920e+00	4.76222605e-02
9.96547800e-01	1.10970740e+00	4.81640808e-02
9.97545700e-01	1.05982400e+00	8.76997793e+00
9.98543600e-01	1.07003230e+00	8.78778289e+00
9.99541500e-01	1.05386680e+00	8.78306128e+00
1.00053900e+00	9.38742400e-01	4.73613782e-02
1.00153700e+00	1.00528410e+00	8.78945856e+00
1.00253500e+00	1.00277500e+00	8.82935782e+00
1.00353300e+00	9.75866000e-01	8.80860671e+00
1.00453100e+00	1.09589770e+00	8.80612862e+00
1.00552900e+00	1.13750000e+00	8.94116538e+00
1.00652700e+00	1.09209800e+00	4.80893919e-02
1.00752500e+00	1.02888390e+00	5.01772952e-02
1.00852200e+00	1.05034330e+00	5.10725787e-02
1.00952000e+00	1.06219910e+00	8.88070940e+00
1.01051800e+00	1.09444590e+00	5.31257046e-02
1.01151600e+00	1.05502470e+00	5.28311378e-02
1.01251400e+00	1.14402590e+00	8.90181323e+00
1.01351200e+00	1.09116390e+00	8.86423211e+00
1.01451000e+00	9.85073000e-01	5.46391944e-02
1.01550800e+00	1.02111050e+00	5.62803866e-02
1.01650600e+00	1.00561740e+00	5.62555722e-02
1.01750300e+00	1.08131520e+00	5.68159410e-02
1.01850100e+00	1.03152420e+00	5.81999360e-02
1.01949900e+00	9.85808900e-01	5.79933026e-02
