q[nm-1]	I(q)[sr-1]_sub(Lyso_Lyso_4_frames_029_350.dat_00001_[</fileinfo>]-Lyso_Buffer_2_000_350_mult.dat_00001_[mult(Lyso_Buffer_2_000_350.dat_00001_[</fileinfo>]*0.7000)])	error
0.00000000e+00	-2.44999930e+02	0.00000000e+00
0.00000000e+00	1.04999970e+02	0.00000000e+00
2.26117100e-01	2.35933160e+01	5.36424168e+00
2.36095900e-01	2.17572680e+01	4.24437583e+00
2.46074800e-01	1.95836860e+01	2.51329646e+00
2.56053600e-01	1.71489310e+01	2.06748509e+00
2.66032500e-01	2.13276565e+01	1.97873593e+00
2.76011300e-01	2.02377988e+01	1.68794262e+00
2.85990200e-01	1.94652715e+01	1.49788460e+00
2.95969000e-01	1.96846408e+01	1.36762617e+00
3.05947900e-01	1.91012484e+01	1.24685198e+00
3.15926800e-01	2.02638465e+01	1.25736370e+00
3.25905600e-01	1.76601948e+01	1.15655021e+00
3.35884500e-01	1.89861037e+01	1.13791788e+00
3.45863300e-01	2.05384259e+01	1.17841506e+00
3.55842200e-01	1.98950072e+01	1.11713192e+00
3.65821000e-01	1.90622266e+01	1.09062858e+00
3.75799900e-01	1.80402727e+01	1.04105752e+00
3.85778700e-01	1.81855200e+01	1.00693381e+00
3.95757600e-01	1.95976377e+01	1.03641849e+00
4.05736400e-01	1.66448725e+01	9.39424164e-01
4.15715300e-01	1.76611332e+01	9.78754393e-01
4.25694100e-01	1.88013075e+01	1.49616125e+01
4.35673000e-01	1.82688938e+01	1.47739526e+01
4.45651900e-01	1.70563690e+01	1.43669220e+01
4.55630700e-01	1.80430557e+01	9.06478153e-01
4.65609600e-01	1.74446843e+01	1.44595743e+01
4.75588400e-01	1.65265100e+01	1.41270143e+01
4.85567300e-01	1.84304207e+01	1.47197267e+01
4.95546100e-01	1.74168288e+01	1.44134201e+01
5.05525000e-01	1.69090345e+01	8.43193628e-01
5.15503800e-01	1.72462150e+01	8.44592114e-01
5.25482700e-01	1.58165092e+01	8.13721210e-01
5.35461500e-01	1.61602871e+01	8.11941646e-01
5.45440400e-01	1.72244283e+01	8.31223895e-01
5.55419200e-01	1.62648147e+01	7.93210235e-01
5.65398100e-01	1.63135282e+01	8.17608263e-01
5.75376900e-01	1.58023927e+01	7.80323983e-01
5.85355800e-01	1.56979744e+01	7.87304746e-01
5.95334700e-01	1.61059089e+01	7.89679195e-01
6.05313500e-01	1.56277133e+01	7.58776328e-01
6.15292400e-01	1.59332734e+01	7.89750496e-01
6.25271200e-01	1.54033346e+01	7.57183302e-01
6.35250100e-01	1.50075488e+01	7.46193095e-01
6.45228900e-01	1.47453773e+01	7.36184806e-01
6.55207800e-01	1.58475479e+01	7.49890121e-01
6.65186600e-01	1.54988773e+01	7.64708834e-01
6.75165500e-01	1.52117695e+01	7.31126806e-01
6.85144300e-01	1.44305563e+01	7.24355717e-01
6.95123200e-01	1.48018805e+01	7.09745174e-01
7.05102000e-01	1.35411126e+01	6.94785771e-01
7.15080900e-01	1.39068237e+01	6.99657359e-01
7.25059700e-01	1.46360719e+01	1.32156730e+01
7.35038600e-01	1.47064544e+01	1.32625046e+01
7.45017500e-01	1.20467571e+01	1.23292003e+01
7.54996300e-01	1.35646017e+01	6.82444791e-01
7.64975200e-01	1.23172623e+01	6.47852986e-01
7.74954000e-01	1.29604635e+01	6.55922917e-01
7.84932900e-01	1.44067699e+01	6.85432106e-01
7.94911700e-01	1.37419725e+01	6.56346262e-01
8.04890600e-01	1.28736736e+01	6.56527087e-01
8.14869400e-01	1.23500252e+01	6.27931231e-01
8.24848300e-01	1.33872607e+01	6.48304157e-01
8.34827100e-01	1.24915981e+01	6.30655547e-01
8.44806000e-01	1.22738568e+01	6.19476133e-01
8.54784800e-01	1.19815358e+01	6.15807748e-01
8.64763700e-01	1.25842882e+01	6.22966066e-01
8.74742600e-01	1.24433428e+01	6.11668824e-01
8.84721400e-01	1.17499108e+01	6.04787783e-01
8.94700300e-01	1.17606319e+01	5.98200307e-01
9.04679100e-01	1.15523316e+01	5.93027525e-01
9.14658000e-01	1.20223214e+01	5.91267628e-01
9.24636800e-01	9.81225640e+00	5.48262701e-01
9.34615700e-01	1.09507006e+01	5.75421721e-01
9.44594500e-01	1.06578362e+01	5.60955667e-01
9.54573400e-01	1.04689352e+01	5.60348932e-01
9.64552200e-01	1.06199012e+01	5.51884451e-01
9.74531100e-01	1.00960778e+01	5.46372834e-01
9.84509900e-01	9.90789630e+00	1.13750138e+01
9.94488800e-01	1.00410949e+01	1.14418828e+01
1.00446800e+00	9.41026500e+00	5.24814793e-01
1.01444700e+00	9.20714320e+00	1.10954914e+01
1.02442500e+00	8.69655370e+00	1.08967313e+01
1.03440400e+00	9.01609230e+00	1.10378060e+01
1.04438300e+00	1.02944589e+01	5.27354164e-01
1.05436200e+00	9.90764780e+00	5.23570915e-01
1.06434100e+00	8.92867780e+00	4.98547994e-01
1.07432000e+00	9.32698430e+00	5.11703597e-01
1.08429800e+00	7.97849500e+00	4.77810927e-01
1.09427700e+00	8.90908180e+00	4.92489507e-01
1.10425600e+00	8.58271390e+00	4.86755335e-01
1.11423500e+00	9.03771320e+00	1.09935963e+01
1.12421400e+00	8.38008500e+00	1.07512446e+01
1.13419300e+00	7.90065700e+00	4.68433839e-01
1.14417200e+00	7.95227040e+00	4.58440829e-01
1.15415000e+00	7.86606740e+00	4.66422611e-01
1.16412900e+00	7.81195940e+00	4.59396533e-01
1.17410800e+00	7.90403070e+00	4.57853819e-01
1.18408700e+00	7.91653520e+00	4.62170861e-01
1.19406600e+00	6.80406850e+00	4.29755789e-01
1.20404500e+00	7.87469690e+00	4.60566047e-01
1.21402400e+00	7.13625940e+00	4.35141954e-01
1.22400200e+00	6.31813500e+00	4.14287228e-01
1.23398100e+00	6.93152640e+00	4.27081322e-01
1.24396000e+00	6.82068740e+00	4.26472340e-01
1.25393900e+00	7.06150680e+00	4.33929747e-01
1.26391800e+00	6.27521650e+00	4.05771349e-01
1.27389700e+00	6.67323290e+00	4.18893958e-01
1.28387600e+00	6.39134450e+00	9.84150567e+00
1.29385400e+00	6.12107930e+00	9.75859280e+00
1.30383300e+00	5.38875170e+00	3.88660374e-01
1.31381200e+00	6.29755580e+00	3.98974144e-01
1.32379100e+00	5.47232270e+00	3.84355188e-01
1.33377000e+00	6.74828840e+00	4.08582306e-01
1.34374900e+00	4.88977220e+00	3.70014213e-01
1.35372800e+00	5.77396440e+00	3.88759431e-01
1.36370600e+00	5.57859640e+00	3.77208960e-01
1.37368500e+00	5.38257730e+00	3.77211210e-01
1.38366400e+00	5.16287400e+00	3.68642389e-01
1.39364300e+00	6.27943800e+00	3.91186921e-01
1.40362200e+00	5.64861570e+00	3.82381425e-01
1.41360100e+00	4.36811430e+00	8.89564395e+00
1.42357900e+00	5.10107130e+00	9.23057199e+00
1.43355800e+00	5.73668820e+00	3.75078353e-01
1.44353700e+00	4.54241550e+00	3.48842532e-01
1.45351600e+00	4.08094010e+00	3.32812713e-01
1.46349500e+00	4.55146010e+00	3.44753392e-01
1.47347400e+00	3.90288780e+00	3.32246100e-01
1.48345300e+00	4.34597520e+00	3.34055589e-01
1.49343100e+00	4.57583200e+00	3.45732741e-01
1.50341000e+00	4.42275190e+00	3.38056391e-01
1.51338900e+00	3.67750230e+00	3.20246318e-01
1.52336800e+00	4.39896010e+00	3.39015386e-01
1.53334700e+00	3.89077890e+00	3.16860635e-01
1.54332600e+00	4.16956260e+00	8.70326369e+00
1.55330500e+00	3.37526960e+00	8.30015118e+00
1.56328300e+00	3.82438870e+00	3.19516677e-01
1.57326200e+00	3.74967330e+00	3.20303952e-01
1.58324100e+00	3.84040250e+00	3.14096606e-01
1.59322000e+00	3.65529580e+00	3.12882866e-01
1.60319900e+00	3.22612700e+00	3.01008797e-01
1.61317800e+00	3.07125970e+00	2.96095128e-01
1.62315700e+00	3.85644890e+00	3.13625379e-01
1.63313500e+00	3.64202850e+00	3.04039954e-01
1.64311400e+00	2.78654230e+00	2.87503534e-01
1.65309300e+00	3.24905120e+00	2.94876309e-01
1.66307200e+00	3.34176540e+00	2.98051218e-01
1.67305100e+00	3.18478230e+00	2.92517124e-01
1.68303000e+00	2.59631120e+00	2.74877071e-01
1.69300900e+00	2.55749360e+00	2.78538941e-01
1.70298700e+00	2.26721690e+00	2.66231680e-01
1.71296600e+00	2.21414250e+00	2.65556228e-01
1.72294500e+00	2.48479900e+00	2.70798816e-01
1.73292400e+00	3.04309760e+00	2.82713919e-01
1.74290300e+00	3.13386860e+00	2.88747609e-01
1.75288200e+00	2.51365200e+00	2.67493048e-01
1.76286100e+00	2.44157720e+00	2.67868503e-01
1.77283900e+00	2.57393600e+00	2.68977440e-01
1.78281800e+00	2.54523650e+00	2.70846820e-01
1.79279700e+00	2.63584230e+00	2.70901389e-01
1.80277600e+00	2.41592200e+00	2.62718298e-01
1.81275500e+00	2.69188990e+00	2.70278857e-01
1.82273400e+00	1.84349750e+00	2.46780559e-01
1.83271200e+00	2.41603320e+00	7.76683754e+00
1.84269100e+00	2.36708880e+00	7.71669575e+00
1.85267000e+00	2.10665150e+00	7.58008951e+00
1.86264900e+00	1.68318480e+00	7.35040142e+00
1.87262800e+00	2.21975050e+00	2.52431691e-01
1.88260700e+00	1.81617350e+00	2.43137710e-01
1.89258600e+00	2.09872100e+00	2.52747120e-01
1.90256400e+00	1.66775220e+00	7.32201477e+00
1.91254300e+00	1.28841110e+00	7.05478901e+00
1.92252200e+00	1.62283700e+00	2.34583268e-01
1.93250100e+00	1.50537010e+00	2.30280195e-01
1.94248000e+00	1.63821440e+00	2.34165866e-01
1.95245900e+00	1.28176460e+00	2.21262635e-01
1.96243800e+00	1.74652030e+00	2.40038786e-01
1.97241600e+00	1.40435860e+00	2.26692716e-01
1.98239500e+00	1.77379860e+00	2.36891347e-01
1.99237400e+00	1.62003570e+00	2.31703072e-01
2.00235300e+00	1.02849870e+00	2.11834605e-01
2.01233200e+00	1.75581630e+00	2.33955627e-01
2.02231100e+00	1.15760570e+00	2.14431704e-01
2.03229000e+00	1.10558160e+00	2.14259706e-01
2.04226800e+00	1.60487090e+00	2.27753287e-01
2.05224700e+00	1.94745600e+00	2.35435455e-01
2.06222600e+00	1.60871340e+00	2.27632437e-01
2.07220500e+00	1.51793780e+00	2.22819478e-01
2.08218400e+00	1.67648810e+00	2.28350410e-01
2.09216300e+00	1.47916150e+00	2.22803765e-01
2.10214200e+00	1.24111880e+00	2.15557065e-01
2.11212000e+00	1.30445990e+00	2.16185645e-01
2.12209900e+00	1.06302660e+00	2.07340069e-01
2.13207800e+00	1.70254160e+00	2.26290754e-01
2.14205700e+00	1.14079760e+00	6.94460241e+00
2.15203600e+00	1.23571890e+00	6.99605727e+00
2.16201500e+00	1.11224730e+00	2.09763685e-01
2.17199400e+00	1.21762020e+00	7.07227391e+00
2.18197200e+00	1.33373410e+00	7.08210884e+00
2.19195100e+00	1.14423200e+00	6.99304453e+00
2.20193000e+00	1.25593190e+00	7.06486858e+00
2.21190900e+00	1.31636770e+00	2.13611386e-01
2.22188800e+00	1.07302990e+00	2.04390175e-01
2.23186700e+00	1.29696680e+00	2.11087309e-01
2.24184500e+00	1.39351250e+00	2.12169558e-01
2.25182400e+00	1.15543390e+00	2.06920886e-01
2.26180300e+00	1.07522880e+00	2.02444990e-01
2.27178200e+00	1.23963670e+00	2.06771228e-01
2.28176100e+00	1.38633870e+00	2.10915224e-01
2.29174000e+00	6.86326400e-01	1.89355435e-01
2.30171900e+00	9.22341200e-01	1.96027733e-01
2.31169700e+00	1.00383320e+00	1.98474156e-01
2.32167600e+00	7.05657900e-01	1.90421970e-01
2.33165500e+00	1.20882870e+00	2.04206438e-01
2.34163400e+00	1.24245530e+00	2.02868849e-01
2.35161300e+00	1.07181400e+00	2.00280276e-01
2.36159200e+00	1.13272140e+00	2.01281693e-01
2.37157100e+00	1.21103670e+00	2.03027395e-01
2.38154900e+00	9.70578400e-01	1.97162402e-01
2.39152800e+00	8.34731200e-01	1.89168455e-01
2.40150700e+00	1.17906950e+00	2.00418224e-01
2.41148600e+00	8.39866700e-01	1.91102899e-01
2.42146500e+00	1.11553020e+00	1.97656198e-01
2.43144400e+00	1.22672730e+00	2.00902171e-01
2.44142300e+00	1.18442520e+00	1.98357049e-01
2.45140100e+00	5.88657100e-01	1.84747261e-01
2.46138000e+00	7.73522300e-01	1.86514950e-01
2.47135900e+00	9.14783100e-01	1.91985982e-01
2.48133800e+00	6.01621000e-01	1.81960800e-01
2.49131700e+00	1.11957630e+00	1.93953368e-01
2.50129600e+00	7.73704000e-01	1.87101599e-01
2.51127500e+00	1.06910550e+00	1.94092155e-01
2.52125300e+00	6.41248500e-01	6.62198541e+00
2.53123200e+00	9.27256800e-01	6.79148830e+00
2.54121100e+00	7.42632100e-01	1.84792655e-01
2.55119000e+00	7.46284200e-01	1.84481086e-01
2.56116900e+00	9.39911900e-01	1.87507353e-01
2.57114800e+00	7.33858900e-01	1.81941516e-01
2.58112700e+00	7.17318900e-01	1.82524162e-01
2.59110500e+00	9.34760300e-01	1.85725920e-01
2.60108400e+00	7.99036300e-01	1.82793498e-01
2.61106300e+00	9.41097600e-01	3.94801312e+00
2.62104200e+00	7.19733600e-01	3.90690637e+00
2.63102100e+00	1.05540980e+00	3.98737102e+00
2.64100000e+00	7.40503100e-01	1.79311186e-01
2.65097800e+00	5.23978600e-01	1.73430556e-01
2.66095700e+00	8.19678800e-01	1.82618714e-01
2.67093600e+00	7.91173300e-01	1.81953717e-01
2.68091500e+00	3.03001300e-01	1.65596560e-01
2.69089400e+00	7.80738700e-01	1.84075257e-01
2.70087300e+00	9.59429000e-01	1.84467580e-01
2.71085200e+00	7.18667200e-01	6.63218770e+00
2.72083000e+00	1.09265740e+00	6.87323979e+00
2.73080900e+00	1.00779070e+00	6.78957537e+00
2.74078800e+00	7.71445900e-01	1.78794564e-01
2.75076700e+00	8.27882700e-01	6.69747395e+00
2.76074600e+00	6.90431500e-01	6.66026401e+00
2.77072500e+00	1.02899570e+00	1.84718890e-01
2.78070400e+00	8.82589900e-01	1.77997917e-01
2.79068200e+00	7.67223200e-01	1.77493468e-01
2.80066100e+00	9.08345000e-01	1.79582391e-01
2.81064000e+00	5.54627700e-01	1.69325210e-01
2.82061900e+00	1.01455790e+00	1.82819307e-01
2.83059800e+00	7.07429500e-01	1.71639641e-01
2.84057700e+00	8.45841700e-01	1.77508465e-01
2.85055600e+00	6.75687400e-01	3.97846618e+00
2.86053400e+00	1.03561850e+00	3.96176133e+00
2.87051300e+00	1.07448720e+00	6.89750106e+00
2.88049200e+00	8.04332000e-01	6.67493375e+00
2.89047100e+00	8.80612700e-01	6.76194892e+00
2.90045000e+00	8.58077300e-01	6.72398825e+00
2.91042900e+00	7.92028800e-01	6.67695895e+00
2.92040800e+00	8.22346700e-01	1.73416833e-01
2.93038600e+00	8.99334900e-01	1.74821254e-01
2.94036500e+00	7.15345400e-01	1.70195066e-01
2.95034400e+00	8.56440600e-01	1.72747201e-01
2.96032300e+00	8.67960900e-01	1.74422254e-01
2.97030200e+00	9.09264600e-01	1.75091374e-01
2.98028100e+00	8.70652400e-01	1.73714542e-01
2.99026000e+00	1.02709570e+00	1.78423721e-01
3.00023800e+00	7.62317500e-01	1.67918277e-01
3.01021700e+00	7.48659000e-01	1.71779084e-01
3.02019600e+00	8.79553300e-01	3.94475324e+00
3.03017500e+00	9.52861100e-01	3.92664644e+00
3.04015400e+00	6.78950500e-01	6.63000548e+00
3.05013300e+00	1.07337660e+00	6.88268520e+00
3.06011100e+00	1.04935650e+00	3.92224934e+00
3.07009000e+00	1.08385970e+00	6.90399861e+00
3.08006900e+00	9.69720000e-01	6.79697002e+00
3.09004800e+00	8.12894100e-01	3.92780133e+00
3.10002700e+00	9.77992100e-01	3.91805722e+00
3.11000600e+00	7.05383200e-01	3.95861979e+00
3.11998500e+00	8.73972600e-01	1.68801992e-01
3.12996300e+00	6.36410800e-01	1.64729882e-01
3.13994200e+00	1.15818720e+00	1.75969016e-01
3.14992100e+00	9.52756000e-01	1.70197818e-01
3.15990000e+00	8.61483800e-01	1.69668981e-01
3.16987900e+00	8.81727600e-01	6.73735951e+00
3.17985800e+00	9.95324100e-01	6.84171901e+00
3.18983700e+00	9.83543000e-01	1.70234175e-01
3.19981500e+00	8.00279900e-01	1.66379095e-01
3.20979400e+00	8.15105700e-01	1.68127359e-01
3.21977300e+00	6.10272100e-01	1.59261206e-01
3.22975200e+00	9.31842500e-01	1.70702920e-01
3.23973100e+00	1.12589690e+00	1.71696008e-01
3.24971000e+00	1.00612360e+00	1.70616732e-01
3.25968900e+00	1.00364130e+00	1.68458614e-01
3.26966700e+00	1.12835570e+00	1.71847689e-01
3.27964600e+00	8.93631400e-01	1.67411366e-01
3.28962500e+00	8.37906900e-01	1.63585894e-01
3.29960400e+00	6.80767000e-01	1.60530412e-01
3.30958300e+00	7.52325300e-01	1.63305424e-01
3.31956200e+00	1.00551660e+00	1.67598701e-01
3.32954100e+00	1.05967870e+00	1.69465580e-01
3.33951900e+00	1.04112390e+00	1.66244035e-01
3.34949800e+00	8.50229000e-01	1.64687972e-01
3.35947700e+00	1.23264800e+00	6.97104893e+00
3.36945600e+00	9.09498700e-01	6.73186062e+00
3.37943500e+00	1.13270690e+00	6.89805134e+00
3.38941400e+00	1.11034690e+00	6.89080880e+00
3.39939200e+00	1.10990430e+00	1.69902062e-01
3.40937100e+00	9.29828000e-01	1.64316170e-01
3.41935000e+00	8.57236500e-01	6.78487329e+00
3.42932900e+00	1.06228730e+00	6.86987041e+00
3.43930800e+00	1.12101630e+00	6.89613574e+00
3.44928700e+00	9.40706400e-01	1.64968898e-01
3.45926600e+00	6.72122300e-01	1.56056777e-01
3.46924400e+00	6.49549800e-01	1.54985032e-01
3.47922300e+00	7.78516100e-01	6.69900328e+00
3.48920200e+00	1.00205190e+00	6.86546879e+00
3.49918100e+00	1.11671980e+00	6.92330506e+00
3.50916000e+00	7.71863000e-01	6.72915782e+00
3.51913900e+00	1.10163060e+00	1.65827634e-01
3.52911800e+00	8.63863800e-01	1.59679199e-01
3.53909600e+00	8.18646900e-01	1.58692921e-01
3.54907500e+00	9.60657000e-01	1.62380151e-01
3.55905400e+00	1.02113250e+00	1.62057232e-01
3.56903300e+00	8.27469100e-01	1.59796984e-01
3.57901200e+00	1.09692260e+00	1.63647786e-01
3.58899100e+00	6.97957400e-01	1.55888955e-01
3.59897000e+00	7.81738300e-01	1.56657806e-01
3.60894800e+00	1.02515420e+00	1.62437507e-01
3.61892700e+00	6.17488900e-01	1.54163757e-01
3.62890600e+00	1.17183720e+00	1.62904096e-01
3.63888500e+00	6.05860200e-01	1.51820549e-01
3.64886400e+00	8.79315700e-01	1.57442900e-01
3.65884300e+00	1.12115780e+00	1.63374891e-01
3.66882200e+00	1.13103770e+00	6.92546891e+00
3.67880000e+00	7.53028300e-01	6.66045848e+00
3.68877900e+00	8.60141100e-01	1.57947275e-01
3.69875800e+00	1.21544350e+00	1.63836316e-01
3.70873700e+00	7.39641200e-01	1.54568930e-01
3.71871600e+00	7.05606700e-01	1.53617390e-01
3.72869500e+00	1.06253970e+00	1.60207969e-01
3.73867400e+00	9.54903200e-01	1.60005149e-01
3.74865200e+00	8.26253400e-01	1.55055732e-01
3.75863100e+00	7.94062300e-01	6.70243554e+00
3.76861000e+00	8.29830000e-01	6.74752499e+00
3.77858900e+00	6.62883800e-01	6.62622117e+00
3.78856800e+00	7.29856400e-01	1.54127774e-01
3.79854700e+00	8.76783800e-01	1.53606066e-01
3.80852500e+00	5.88660500e-01	6.55714758e+00
3.81850400e+00	8.35341000e-01	6.74023837e+00
3.82848300e+00	7.54497800e-01	1.52266669e-01
3.83846200e+00	9.23148300e-01	6.73557573e+00
3.84844100e+00	6.99866000e-01	6.66022018e+00
3.85842000e+00	9.13242800e-01	1.55670459e-01
3.86839900e+00	9.13095400e-01	1.54603650e-01
3.87837700e+00	9.48109200e-01	1.55953904e-01
3.88835600e+00	1.10371390e+00	1.58528244e-01
3.89833500e+00	5.80013700e-01	3.94688890e+00
3.90831400e+00	5.09058400e-01	3.95392164e+00
3.91829300e+00	8.27820300e-01	1.51220896e-01
3.92827200e+00	7.76727800e-01	1.51461025e-01
3.93825100e+00	9.14175000e-01	1.52154970e-01
3.94822900e+00	9.97382100e-01	1.55130956e-01
3.95820800e+00	6.85455500e-01	1.48623903e-01
3.96818700e+00	1.09691050e+00	1.56418338e-01
3.97816600e+00	7.32862800e-01	1.49058539e-01
3.98814500e+00	8.04634500e-01	6.73105449e+00
3.99812400e+00	9.46399600e-01	6.84194826e+00
4.00810300e+00	6.84854700e-01	1.46350853e-01
4.01808100e+00	1.01684340e+00	1.55649486e-01
4.02806000e+00	6.38265300e-01	1.46846691e-01
4.03803900e+00	9.00493800e-01	1.51876252e-01
4.04801800e+00	4.76369300e-01	1.43335458e-01
4.05799700e+00	6.14066700e-01	6.62364478e+00
4.06797600e+00	7.38646100e-01	6.75553347e+00
4.07795500e+00	7.77700600e-01	6.71905225e+00
4.08793300e+00	7.93797200e-01	6.77286842e+00
4.09791200e+00	9.90513700e-01	1.53265548e-01
4.10789100e+00	6.08923700e-01	1.43509108e-01
4.11787000e+00	1.01904720e+00	1.53783081e-01
4.12784900e+00	7.99285800e-01	1.47419629e-01
4.13782800e+00	7.50672300e-01	1.46574046e-01
4.14780700e+00	8.65757100e-01	1.51538279e-01
4.15778500e+00	1.00168020e+00	1.50132203e-01
4.16776400e+00	7.01962400e-01	1.45809101e-01
4.17774300e+00	1.00097830e+00	6.86280487e+00
4.18772200e+00	8.88115400e-01	6.78524443e+00
4.19770100e+00	7.81854400e-01	6.75111139e+00
4.20768000e+00	4.79375800e-01	1.39305568e-01
4.21765800e+00	9.94605000e-01	1.51461121e-01
4.22763700e+00	6.38164300e-01	1.42424078e-01
4.23761600e+00	6.08994000e-01	3.96052005e+00
4.24759500e+00	9.10313800e-01	3.95969705e+00
4.25757400e+00	9.60580300e-01	3.97617600e+00
4.26755300e+00	7.35801900e-01	6.74289969e+00
4.27753200e+00	9.30415100e-01	6.83537176e+00
4.28751000e+00	8.42598500e-01	6.78820580e+00
4.29748900e+00	7.42439700e-01	6.74455254e+00
4.30746800e+00	9.20836800e-01	6.80826963e+00
4.31744700e+00	4.90232400e-01	1.38557559e-01
4.32742600e+00	6.99574100e-01	1.43007140e-01
4.33740500e+00	9.78556100e-01	1.48766720e-01
4.34738400e+00	6.90555300e-01	1.41158843e-01
4.35736200e+00	8.45979700e-01	1.46491649e-01
4.36734100e+00	8.45941900e-01	1.45866456e-01
4.37732000e+00	6.65805100e-01	1.42197217e-01
4.38729900e+00	9.48758300e-01	1.47865753e-01
4.39727800e+00	1.01494270e+00	1.47138072e-01
4.40725700e+00	7.77537500e-01	1.44243831e-01
4.41723600e+00	8.61778700e-01	1.44016171e-01
4.42721400e+00	7.79595500e-01	1.43981145e-01
4.43719300e+00	7.67015400e-01	1.42597109e-01
4.44717200e+00	9.59936700e-01	1.46515378e-01
4.45715100e+00	9.35852300e-01	6.83757607e+00
4.46713000e+00	7.95140300e-01	6.75965774e+00
4.47710900e+00	9.83948200e-01	1.47341452e-01
4.48708800e+00	7.45516200e-01	1.41501535e-01
4.49706600e+00	9.79424900e-01	1.45706802e-01
4.50704500e+00	5.46266200e-01	1.39010999e-01
4.51702400e+00	9.05536900e-01	1.43291617e-01
4.52700300e+00	6.29005700e-01	1.40993021e-01
4.53698200e+00	9.13183200e-01	6.82776128e+00
4.54696100e+00	8.50465600e-01	6.79804620e+00
4.55694000e+00	5.81748200e-01	6.61848559e+00
4.56691800e+00	6.84475600e-01	1.39663417e-01
4.57689700e+00	8.38294400e-01	1.43268976e-01
4.58687600e+00	9.11637000e-01	1.43079389e-01
4.59685500e+00	7.35284700e-01	1.40005353e-01
4.60683400e+00	6.64504600e-01	1.37837902e-01
4.61681300e+00	7.58709000e-01	1.41117469e-01
4.62679100e+00	8.47337400e-01	1.42212048e-01
4.63677000e+00	9.29587200e-01	1.42768033e-01
4.64674900e+00	9.75361700e-01	1.45195020e-01
4.65672800e+00	7.47939200e-01	1.39407645e-01
4.66670700e+00	7.84489100e-01	1.41298150e-01
4.67668600e+00	5.72523400e-01	1.35395435e-01
4.68666500e+00	7.70651200e-01	1.39994902e-01
4.69664300e+00	8.87810700e-01	1.44053609e-01
4.70662200e+00	7.47707300e-01	6.79762941e+00
4.71660100e+00	1.06823270e+00	6.99207804e+00
4.72658000e+00	6.73724500e-01	1.41514671e-01
4.73655900e+00	8.16376800e-01	1.45973553e-01
4.74653800e+00	8.36090700e-01	4.02474263e+00
4.75651700e+00	9.51414100e-01	4.05009831e+00
4.76649500e+00	1.03757510e+00	4.00585454e+00
4.77647400e+00	6.15187500e-01	1.42676569e-01
4.78645300e+00	5.72087000e-01	1.42720221e-01
4.79643200e+00	8.19481100e-01	1.48252825e-01
4.80641100e+00	4.51901200e-01	1.40811413e-01
4.81639000e+00	4.54913500e-01	6.61999982e+00
4.82636900e+00	7.65811900e-01	6.80601124e+00
4.83634700e+00	6.99828100e-01	6.77679571e+00
4.84632600e+00	8.05854000e-01	6.82552908e+00
4.85630500e+00	6.28231800e-01	1.48804299e-01
4.86628400e+00	5.97855800e-01	1.46223597e-01
4.87626300e+00	6.22172100e-01	1.47898240e-01
4.88624200e+00	7.14161300e-01	1.53973450e-01
4.89622100e+00	8.77039200e-01	1.56663614e-01
4.90619900e+00	7.77995700e-01	1.57072266e-01
4.91617800e+00	8.67040900e-01	1.60113994e-01
4.92615700e+00	8.33639700e-01	1.60102958e-01
4.93613600e+00	5.95848800e-01	1.57053204e-01
4.94611500e+00	6.35861100e-01	1.56383665e-01
4.95609400e+00	9.01426200e-01	1.64500042e-01
4.96607300e+00	1.07654480e+00	1.67853507e-01
4.97605100e+00	5.74583900e-01	1.57611111e-01
4.98603000e+00	6.43229700e-01	1.59632137e-01
4.99600900e+00	7.38760500e-01	1.61138848e-01
5.00598800e+00	6.17449200e-01	1.61446912e-01
5.01596700e+00	8.14583300e-01	1.66012806e-01
5.02594600e+00	5.94123100e-01	1.60952721e-01
5.03592400e+00	9.03623900e-01	1.66794879e-01
5.04590300e+00	8.49900200e-01	1.69322652e-01
5.05588200e+00	6.42743600e-01	1.63744095e-01
5.06586100e+00	8.48716500e-01	1.69240097e-01
5.07584000e+00	7.57129100e-01	1.68089559e-01
5.08581900e+00	8.46917700e-01	6.94528365e+00
5.09579800e+00	8.40655300e-01	6.94114353e+00
5.10577600e+00	8.15743000e-01	6.92505169e+00
5.11575500e+00	1.12524880e+00	7.14868826e+00
5.12573400e+00	7.46060800e-01	6.90756873e+00
5.13571300e+00	3.75564700e-01	6.64418035e+00
5.14569200e+00	8.06138700e-01	6.89443293e+00
5.15567100e+00	6.89999300e-01	6.88691467e+00
5.16565000e+00	9.33528200e-01	6.98985029e+00
5.17562800e+00	7.99750100e-01	6.92540184e+00
5.18560700e+00	6.49225400e-01	6.87427979e+00
5.19558600e+00	7.07879600e-01	6.87074204e+00
5.20556500e+00	9.32073200e-01	6.98862047e+00
5.21554400e+00	7.23374000e-01	6.87186519e+00
5.22552300e+00	8.50994100e-01	6.98430735e+00
5.23550200e+00	9.62643500e-01	7.06486114e+00
5.24548000e+00	9.08495600e-01	7.04145809e+00
5.25545900e+00	7.13501700e-01	6.85798479e+00
5.26543800e+00	9.13893800e-01	6.98148819e+00
5.27541700e+00	7.84993400e-01	6.97456623e+00
5.28539600e+00	8.90521300e-01	7.02528492e+00
5.29537500e+00	5.76952600e-01	6.83837331e+00
5.30535400e+00	8.22126700e-01	6.95807421e+00
5.31533200e+00	8.96478600e-01	7.02949345e+00
5.32531100e+00	7.10578500e-01	6.92014457e+00
5.33529000e+00	6.66380700e-01	6.87142201e+00
5.34526900e+00	7.00020900e-01	6.88374339e+00
5.35524800e+00	6.85818800e-01	6.88919961e+00
5.36522700e+00	8.67291800e-01	6.99070309e+00
5.37520500e+00	6.42809900e-01	6.88809166e+00
5.38518400e+00	7.62311200e-01	6.95954039e+00
5.39516300e+00	1.06056700e+00	7.19161394e+00
5.40514200e+00	7.40602600e-01	6.94205340e+00
5.41512100e+00	5.07328400e-01	6.81770926e+00
5.42510000e+00	6.67230100e-01	6.90806854e+00
5.43507900e+00	1.02511620e+00	7.09789984e+00
5.44505700e+00	8.18369800e-01	6.97877839e+00
5.45503600e+00	9.96481400e-01	7.11946787e+00
5.46501500e+00	9.06761500e-01	7.08589997e+00
5.47499400e+00	5.33172400e-01	6.85665411e+00
5.48497300e+00	8.58380900e-01	7.04714767e+00
5.49495200e+00	9.19198100e-01	7.09216159e+00
5.50493100e+00	9.50164900e-01	7.11197969e+00
5.51490900e+00	6.70518600e-01	6.93502681e+00
5.52488800e+00	8.72065400e-01	7.06154110e+00
5.53486700e+00	8.34371600e-01	7.03607391e+00
5.54484600e+00	6.76335100e-01	6.98584532e+00
5.55482500e+00	6.20005300e-01	6.92724784e+00
5.56480400e+00	7.57502300e-01	6.98982410e+00
5.57478300e+00	9.39769800e-01	7.12630847e+00
5.58476100e+00	8.61075000e-01	7.08069921e+00
5.59474000e+00	8.97041500e-01	7.06848568e+00
5.60471900e+00	8.62873900e-01	7.06811708e+00
5.61469800e+00	5.57112800e-01	6.90522735e+00
5.62467700e+00	7.01731800e-01	7.02720169e+00
5.63465600e+00	9.62368800e-01	7.15875787e+00
5.64463500e+00	7.80332600e-01	7.04875304e+00
5.65461300e+00	8.93937600e-01	7.12865220e+00
5.66459200e+00	1.27062700e+00	7.37036464e+00
5.67457100e+00	8.21042900e-01	7.08673187e+00
5.68455000e+00	7.29035000e-01	7.03218875e+00
5.69452900e+00	7.27436900e-01	7.00001009e+00
5.70450800e+00	8.38841000e-01	7.07474759e+00
5.71448700e+00	9.50800100e-01	7.18127060e+00
5.72446500e+00	9.74230200e-01	7.18141021e+00
5.73444400e+00	8.77551900e-01	7.15212047e+00
5.74442300e+00	8.66330000e-01	7.12608406e+00
5.75440200e+00	6.89282900e-01	7.02019105e+00
5.76438100e+00	8.29013700e-01	7.11243077e+00
5.77436000e+00	9.65745900e-01	7.22547965e+00
5.78433800e+00	8.76696500e-01	7.16184307e+00
5.79431700e+00	7.27815200e-01	7.03782342e+00
5.80429600e+00	7.90390600e-01	7.13593993e+00
5.81427500e+00	8.69586200e-01	7.16463286e+00
5.82425400e+00	8.16702300e-01	7.10608075e+00
5.83423300e+00	8.66370200e-01	7.13976876e+00
5.84421200e+00	9.27205000e-01	7.18597849e+00
5.85419000e+00	7.45030400e-01	7.12179556e+00
5.86416900e+00	4.39275100e-01	6.87037895e+00
5.87414800e+00	1.13606700e+00	7.35470506e+00
5.88412700e+00	9.70102800e-01	7.23817713e+00
5.89410600e+00	5.58574400e-01	6.98663167e+00
5.90408500e+00	7.76957800e-01	7.15843015e+00
5.91406400e+00	4.23935600e-01	6.95524601e+00
5.92404200e+00	7.09768800e-01	7.07833986e+00
5.93402100e+00	7.17372600e-01	7.09214559e+00
5.94400000e+00	8.85991500e-01	7.20950731e+00
5.95397900e+00	8.09096800e-01	7.21221628e+00
5.96395800e+00	7.17854300e-01	7.10417736e+00
5.97393700e+00	7.81828800e-01	7.17258266e+00
5.98391600e+00	6.20425100e-01	7.05168328e+00
5.99389400e+00	9.53317400e-01	7.27212873e+00
6.00387300e+00	7.58815900e-01	7.18880009e+00
6.01385200e+00	8.26792600e-01	7.22880376e+00
6.02383100e+00	7.47052200e-01	7.10024239e+00
6.03381000e+00	9.43344000e-01	7.30896884e+00
6.04378900e+00	9.80680900e-01	7.32426144e+00
6.05376800e+00	9.18760400e-01	7.29816488e+00
6.06374600e+00	7.53073200e-01	7.17040362e+00
6.07372500e+00	7.45743500e-01	7.18737712e+00
6.08370400e+00	8.23664700e-01	7.19376627e+00
6.09368300e+00	6.24224900e-01	7.09361499e+00
6.10366200e+00	1.07020070e+00	7.34728943e+00
6.11364100e+00	7.15917000e-01	7.15454496e+00
6.12362000e+00	1.03944390e+00	7.36019245e+00
6.13359800e+00	1.08444770e+00	7.40301722e+00
6.14357700e+00	7.14295100e-01	7.20622482e+00
6.15355600e+00	1.08456230e+00	7.37512964e+00
6.16353500e+00	7.89876400e-01	7.17957390e+00
6.17351400e+00	8.10198400e-01	7.27976399e+00
6.18349300e+00	6.00240000e-01	7.14378901e+00
6.19347100e+00	6.15150800e-01	7.15519328e+00
6.20345000e+00	9.60788300e-01	7.35568866e+00
6.21342900e+00	7.86516300e-01	7.26729314e+00
6.22340800e+00	5.32757300e-01	7.12683291e+00
6.23338700e+00	1.18894520e+00	7.48697873e+00
6.24336600e+00	5.33487900e-01	7.12127865e+00
6.25334500e+00	7.08712500e-01	7.22112290e+00
6.26332300e+00	9.31508600e-01	7.34413390e+00
6.27330200e+00	8.75859100e-01	7.31683381e+00
6.28328100e+00	9.55357600e-01	7.35025900e+00
6.29326000e+00	1.02647250e+00	7.39929083e+00
6.30323900e+00	1.02745430e+00	7.40411058e+00
6.31321800e+00	7.37496500e-01	7.25357892e+00
6.32319700e+00	6.66869100e-01	7.22985420e+00
6.33317500e+00	1.11720730e+00	7.49521786e+00
6.34315400e+00	1.06463640e+00	7.41958282e+00
6.35313300e+00	6.64987000e-01	7.22969946e+00
6.36311200e+00	1.02008490e+00	7.42015394e+00
6.37309100e+00	5.30082200e-01	7.18390787e+00
6.38307000e+00	8.90661400e-01	7.31965642e+00
6.39304900e+00	9.41272700e-01	7.42356056e+00
6.40302700e+00	7.93578900e-01	7.29699766e+00
6.41300600e+00	6.00440600e-01	7.23400720e+00
6.42298500e+00	8.44465100e-01	7.34269162e+00
6.43296400e+00	1.21184440e+00	7.57360690e+00
6.44294300e+00	8.63356000e-01	7.39235219e+00
6.45292200e+00	6.41553700e-01	7.24312014e+00
6.46290100e+00	7.29826600e-01	7.28191650e+00
6.47287900e+00	6.78972900e-01	7.27715478e+00
6.48285800e+00	1.05697580e+00	7.55895603e+00
6.49283700e+00	1.06978820e+00	7.52793004e+00
6.50281600e+00	8.74468400e-01	7.43067669e+00
6.51279500e+00	8.15610300e-01	7.37150782e+00
6.52277400e+00	7.48384100e-01	7.34822748e+00
6.53275300e+00	7.65503400e-01	7.37904387e+00
6.54273100e+00	1.07274700e+00	7.54677641e+00
6.55271000e+00	8.34198500e-01	7.37851561e+00
6.56268900e+00	8.88114100e-01	7.47490625e+00
6.57266800e+00	7.45849600e-01	7.38237000e+00
6.58264700e+00	9.08626200e-01	7.44288533e+00
6.59262600e+00	4.93060800e-01	7.22033177e+00
6.60260400e+00	1.20179510e+00	7.62919473e+00
6.61258300e+00	1.05809660e+00	7.57166266e+00
6.62256200e+00	7.47624800e-01	7.38003199e+00
6.63254100e+00	1.08100310e+00	7.60238251e+00
6.64252000e+00	8.51223100e-01	7.46311034e+00
6.65249900e+00	7.22772200e-01	7.38801924e+00
6.66247800e+00	1.06270600e+00	7.58636772e+00
6.67245600e+00	1.03104320e+00	7.58286826e+00
6.68243500e+00	1.05838880e+00	7.54404665e+00
6.69241400e+00	8.57157400e-01	7.45983260e+00
6.70239300e+00	7.20052700e-01	7.38285545e+00
6.71237200e+00	8.25623500e-01	7.42025003e+00
6.72235100e+00	6.50368000e-01	7.39395637e+00
6.73233000e+00	7.28870000e-01	7.38825563e+00
6.74230800e+00	5.80672900e-01	7.33130945e+00
6.75228700e+00	1.23100780e+00	7.75049107e+00
6.76226600e+00	1.05585480e+00	7.57552577e+00
6.77224500e+00	8.83375200e-01	7.51079536e+00
6.78222400e+00	9.82498100e-01	7.62840466e+00
6.79220300e+00	8.01797200e-01	7.47377607e+00
6.80218200e+00	1.20773590e+00	7.72501631e+00
6.81216000e+00	8.94408300e-01	7.54332796e+00
6.82213900e+00	1.23011750e+00	7.69703823e+00
6.83211800e+00	7.55691000e-01	7.40085734e+00
6.84209700e+00	8.04769400e-01	7.45604569e+00
6.85207600e+00	7.39967800e-01	7.45508559e+00
6.86205500e+00	7.50983500e-01	7.44858499e+00
6.87203400e+00	6.58800600e-01	7.41078278e+00
6.88201200e+00	1.04573520e+00	7.70117508e+00
6.89199100e+00	9.50404700e-01	7.59185623e+00
6.90197000e+00	9.33258900e-01	7.64046767e+00
6.91194900e+00	8.67819800e-01	7.55748156e+00
6.92192800e+00	5.62767800e-01	7.38620022e+00
6.93190700e+00	1.01689290e+00	7.62743910e+00
6.94188600e+00	1.25279470e+00	7.80513336e+00
6.95186400e+00	1.05072350e+00	7.69754517e+00
6.96184300e+00	6.54881500e-01	7.46566803e+00
6.97182200e+00	9.85369000e-01	7.69490755e+00
6.98180100e+00	9.41079700e-01	7.62516585e+00
6.99178000e+00	9.42577900e-01	7.61553056e+00
7.00175900e+00	1.18839040e+00	7.76677276e+00
7.01173700e+00	9.12475400e-01	7.60393090e+00
7.02171600e+00	8.95973900e-01	7.58371786e+00
7.03169500e+00	9.48894800e-01	7.65917452e+00
7.04167400e+00	1.02116100e+00	7.68096677e+00
7.05165300e+00	8.53577100e-01	7.60043951e+00
7.06163200e+00	1.46475310e+00	7.93809122e+00
7.07161100e+00	7.50387000e-01	7.54621156e+00
7.08158900e+00	1.04372490e+00	7.73645401e+00
7.09156800e+00	1.09591070e+00	7.76500456e+00
7.10154700e+00	1.20192330e+00	7.80614535e+00
7.11152600e+00	6.98363300e-01	7.52144879e+00
7.12150500e+00	8.41741600e-01	7.63537898e+00
7.13148400e+00	6.42169900e-01	7.50544729e+00
7.14146300e+00	3.91866200e-01	7.31295458e+00
7.15144100e+00	8.36880500e-01	7.61420640e+00
7.16142000e+00	8.92529400e-01	7.66741950e+00
7.17139900e+00	9.98475200e-01	7.67604446e+00
7.18137800e+00	7.86037600e-01	7.60191466e+00
7.19135700e+00	5.75992500e-01	7.49135580e+00
7.20133600e+00	7.72367700e-01	7.62611936e+00
7.21131500e+00	9.10995300e-01	7.70256908e+00
7.22129300e+00	8.82429900e-01	7.67583178e+00
7.23127200e+00	6.64830800e-01	7.50565677e+00
7.24125100e+00	8.47244700e-01	7.66526991e+00
7.25123000e+00	7.46985500e-01	7.60622938e+00
7.26120900e+00	9.14013900e-01	7.67317864e+00
7.27118800e+00	8.69778200e-01	7.66055437e+00
7.28116700e+00	9.79142200e-01	7.75985495e+00
7.29114500e+00	8.27515600e-01	7.67377018e+00
7.30112400e+00	9.67858700e-01	7.74000352e+00
7.31110300e+00	9.73178800e-01	7.79257002e+00
7.32108200e+00	1.10716450e+00	7.86470326e+00
7.33106100e+00	1.05735930e+00	7.84296384e+00
7.34104000e+00	1.15507230e+00	7.88741914e+00
7.35101900e+00	6.36261800e-01	7.54028857e+00
7.36099700e+00	8.31127100e-01	7.70918039e+00
7.37097600e+00	5.45957300e-01	7.54339796e+00
7.38095500e+00	9.12652200e-01	7.79212816e+00
7.39093400e+00	1.20131250e+00	1.90736937e-01
7.40091300e+00	9.93676200e-01	1.85905039e-01
7.41089200e+00	7.84845200e-01	1.81424345e-01
7.42087000e+00	1.03706500e+00	1.88513921e-01
7.43084900e+00	1.13218710e+00	1.87310246e-01
7.44082800e+00	1.12863430e+00	1.91414558e-01
7.45080700e+00	6.50227500e-01	1.78035695e-01
7.46078600e+00	9.25422700e-01	7.82864125e+00
7.47076500e+00	9.13051800e-01	7.79254371e+00
7.48074400e+00	1.43096290e+00	1.97519236e-01
7.49072200e+00	1.17407460e+00	1.91207927e-01
7.50070100e+00	1.04894500e+00	1.87043859e-01
7.51068000e+00	9.86364500e-01	1.87479042e-01
7.52065900e+00	1.11401990e+00	7.92661202e+00
7.53063800e+00	7.60520600e-01	7.72738462e+00
7.54061700e+00	7.99152800e-01	7.75622828e+00
7.55059600e+00	1.11383940e+00	7.93710254e+00
7.56057400e+00	9.14646400e-01	7.80739056e+00
7.57055300e+00	9.00021200e-01	7.76812544e+00
7.58053200e+00	7.40272700e-01	7.77968779e+00
7.59051100e+00	8.39879600e-01	7.80667603e+00
7.60049000e+00	5.07020600e-01	7.63803863e+00
7.61046900e+00	1.12603130e+00	7.98320042e+00
7.62044800e+00	9.77064400e-01	7.94920987e+00
7.63042600e+00	8.46322500e-01	7.82978868e+00
7.64040500e+00	1.13064430e+00	7.97555764e+00
7.65038400e+00	1.18272820e+00	1.92072220e-01
7.66036300e+00	7.62602100e-01	7.82117964e+00
7.67034200e+00	1.03673110e+00	7.94199435e+00
7.68032100e+00	9.76414300e-01	1.89181523e-01
7.69030000e+00	1.13819480e+00	1.93236127e-01
7.70027800e+00	9.11249300e-01	1.85675884e-01
7.71025700e+00	1.07223140e+00	1.91380159e-01
7.72023600e+00	1.16402590e+00	8.03749389e+00
7.73021500e+00	1.16204990e+00	7.99936693e+00
7.74019400e+00	9.48803300e-01	1.87876596e-01
7.75017300e+00	9.50472300e-01	1.89161666e-01
7.76015100e+00	8.94399600e-01	1.89914550e-01
7.77013000e+00	8.80995700e-01	1.88564437e-01
7.78010900e+00	7.62847000e-01	1.84275237e-01
7.79008800e+00	1.07605750e+00	1.91940704e-01
7.80006700e+00	9.62779100e-01	1.91344449e-01
7.81004600e+00	9.24192700e-01	1.89358761e-01
7.82002500e+00	1.21615270e+00	1.95334686e-01
7.83000300e+00	1.00791580e+00	1.91432435e-01
7.83998200e+00	1.10852990e+00	8.02655162e+00
7.84996100e+00	9.29437600e-01	7.89376226e+00
7.85994000e+00	5.72040900e-01	1.84387654e-01
7.86991900e+00	1.08788720e+00	1.93439774e-01
7.87989800e+00	8.68230500e-01	1.88749525e-01
7.88987700e+00	1.27417580e+00	1.97545278e-01
7.89985500e+00	1.11119620e+00	8.07685919e+00
7.90983400e+00	1.14750570e+00	8.08979026e+00
7.91981300e+00	8.92893300e-01	1.88400134e-01
7.92979200e+00	1.04080790e+00	1.94787492e-01
7.93977100e+00	8.33139400e-01	1.88432305e-01
7.94975000e+00	1.13144740e+00	1.93212669e-01
7.95972900e+00	8.20124100e-01	7.94870229e+00
7.96970700e+00	1.15073370e+00	8.09980364e+00
7.97968600e+00	1.03910210e+00	8.06929004e+00
7.98966500e+00	8.81650800e-01	1.91076325e-01
7.99964400e+00	8.26118000e-01	1.87319339e-01
8.00962300e+00	6.43597200e-01	1.86106857e-01
8.01960200e+00	1.02375380e+00	1.92741410e-01
8.02958100e+00	1.14856100e+00	1.95843825e-01
8.03955900e+00	9.48237800e-01	1.91947312e-01
8.04953800e+00	9.54157700e-01	1.90688651e-01
8.05951700e+00	9.11704400e-01	1.92708530e-01
8.06949600e+00	1.07545460e+00	1.94542984e-01
8.07947500e+00	1.02250430e+00	1.93507567e-01
8.08945400e+00	1.33617250e+00	2.01902168e-01
8.09943300e+00	1.26562100e+00	1.98847666e-01
8.10941100e+00	5.20443500e-01	1.85162345e-01
8.11939000e+00	5.81371900e-01	1.85588219e-01
8.12936900e+00	1.07928310e+00	8.15832909e+00
8.13934800e+00	9.95219000e-01	8.11038645e+00
8.14932700e+00	1.03820370e+00	1.94146789e-01
8.15930600e+00	7.66083900e-01	1.90665729e-01
8.16928400e+00	1.02530670e+00	1.94505646e-01
8.17926300e+00	8.71125600e-01	1.91714642e-01
8.18924200e+00	1.07754020e+00	1.95962722e-01
8.19922100e+00	1.14844160e+00	1.99552077e-01
8.20920000e+00	1.07160890e+00	1.95786278e-01
8.21917900e+00	1.20229770e+00	1.98644851e-01
8.22915800e+00	1.14560940e+00	1.97756966e-01
8.23913600e+00	1.01965190e+00	1.96461569e-01
8.24911500e+00	9.68221500e-01	1.92617356e-01
8.25909400e+00	1.16877710e+00	1.98537163e-01
8.26907300e+00	1.13653420e+00	1.97038556e-01
8.27905200e+00	7.89987000e-01	1.92082373e-01
8.28903100e+00	9.34797000e-01	8.08729161e+00
8.29901000e+00	8.64654700e-01	8.08811487e+00
8.30898800e+00	9.79018100e-01	1.95729616e-01
8.31896700e+00	6.84148900e-01	1.88000278e-01
8.32894600e+00	1.02211020e+00	1.95757909e-01
8.33892500e+00	1.27816210e+00	2.01648455e-01
8.34890400e+00	9.10740900e-01	1.93612935e-01
8.35888300e+00	6.98176800e-01	1.90340976e-01
8.36886200e+00	9.54806200e-01	1.95752272e-01
8.37884000e+00	1.07236790e+00	8.20842635e+00
8.38881900e+00	1.12792550e+00	8.23744999e+00
8.39879800e+00	1.31572700e+00	8.34270221e+00
8.40877700e+00	1.37479550e+00	8.35037655e+00
8.41875600e+00	8.41025100e-01	8.07735255e+00
8.42873500e+00	1.11127860e+00	8.26118641e+00
8.43871400e+00	9.15030100e-01	8.12803066e+00
8.44869200e+00	1.06221790e+00	1.96628384e-01
8.45867100e+00	1.02543130e+00	1.96946363e-01
8.46865000e+00	1.03236140e+00	1.98848952e-01
8.47862900e+00	1.04381590e+00	8.20891074e+00
8.48860800e+00	7.12750000e-01	7.99031870e+00
8.49858700e+00	9.48200600e-01	8.19561365e+00
8.50856600e+00	1.09347730e+00	8.27406762e+00
8.51854400e+00	9.45007300e-01	8.19396406e+00
8.52852300e+00	1.04661620e+00	8.23180741e+00
8.53850200e+00	8.72779200e-01	8.13142496e+00
8.54848100e+00	1.02303050e+00	8.25395011e+00
8.55846000e+00	9.17089100e-01	8.18755471e+00
8.56843900e+00	1.20826580e+00	8.35618346e+00
8.57841700e+00	7.03404600e-01	1.90469924e-01
8.58839600e+00	9.41882600e-01	1.97113016e-01
8.59837500e+00	9.15423600e-01	8.18862266e+00
8.60835400e+00	1.07699460e+00	8.33148409e+00
8.61833300e+00	1.23965420e+00	2.00334571e-01
8.62831200e+00	7.19511300e-01	1.93693721e-01
8.63829100e+00	9.83647700e-01	1.99075629e-01
8.64826900e+00	9.66318800e-01	1.96827250e-01
8.65824800e+00	7.54897800e-01	1.93246848e-01
8.66822700e+00	7.31323000e-01	1.95610233e-01
8.67820600e+00	8.20412400e-01	1.94850467e-01
8.68818500e+00	1.14777380e+00	2.00138511e-01
8.69816400e+00	7.50697600e-01	1.94695575e-01
8.70814300e+00	1.05194090e+00	2.00478566e-01
8.71812100e+00	9.28696700e-01	1.98281454e-01
8.72810000e+00	9.29773900e-01	1.98302284e-01
8.73807900e+00	9.40227000e-01	8.29714888e+00
8.74805800e+00	1.09058760e+00	8.34045667e+00
8.75803700e+00	1.03287210e+00	1.99187255e-01
8.76801600e+00	7.09383000e-01	1.92992604e-01
8.77799500e+00	6.71395800e-01	1.92812319e-01
8.78797300e+00	1.15367570e+00	2.04672224e-01
8.79795200e+00	1.05417910e+00	2.00802430e-01
8.80793100e+00	9.56728900e-01	8.30533906e+00
8.81791000e+00	1.20833690e+00	8.44962568e+00
8.82788900e+00	5.44962000e-01	8.09728773e+00
8.83786800e+00	9.10498500e-01	8.29851098e+00
8.84784700e+00	1.02215450e+00	2.00148505e-01
8.85782500e+00	8.97345500e-01	8.29560364e+00
8.86780400e+00	1.44847350e+00	8.58362165e+00
8.87778300e+00	8.03416000e-01	8.26537329e+00
8.88776200e+00	7.77177600e-01	8.20983729e+00
8.89774100e+00	9.43908000e-01	1.98932118e-01
8.90772000e+00	1.03049390e+00	1.99932249e-01
8.91769900e+00	9.92003400e-01	1.99699862e-01
8.92767700e+00	1.12562730e+00	2.02591745e-01
8.93765600e+00	1.24977010e+00	2.06162791e-01
8.94763500e+00	1.32624290e+00	8.54991025e+00
8.95761400e+00	1.15062210e+00	8.42215528e+00
8.96759300e+00	1.29803430e+00	2.05164539e-01
8.97757200e+00	1.00082190e+00	2.02628942e-01
8.98755000e+00	1.03914880e+00	2.01106915e-01
8.99752900e+00	8.45179700e-01	1.96788199e-01
9.00750800e+00	1.00179450e+00	2.02243384e-01
9.01748700e+00	9.86828700e-01	2.01664980e-01
9.02746600e+00	1.06147380e+00	2.01314025e-01
9.03744500e+00	6.71756800e-01	1.93979855e-01
9.04742400e+00	1.01569700e+00	2.04778472e-01
9.05740200e+00	4.38057100e-01	8.07790036e+00
9.06738100e+00	8.00586200e-01	8.34682907e+00
9.07736000e+00	9.85022200e-01	2.02693836e-01
9.08733900e+00	9.65440800e-01	2.00825389e-01
9.09731800e+00	6.53800200e-01	1.96272588e-01
9.10729700e+00	7.97576300e-01	2.00538414e-01
9.11727600e+00	9.88523300e-01	2.02094052e-01
9.12725400e+00	1.32548170e+00	2.07785784e-01
9.13723300e+00	9.74552400e-01	2.03262412e-01
9.14721200e+00	7.28113000e-01	1.96434774e-01
9.15719100e+00	8.24172600e-01	1.98339972e-01
9.16717000e+00	1.01118720e+00	2.02958085e-01
9.17714900e+00	9.53008400e-01	2.01925898e-01
9.18712800e+00	1.00039310e+00	2.01470747e-01
9.19710600e+00	8.15860900e-01	8.28737505e+00
9.20708500e+00	9.83001000e-01	8.45382702e+00
9.21706400e+00	9.15418900e-01	8.39645208e+00
9.22704300e+00	4.61295300e-01	1.92833878e-01
9.23702200e+00	9.35733200e-01	2.02753370e-01
9.24700100e+00	5.66875700e-01	1.93178607e-01
9.25698000e+00	7.04639900e-01	1.98490533e-01
9.26695800e+00	9.74610200e-01	2.04146096e-01
9.27693700e+00	1.22491110e+00	2.07021942e-01
9.28691600e+00	1.21917920e+00	8.56894968e+00
9.29689500e+00	1.19969310e+00	8.60840556e+00
9.30687400e+00	1.23491740e+00	8.61383218e+00
9.31685300e+00	8.63724300e-01	8.46440917e+00
9.32683200e+00	1.13503090e+00	2.08626973e-01
9.33681000e+00	1.06704360e+00	2.04721161e-01
9.34678900e+00	1.16795580e+00	2.07852065e-01
9.35676800e+00	1.06830260e+00	2.06096693e-01
9.36674700e+00	9.64670400e-01	2.04145851e-01
9.37672600e+00	8.54043500e-01	2.01787831e-01
9.38670500e+00	1.17716020e+00	8.60389119e+00
9.39668300e+00	1.25383640e+00	8.65475827e+00
9.40666200e+00	1.02945960e+00	2.05881725e-01
9.41664100e+00	1.31193360e+00	2.09825015e-01
9.42662000e+00	1.03021110e+00	2.04729660e-01
9.43659900e+00	1.26233940e+00	2.09111147e-01
9.44657800e+00	9.38236300e-01	2.03297051e-01
9.45655700e+00	9.60658800e-01	2.03990078e-01
9.46653500e+00	9.45964300e-01	2.03199748e-01
9.47651400e+00	9.19936200e-01	2.04962597e-01
9.48649300e+00	1.09564240e+00	2.08444230e-01
9.49647200e+00	1.19210950e+00	2.08033487e-01
9.50645100e+00	1.42883010e+00	2.14419749e-01
9.51643000e+00	8.77262300e-01	2.04192990e-01
9.52640900e+00	8.87250300e-01	2.02531022e-01
9.53638700e+00	6.00794000e-01	2.00792669e-01
9.54636600e+00	9.66062700e-01	2.05456390e-01
9.55634500e+00	8.02715700e-01	2.02090163e-01
9.56632400e+00	1.05865320e+00	2.09190081e-01
9.57630300e+00	1.07374890e+00	2.07700282e-01
9.58628200e+00	9.14767500e-01	2.03049992e-01
9.59626100e+00	1.13580770e+00	8.63857810e+00
9.60623900e+00	1.29944750e+00	8.74262014e+00
9.61621800e+00	1.35385860e+00	8.75401362e+00
9.62619700e+00	8.85540200e-01	2.05182250e-01
9.63617600e+00	7.48039600e-01	2.03768391e-01
9.64615500e+00	1.08179360e+00	2.06659344e-01
9.65613400e+00	1.05690760e+00	2.08223337e-01
9.66611300e+00	1.29483570e+00	2.13540878e-01
9.67609100e+00	1.27987120e+00	2.09299015e-01
9.68607000e+00	1.20177030e+00	2.11684742e-01
9.69604900e+00	8.01775900e-01	2.03949088e-01
9.70602800e+00	1.22356410e+00	2.10706793e-01
9.71600700e+00	1.31279070e+00	2.13856972e-01
9.72598600e+00	9.15537000e-01	2.06743775e-01
9.73596400e+00	1.44865850e+00	8.88707380e+00
9.74594300e+00	9.00629800e-01	8.59228042e+00
9.75592200e+00	1.05366080e+00	8.65016926e+00
9.76590100e+00	1.05993850e+00	2.08331124e-01
9.77588000e+00	8.49138200e-01	8.60286630e+00
9.78585900e+00	5.80113700e-01	8.45011727e+00
9.79583800e+00	1.44937080e+00	2.15136008e-01
9.80581600e+00	1.26141390e+00	2.15418749e-01
9.81579500e+00	9.24323300e-01	2.06088552e-01
9.82577400e+00	1.00108810e+00	2.08717327e-01
9.83575300e+00	1.06587450e+00	2.09706138e-01
9.84573200e+00	9.04423800e-01	2.07847278e-01
9.85571100e+00	8.92519200e-01	2.04887404e-01
9.86569000e+00	1.25167530e+00	2.13692662e-01
9.87566800e+00	1.11880520e+00	2.13215335e-01
9.88564700e+00	1.30439120e+00	2.12126094e-01
9.89562600e+00	9.54688300e-01	2.09339976e-01
9.90560500e+00	1.08372260e+00	2.10376685e-01
9.91558400e+00	1.07383050e+00	2.07974542e-01
9.92556300e+00	1.08317890e+00	2.12776554e-01
9.93554200e+00	8.24832100e-01	2.08126950e-01
9.94552000e+00	9.33320900e-01	2.06323507e-01
9.95549900e+00	1.28337820e+00	2.15054663e-01
9.96547800e+00	1.19651240e+00	2.14994459e-01
9.97545700e+00	1.14019200e+00	8.81094071e+00
9.98543600e+00	1.15552630e+00	8.83126399e+00
9.99541500e+00	1.32956580e+00	8.92259308e+00
1.00053900e+01	9.40847400e-01	2.09828993e-01
1.00153700e+01	1.05186510e+00	8.81317151e+00
1.00253500e+01	1.40148200e+00	9.02941402e+00
1.00353300e+01	1.25820200e+00	8.95106310e+00
1.00453100e+01	1.08639870e+00	8.80129439e+00
1.00552900e+01	1.10069700e+00	8.92270385e+00
1.00652700e+01	8.80566000e-01	2.10675204e-01
1.00752500e+01	1.08161190e+00	2.23080586e-01
1.00852200e+01	1.11254630e+00	2.28354444e-01
1.00952000e+01	1.12503410e+00	8.91235389e+00
1.01051800e+01	1.56049990e+00	2.44226891e-01
1.01151600e+01	1.13853170e+00	2.36203379e-01
1.01251400e+01	1.26660290e+00	8.96329552e+00
1.01351200e+01	1.14415890e+00	8.89097798e+00
1.01451000e+01	1.01718700e+00	2.42990976e-01
1.01550800e+01	9.45450500e-01	2.46958479e-01
1.01650600e+01	1.07956340e+00	2.51048531e-01
1.01750300e+01	1.30962320e+00	2.56077756e-01
1.01850100e+01	1.09574720e+00	2.58322868e-01
1.01949900e+01	7.44999900e-01	2.51858076e-01
1.00000000e+03	0.00000000e+00	0.00000000e+00
