q[A-1]	I(q)[sr-1]_nmA(Lyso_Lyso_4_frames_000_350_sub.dat_00001_[sub(Lyso_Lyso_4_frames_000_350.dat_00001_[</fileinfo>]-Lyso_Buffer_2_000_350_mult.dat_00001_[mult(Lyso_Buffer_2_000_350.dat_00001_[</fileinfo>]*0.7000)])])	error
0.00000000e+00	-2.44999930e+02	0.00000000e+00
0.00000000e+00	1.04999970e+02	0.00000000e+00
2.26117100e-02	2.03348160e+01	5.11083467e+00
2.36095900e-02	2.11972080e+01	4.20726399e+00
2.46074800e-02	1.91356460e+01	2.49324831e+00
2.56053600e-02	1.71489310e+01	2.06748509e+00
2.66032500e-02	2.20169565e+01	2.00260355e+00
2.76011300e-02	2.07649088e+01	1.70432339e+00
2.85990200e-02	1.92912715e+01	1.49282294e+00
2.95969000e-02	1.84359908e+01	1.33367483e+00
3.05947900e-02	2.21717584e+01	1.32175962e+00
3.15926800e-02	2.08200365e+01	1.27095843e+00
3.25905600e-02	1.81907748e+01	1.16999479e+00
3.35884500e-02	2.11041237e+01	1.18738538e+00
3.45863300e-02	1.87130659e+01	1.13476643e+00
3.55842200e-02	1.88709072e+01	1.09340931e+00
3.65821000e-02	2.00295966e+01	1.11297912e+00
3.75799900e-02	1.81863727e+01	1.04446933e+00
3.85778700e-02	1.79580900e+01	1.00178343e+00
3.95757600e-02	1.83175077e+01	1.00778918e+00
4.05736400e-02	1.83598725e+01	9.77777330e-01
4.15715300e-02	1.75719732e+01	9.76721628e-01
4.25694100e-02	1.74011675e+01	1.45362700e+01
4.35673000e-02	1.68351438e+01	1.43325518e+01
4.45651900e-02	1.61131190e+01	1.40696857e+01
4.55630700e-02	1.79286557e+01	9.04068935e-01
4.65609600e-02	1.59824543e+01	1.39991589e+01
4.75588400e-02	1.72945900e+01	1.43685446e+01
4.85567300e-02	1.77220507e+01	1.45025171e+01
4.95546100e-02	1.74168288e+01	1.44134201e+01
5.05525000e-02	1.65590045e+01	8.35896541e-01
5.15503800e-02	1.49886250e+01	7.96821858e-01
5.25482700e-02	1.73042192e+01	8.44756812e-01
5.35461500e-02	1.57190271e+01	8.02665429e-01
5.45440400e-02	1.68524683e+01	8.23623295e-01
5.55419200e-02	1.68147647e+01	8.04346383e-01
5.65398100e-02	1.70345182e+01	8.32608553e-01
5.75376900e-02	1.61235727e+01	7.86906047e-01
5.85355800e-02	1.58627044e+01	7.90743593e-01
5.95334700e-02	1.63960089e+01	7.95577876e-01
6.05313500e-02	1.59048533e+01	7.64379248e-01
6.15292400e-02	1.39710434e+01	7.48019332e-01
6.25271200e-02	1.50610846e+01	7.50118431e-01
6.35250100e-02	1.46996188e+01	7.39811996e-01
6.45228900e-02	1.47148973e+01	7.35553545e-01
6.55207800e-02	1.45332879e+01	7.23241859e-01
6.65186600e-02	1.40790273e+01	7.34833173e-01
6.75165500e-02	1.41282595e+01	7.09096026e-01
6.85144300e-02	1.40697163e+01	7.16826888e-01
6.95123200e-02	1.36392305e+01	6.86125974e-01
7.05102000e-02	1.34235926e+01	6.92296596e-01
7.15080900e-02	1.25976037e+01	6.71885643e-01
7.25059700e-02	1.43524919e+01	1.31191864e+01
7.35038600e-02	1.31604844e+01	1.27295211e+01
7.45017500e-02	1.34955171e+01	1.28448950e+01
7.54996300e-02	1.41281817e+01	6.93982658e-01
7.64975200e-02	1.36366523e+01	6.75263031e-01
7.74954000e-02	1.26617735e+01	6.49710702e-01
7.84932900e-02	1.22005999e+01	6.40100181e-01
7.94911700e-02	1.32225025e+01	6.45986013e-01
8.04890600e-02	1.22999536e+01	6.44479683e-01
8.14869400e-02	1.28954652e+01	6.39112458e-01
8.24848300e-02	1.22995207e+01	6.26200836e-01
8.34827100e-02	1.23097881e+01	6.26900418e-01
8.44806000e-02	1.28577068e+01	6.31325440e-01
8.54784800e-02	1.26728058e+01	6.30013780e-01
8.64763700e-02	1.25591182e+01	6.22457321e-01
8.74742600e-02	1.06020628e+01	5.73528297e-01
8.84721400e-02	1.21264108e+01	6.12550980e-01
8.94700300e-02	1.15151219e+01	5.93141168e-01
9.04679100e-02	1.04505916e+01	5.69831000e-01
9.14658000e-02	1.11262314e+01	5.73119967e-01
9.24636800e-02	1.15133864e+01	5.84251978e-01
9.34615700e-02	1.09025206e+01	5.74412462e-01
9.44594500e-02	1.10778762e+01	5.69625498e-01
9.54573400e-02	9.37845520e+00	5.36786800e-01
9.64552200e-02	1.01661812e+01	5.42479104e-01
9.74531100e-02	9.98029780e+00	5.43914167e-01
9.84509900e-02	9.51118630e+00	1.12176715e+01
9.94488800e-02	1.00634349e+01	1.14506307e+01
1.00446800e-01	9.02558500e+00	5.16455051e-01
1.01444700e-01	9.71603320e+00	1.12991130e+01
1.02442500e-01	1.05505337e+01	1.16340871e+01
1.03440400e-01	8.49694230e+00	1.08250210e+01
1.04438300e-01	9.22768890e+00	5.05314158e-01
1.05436200e-01	9.40981780e+00	5.13177610e-01
1.06434100e-01	8.77932780e+00	4.95342028e-01
1.07432000e-01	9.15383430e+00	5.08028149e-01
1.08429800e-01	8.51061500e+00	4.89519492e-01
1.09427700e-01	8.03179180e+00	4.73520126e-01
1.10425600e-01	8.66666390e+00	4.88561544e-01
1.11423500e-01	7.98712320e+00	1.05567489e+01
1.12421400e-01	7.88340500e+00	1.05422302e+01
1.13419300e-01	8.39847700e+00	4.79329318e-01
1.14417200e-01	7.47752040e+00	4.48081436e-01
1.15415000e-01	8.07159740e+00	4.70929031e-01
1.16412900e-01	7.53316940e+00	4.53314190e-01
1.17410800e-01	7.66718070e+00	4.52719748e-01
1.18408700e-01	7.13296220e+00	4.44813002e-01
1.19406600e-01	6.74613150e+00	4.28452031e-01
1.20404500e-01	6.89460290e+00	4.38767830e-01
1.21402400e-01	7.28976540e+00	4.38513386e-01
1.22400200e-01	5.87962300e+00	4.04070964e-01
1.23398100e-01	6.15642940e+00	4.09567330e-01
1.24396000e-01	6.83975340e+00	4.26898324e-01
1.25393900e-01	7.09996580e+00	4.34781044e-01
1.26391800e-01	6.69841950e+00	4.15255782e-01
1.27389700e-01	6.20358490e+00	4.08227119e-01
1.28387600e-01	5.74733950e+00	9.54381328e+00
1.29385400e-01	5.52984630e+00	9.48325714e+00
1.30383300e-01	6.19149670e+00	4.07483704e-01
1.31381200e-01	6.29755580e+00	3.98974144e-01
1.32379100e-01	5.72730670e+00	3.90349811e-01
1.33377000e-01	5.84689840e+00	3.88597573e-01
1.34374900e-01	4.92590520e+00	3.70895199e-01
1.35372800e-01	5.38047240e+00	3.79599763e-01
1.36370600e-01	4.77331640e+00	3.58453970e-01
1.37368500e-01	5.43560030e+00	3.78451394e-01
1.38366400e-01	5.77068500e+00	3.82691153e-01
1.39364300e-01	4.79459200e+00	3.56917846e-01
1.40362200e-01	5.29789570e+00	3.74253109e-01
1.41360100e-01	5.24070930e+00	9.32478925e+00
1.42357900e-01	5.30589130e+00	9.32945978e+00
1.43355800e-01	4.66272520e+00	3.50231380e-01
1.44353700e-01	4.38967350e+00	3.45107067e-01
1.45351600e-01	4.62552310e+00	3.46051090e-01
1.46349500e-01	4.28838810e+00	3.38422052e-01
1.47347400e-01	4.00414080e+00	3.34807609e-01
1.48345300e-01	4.10595220e+00	3.28256589e-01
1.49343100e-01	4.27768800e+00	3.38515632e-01
1.50341000e-01	3.72723290e+00	3.20986191e-01
1.51338900e-01	3.53245230e+00	3.16575401e-01
1.52336800e-01	4.18560510e+00	3.33811105e-01
1.53334700e-01	3.64485390e+00	3.10838723e-01
1.54332600e-01	4.04109060e+00	8.63687271e+00
1.55330500e-01	3.79898860e+00	8.52580866e+00
1.56328300e-01	4.35702770e+00	3.32317907e-01
1.57326200e-01	3.70149730e+00	3.19093933e-01
1.58324100e-01	3.94653850e+00	3.16647945e-01
1.59322000e-01	3.84165680e+00	3.17474224e-01
1.60319900e-01	3.44205200e+00	3.06490733e-01
1.61317800e-01	3.94887170e+00	3.18095386e-01
1.62315700e-01	3.03490790e+00	2.93022547e-01
1.63313500e-01	2.77103750e+00	2.82103172e-01
1.64311400e-01	3.16753130e+00	2.97429708e-01
1.65309300e-01	3.50126120e+00	3.01154172e-01
1.66307200e-01	3.34176540e+00	2.98051218e-01
1.67305100e-01	3.24442230e+00	2.94033199e-01
1.68303000e-01	2.91274720e+00	2.83035033e-01
1.69300900e-01	2.36137960e+00	2.73176572e-01
1.70298700e-01	2.97885890e+00	2.84981837e-01
1.71296600e-01	3.07520350e+00	2.88247627e-01
1.72294500e-01	2.36917400e+00	2.67695509e-01
1.73292400e-01	2.17545760e+00	2.59973392e-01
1.74290300e-01	2.58465360e+00	2.74658656e-01
1.75288200e-01	2.69510300e+00	2.72185960e-01
1.76286100e-01	2.49892720e+00	2.69398872e-01
1.77283900e-01	2.78362900e+00	2.74372512e-01
1.78281800e-01	2.07955350e+00	2.58430738e-01
1.79279700e-01	2.35271830e+00	2.63400063e-01
1.80277600e-01	2.31971600e+00	2.60189745e-01
1.81275500e-01	2.23695390e+00	2.58416170e-01
1.82273400e-01	2.37542150e+00	2.61066265e-01
1.83271200e-01	1.90437820e+00	7.46584824e+00
1.84269100e-01	2.10475180e+00	7.56284518e+00
1.85267000e-01	1.98445750e+00	7.50751538e+00
1.86264900e-01	1.87240380e+00	7.46484908e+00
1.87262800e-01	1.71303450e+00	2.38673175e-01
1.88260700e-01	1.85635650e+00	2.44241993e-01
1.89258600e-01	2.03104100e+00	2.50928321e-01
1.90256400e-01	1.93929420e+00	7.48633116e+00
1.91254300e-01	1.58003710e+00	7.23762900e+00
1.92252200e-01	1.76652500e+00	2.38550216e-01
1.93250100e-01	1.44034210e+00	2.28436508e-01
1.94248000e-01	1.84782540e+00	2.39957729e-01
1.95245900e-01	1.88928160e+00	2.38004778e-01
1.96243800e-01	1.41995730e+00	2.30982469e-01
1.97241600e-01	1.32755160e+00	2.24513620e-01
1.98239500e-01	1.52917660e+00	2.30147923e-01
1.99237400e-01	1.44056170e+00	2.26683754e-01
2.00235300e-01	1.62672170e+00	2.28756502e-01
2.01233200e-01	1.69235430e+00	2.32227743e-01
2.02231100e-01	1.61366070e+00	2.27161207e-01
2.03229000e-01	1.68370260e+00	2.30592602e-01
2.04226800e-01	1.33144590e+00	2.20166640e-01
2.05224700e-01	1.03784700e+00	2.10354212e-01
2.06222600e-01	1.74599740e+00	2.31365205e-01
2.07220500e-01	1.21355980e+00	2.14342405e-01
2.08218400e-01	1.18815710e+00	2.14900458e-01
2.09216300e-01	1.51578650e+00	2.23804952e-01
2.10214200e-01	1.25332680e+00	2.15902503e-01
2.11212000e-01	1.15895090e+00	2.12065690e-01
2.12209900e-01	1.47788260e+00	2.18877148e-01
2.13207800e-01	1.08993460e+00	2.09401315e-01
2.14205700e-01	1.47758160e+00	7.15858892e+00
2.15203600e-01	1.50690390e+00	7.16762559e+00
2.16201500e-01	1.02827630e+00	2.07348822e-01
2.17199400e-01	6.94612200e-01	6.73278865e+00
2.18197200e-01	9.56930100e-01	6.83957352e+00
2.19195100e-01	1.12071300e+00	6.97795954e+00
2.20193000e-01	9.23196900e-01	6.85060398e+00
2.21190900e-01	1.66594670e+00	2.22942400e-01
2.22188800e-01	8.11148900e-01	1.96960775e-01
2.23186700e-01	1.06631380e+00	2.04689478e-01
2.24184500e-01	1.08608750e+00	2.03753683e-01
2.25182400e-01	1.37483690e+00	2.12954988e-01
2.26180300e-01	1.08659980e+00	2.02764082e-01
2.27178200e-01	1.07119870e+00	2.02145786e-01
2.28176100e-01	1.05614170e+00	2.01805664e-01
2.29174000e-01	8.63550400e-01	1.94469875e-01
2.30171900e-01	9.89130200e-01	1.97915018e-01
2.31169700e-01	1.23672720e+00	2.04877594e-01
2.32167600e-01	1.35289390e+00	2.08526234e-01
2.33165500e-01	1.07574670e+00	2.00560092e-01
2.34163400e-01	1.24245530e+00	2.02868849e-01
2.35161300e-01	8.51374000e-01	1.94119793e-01
2.36159200e-01	8.04483400e-01	1.92153536e-01
2.37157100e-01	8.82799700e-01	1.93981426e-01
2.38154900e-01	1.00352240e+00	1.98077705e-01
2.39152800e-01	4.56103200e-01	1.78332496e-01
2.40150700e-01	9.94644500e-01	1.95363049e-01
2.41148600e-01	9.25822700e-01	1.93504099e-01
2.42146500e-01	7.54974200e-01	1.87735034e-01
2.43144400e-01	2.57120300e-01	1.73293091e-01
2.44142300e-01	1.03735320e+00	1.94423567e-01
2.45140100e-01	8.68013100e-01	1.92699434e-01
2.46138000e-01	8.56685300e-01	1.88818295e-01
2.47135900e-01	7.66494100e-01	1.87850870e-01
2.48133800e-01	7.48349000e-01	1.86138520e-01
2.49131700e-01	8.53310300e-01	1.86791482e-01
2.50129600e-01	9.40612000e-01	1.91698060e-01
2.51127500e-01	9.04685500e-01	1.89689629e-01
2.52125300e-01	9.73133500e-01	6.84285468e+00
2.53123200e-01	6.52943800e-01	6.60804357e+00
2.54121100e-01	1.23645810e+00	1.98062679e-01
2.55119000e-01	7.66790200e-01	1.85050007e-01
2.56116900e-01	6.10980900e-01	1.78550622e-01
2.57114800e-01	9.58135900e-01	1.88119851e-01
2.58112700e-01	8.38275900e-01	1.85834018e-01
2.59110500e-01	1.04464830e+00	1.88658066e-01
2.60108400e-01	1.20177230e+00	1.93567552e-01
2.61106300e-01	6.15427600e-01	3.94760606e+00
2.62104200e-01	4.70543600e-01	3.90658848e+00
2.63102100e-01	6.44911800e-01	3.98685561e+00
2.64100000e-01	9.57378100e-01	1.85176802e-01
2.65097800e-01	6.80843600e-01	1.77809026e-01
2.66095700e-01	6.43782800e-01	1.77850349e-01
2.67093600e-01	6.63860300e-01	1.78494643e-01
2.68091500e-01	3.79672300e-01	1.67800540e-01
2.69089400e-01	5.86359700e-01	1.78870211e-01
2.70087300e-01	7.66098000e-01	1.79330514e-01
2.71085200e-01	7.18667200e-01	6.63218770e+00
2.72083000e-01	7.51011400e-01	6.64680207e+00
2.73080900e-01	6.97171700e-01	6.58140645e+00
2.74078800e-01	6.36984900e-01	1.75145891e-01
2.75076700e-01	1.00862270e+00	6.81731193e+00
2.76074600e-01	8.50447500e-01	6.76705249e+00
2.77072500e-01	5.22137700e-01	1.71095800e-01
2.78070400e-01	5.77735900e-01	1.69902918e-01
2.79068200e-01	4.83950200e-01	1.69791427e-01
2.80066100e-01	7.30252000e-01	1.74872959e-01
2.81064000e-01	4.89894700e-01	1.67548213e-01
2.82061900e-01	9.01129900e-01	1.79863051e-01
2.83059800e-01	1.05383150e+00	1.80604240e-01
2.84057700e-01	1.08903870e+00	1.83804354e-01
2.85055600e-01	6.66552400e-01	3.97845569e+00
2.86053400e-01	8.26803500e-01	3.96152206e+00
2.87051300e-01	6.86490200e-01	6.64068714e+00
2.88049200e-01	8.58097000e-01	6.71092534e+00
2.89047100e-01	9.26802700e-01	6.79248550e+00
2.90045000e-01	6.79395300e-01	6.60385306e+00
2.91042900e-01	9.09696800e-01	6.75545601e+00
2.92040800e-01	8.67151700e-01	1.74570542e-01
2.93038600e-01	1.07909190e+00	1.79382509e-01
2.94036500e-01	9.03335400e-01	1.75069197e-01
2.95034400e-01	1.00520460e+00	1.76474955e-01
2.96032300e-01	6.79404900e-01	1.69499577e-01
2.97030200e-01	7.58438600e-01	1.71227396e-01
2.98028100e-01	7.82194400e-01	1.71447457e-01
2.99026000e-01	8.39666700e-01	1.73672660e-01
3.00023800e-01	8.39566500e-01	1.69881090e-01
3.01021700e-01	9.71123000e-01	1.77447700e-01
3.02019600e-01	8.02007300e-01	3.94466855e+00
3.03017500e-01	7.44469100e-01	3.92641602e+00
3.04015400e-01	9.41732500e-01	6.80527224e+00
3.05013300e-01	9.72218600e-01	6.81651642e+00
3.06011100e-01	9.16929500e-01	3.92210031e+00
3.07009000e-01	9.16052700e-01	6.79422533e+00
3.08006900e-01	4.95371000e-01	6.47674440e+00
3.09004800e-01	7.95662100e-01	3.92778243e+00
3.10002700e-01	8.08759100e-01	3.91787447e+00
3.11000600e-01	4.99780200e-01	3.95839731e+00
3.11998500e-01	6.74657600e-01	1.63825633e-01
3.12996300e-01	6.70257800e-01	1.65596949e-01
3.13994200e-01	8.30964200e-01	1.67986842e-01
3.14992100e-01	7.85263000e-01	1.66025924e-01
3.15990000e-01	6.32153800e-01	1.63828283e-01
3.16987900e-01	9.71827600e-01	6.79701303e+00
3.17985800e-01	8.26887100e-01	6.73051082e+00
3.18983700e-01	9.00878000e-01	1.68215162e-01
3.19981500e-01	5.54101900e-01	1.60193270e-01
3.20979400e-01	7.81855700e-01	1.67303383e-01
3.21977300e-01	8.27652100e-01	1.64664119e-01
3.22975200e-01	7.81379500e-01	1.66978399e-01
3.23973100e-01	6.47874900e-01	1.60020548e-01
3.24971000e-01	6.47035600e-01	1.61800850e-01
3.25968900e-01	9.63168300e-01	1.67483400e-01
3.26966700e-01	8.95291700e-01	1.66308713e-01
3.27964600e-01	7.05067400e-01	1.62728780e-01
3.28962500e-01	9.49222900e-01	1.66269150e-01
3.29960400e-01	7.76948000e-01	1.62913829e-01
3.30958300e-01	6.72102300e-01	1.61322959e-01
3.31956200e-01	9.65619600e-01	1.66646330e-01
3.32954100e-01	1.16396870e+00	1.71916267e-01
3.33951900e-01	7.45025900e-01	1.59153511e-01
3.34949800e-01	1.20962200e+00	1.73183281e-01
3.35947700e-01	8.04808000e-01	6.69041847e+00
3.36945600e-01	7.85473700e-01	6.64880195e+00
3.37943500e-01	6.99115900e-01	6.61042777e+00
3.38941400e-01	8.19806900e-01	6.69923477e+00
3.39939200e-01	1.03903630e+00	1.68251778e-01
3.40937100e-01	3.67332000e-01	1.50350682e-01
3.41935000e-01	1.14504250e+00	6.97233789e+00
3.42932900e-01	7.99641300e-01	6.69638564e+00
3.43930800e-01	8.03749300e-01	6.68682940e+00
3.44928700e-01	9.48451400e-01	1.65150661e-01
3.45926600e-01	4.90636300e-01	1.51595985e-01
3.46924400e-01	7.10301800e-01	1.56466367e-01
3.47922300e-01	8.86200100e-01	6.77064181e+00
3.48920200e-01	9.17803900e-01	6.81026649e+00
3.49918100e-01	9.71325800e-01	6.82856466e+00
3.50916000e-01	7.26796000e-01	6.69908333e+00
3.51913900e-01	7.85629600e-01	1.58496832e-01
3.52911800e-01	7.88814800e-01	1.57905775e-01
3.53909600e-01	9.54075900e-01	1.61871497e-01
3.54907500e-01	8.54611000e-01	1.59887588e-01
3.55905400e-01	9.40337500e-01	1.60215749e-01
3.56903300e-01	7.59583100e-01	1.58186764e-01
3.57901200e-01	8.38364600e-01	1.57703956e-01
3.58899100e-01	4.96337400e-01	1.50982738e-01
3.59897000e-01	6.71472300e-01	1.54049035e-01
3.60894800e-01	4.55388200e-01	1.48895674e-01
3.61892700e-01	6.02603900e-01	1.53804023e-01
3.62890600e-01	9.55391200e-01	1.58038263e-01
3.63888500e-01	8.24953200e-01	1.57001680e-01
3.64886400e-01	8.28525700e-01	1.56268187e-01
3.65884300e-01	5.79404800e-01	1.50748816e-01
3.66882200e-01	9.69049700e-01	6.81986582e+00
3.67880000e-01	1.00784030e+00	6.82971770e+00
3.68877900e-01	8.96805100e-01	1.58796127e-01
3.69875800e-01	6.47400500e-01	1.51026268e-01
3.70873700e-01	7.97547200e-01	1.55918925e-01
3.71871600e-01	7.12798700e-01	1.53785677e-01
3.72869500e-01	8.70673700e-01	1.55894668e-01
3.73867400e-01	5.19909200e-01	1.49826517e-01
3.74865200e-01	8.82611400e-01	1.56330765e-01
3.75863100e-01	8.15500300e-01	6.71675078e+00
3.76861000e-01	7.25147000e-01	6.67765229e+00
3.77858900e-01	7.97049800e-01	6.71632752e+00
3.78856800e-01	5.42872400e-01	1.49701818e-01
3.79854700e-01	9.94235800e-01	1.56225067e-01
3.80852500e-01	6.23773500e-01	6.58109642e+00
3.81850400e-01	9.32515000e-01	6.80452626e+00
3.82848300e-01	7.05339800e-01	1.51128753e-01
3.83846200e-01	8.88226300e-01	6.71230654e+00
3.84844100e-01	6.17214000e-01	6.60438457e+00
3.85842000e-01	8.71531800e-01	1.54736352e-01
3.86839900e-01	7.96541400e-01	1.51997290e-01
3.87837700e-01	8.44475200e-01	1.53641229e-01
3.88835600e-01	1.04886590e+00	1.57337775e-01
3.89833500e-01	6.34736700e-01	3.94693632e+00
3.90831400e-01	8.09149400e-01	3.95418647e+00
3.91829300e-01	8.00870300e-01	1.50619295e-01
3.92827200e-01	9.60995800e-01	1.55557059e-01
3.93825100e-01	7.73744000e-01	1.49037050e-01
3.94822900e-01	5.79028100e-01	1.45748751e-01
3.95820800e-01	9.65482500e-01	1.54924596e-01
3.96818700e-01	7.67269500e-01	1.49161211e-01
3.97816600e-01	9.21229800e-01	1.53250372e-01
3.98814500e-01	1.01910550e+00	6.87233231e+00
3.99812400e-01	8.65305600e-01	6.78863658e+00
4.00810300e-01	7.64037700e-01	1.48125199e-01
4.01808100e-01	7.90154400e-01	1.50716194e-01
4.02806000e-01	9.32942300e-01	1.53419234e-01
4.03803900e-01	8.67573800e-01	1.51161023e-01
4.04801800e-01	6.75353300e-01	1.47867723e-01
4.05799700e-01	7.31117700e-01	6.70235405e+00
4.06797600e-01	8.50988100e-01	6.82963422e+00
4.07795500e-01	7.44313600e-01	6.69675225e+00
4.08793300e-01	8.38634200e-01	6.80246391e+00
4.09791200e-01	8.57955700e-01	1.50372111e-01
4.10789100e-01	8.65315700e-01	1.49124979e-01
4.11787000e-01	7.43126200e-01	1.47771991e-01
4.12784900e-01	6.69605800e-01	1.44539604e-01
4.13782800e-01	9.43655300e-01	1.50749360e-01
4.14780700e-01	9.05320100e-01	1.52396497e-01
4.15778500e-01	9.38307200e-01	1.48788750e-01
4.16776400e-01	8.70302400e-01	1.49499959e-01
4.17774300e-01	8.99150300e-01	6.79600041e+00
4.18772200e-01	6.90682400e-01	6.65359898e+00
4.19770100e-01	8.33577400e-01	6.78535025e+00
4.20768000e-01	8.01209800e-01	1.46413681e-01
4.21765800e-01	7.43906000e-01	1.46044311e-01
4.22763700e-01	5.50250300e-01	1.40472602e-01
4.23761600e-01	5.71051000e-01	3.96048976e+00
4.24759500e-01	6.89291800e-01	3.95952081e+00
4.25757400e-01	8.15948300e-01	3.97606163e+00
4.26755300e-01	5.52150900e-01	6.61974564e+00
4.27753200e-01	6.80286100e-01	6.66940240e+00
4.28751000e-01	7.28930500e-01	6.71276135e+00
4.29748900e-01	8.04324700e-01	6.78553804e+00
4.30746800e-01	7.78600800e-01	6.71401288e+00
4.31744700e-01	5.52547400e-01	1.39951849e-01
4.32742600e-01	7.30580100e-01	1.43677831e-01
4.33740500e-01	6.75531100e-01	1.42329099e-01
4.34738400e-01	6.47826300e-01	1.40231942e-01
4.35736200e-01	6.21646700e-01	1.41639944e-01
4.36734100e-01	7.47403900e-01	1.43771230e-01
4.37732000e-01	7.15041100e-01	1.43258761e-01
4.38729900e-01	6.90803300e-01	1.42407706e-01
4.39727800e-01	9.90934700e-01	1.46647664e-01
4.40725700e-01	7.59061500e-01	1.43848896e-01
4.41723600e-01	5.03581700e-01	1.36390065e-01
4.42721400e-01	5.90109500e-01	1.39901180e-01
4.43719300e-01	7.91184400e-01	1.43108262e-01
4.44717200e-01	7.53380700e-01	1.42168601e-01
4.45715100e-01	5.18364300e-01	6.55830624e+00
4.46713000e-01	8.18815300e-01	6.77533103e+00
4.47710900e-01	8.74817200e-01	1.45078794e-01
4.48708800e-01	7.99245200e-01	1.42630378e-01
4.49706600e-01	6.52819900e-01	1.38892016e-01
4.50704500e-01	6.73672200e-01	1.41764032e-01
4.51702400e-01	8.82200900e-01	1.42815808e-01
4.52700300e-01	6.59116700e-01	1.41634672e-01
4.53698200e-01	4.39094200e-01	6.50922962e+00
4.54696100e-01	7.02595600e-01	6.69988052e+00
4.55694000e-01	5.58136200e-01	6.60248148e+00
4.56691800e-01	6.66835600e-01	1.39291633e-01
4.57689700e-01	6.19014400e-01	1.38659458e-01
4.58687600e-01	7.84121000e-01	1.40472860e-01
4.59685500e-01	5.82609700e-01	1.36766148e-01
4.60683400e-01	6.93336600e-01	1.38439697e-01
4.61681300e-01	8.88491000e-01	1.43804557e-01
4.62679100e-01	7.48160400e-01	1.40163037e-01
4.63677000e-01	7.05852200e-01	1.38199796e-01
4.64674900e-01	4.04011700e-01	1.33231177e-01
4.65672800e-01	6.96308200e-01	1.38341235e-01
4.66670700e-01	5.93586100e-01	1.37334619e-01
4.67668600e-01	8.16859400e-01	1.40428953e-01
4.68666500e-01	5.69863200e-01	1.35818547e-01
4.69664300e-01	8.64444700e-01	1.43579110e-01
4.70662200e-01	7.24731300e-01	6.78246865e+00
4.71660100e-01	5.65696700e-01	6.66228091e+00
4.72658000e-01	8.60283500e-01	1.45427474e-01
4.73655900e-01	7.42472800e-01	1.44406126e-01
4.74653800e-01	8.23764700e-01	4.02473319e+00
4.75651700e-01	8.22613100e-01	4.05000078e+00
4.76649500e-01	8.52222100e-01	4.00570667e+00
4.77647400e-01	7.46872500e-01	1.45541665e-01
4.78645300e-01	6.16573000e-01	1.43707235e-01
4.79643200e-01	7.87840100e-01	1.47575940e-01
4.80641100e-01	7.14514200e-01	1.46662744e-01
4.81639000e-01	6.56354500e-01	6.75496057e+00
4.82636900e-01	9.51429900e-01	6.92712751e+00
4.83634700e-01	5.63170100e-01	6.68583481e+00
4.84632600e-01	8.12319000e-01	6.82977179e+00
4.85630500e-01	5.08487800e-01	1.46103110e-01
4.86628400e-01	7.40917800e-01	1.49370845e-01
4.87626300e-01	6.35302100e-01	1.48189410e-01
4.88624200e-01	6.51007300e-01	1.52527604e-01
4.89622100e-01	8.90986200e-01	1.56973747e-01
4.90619900e-01	7.49205700e-01	1.56411264e-01
4.91617800e-01	6.81544900e-01	1.55926503e-01
4.92615700e-01	4.33600700e-01	1.50742557e-01
4.93613600e-01	9.63897800e-01	1.65620708e-01
4.94611500e-01	7.09310100e-01	1.58099086e-01
4.95609400e-01	7.35762200e-01	1.60663648e-01
4.96607300e-01	7.24107800e-01	1.59787390e-01
4.97605100e-01	7.34735900e-01	1.61439209e-01
4.98603000e-01	7.27118700e-01	1.61623574e-01
4.99600900e-01	9.36203500e-01	1.65726000e-01
5.00598800e-01	7.90378200e-01	1.65603138e-01
5.01596700e-01	8.14583300e-01	1.66012806e-01
5.02594600e-01	6.25703100e-01	1.61725382e-01
5.03592400e-01	8.49596900e-01	1.65540101e-01
5.04590300e-01	4.80214200e-01	1.60309444e-01
5.05588200e-01	9.71656600e-01	1.71612226e-01
5.06586100e-01	7.68493500e-01	1.67327903e-01
5.07584000e-01	6.10096100e-01	1.64478133e-01
5.08581900e-01	4.69049700e-01	6.69708401e+00
5.09579800e-01	7.55607300e-01	6.88602760e+00
5.10577600e-01	8.23130000e-01	6.92982964e+00
5.11575500e-01	5.56304800e-01	6.78273541e+00
5.12573400e-01	4.16616800e-01	6.69047120e+00
5.13571300e-01	6.93221700e-01	6.85504296e+00
5.14569200e-01	1.20276770e+00	7.14754169e+00
5.15567100e-01	5.06259300e-01	6.76632216e+00
5.16565000e-01	6.49864200e-01	6.80559582e+00
5.17562800e-01	6.41278100e-01	6.82210691e+00
5.18560700e-01	6.49225400e-01	6.87427979e+00
5.19558600e-01	9.04513600e-01	6.99779336e+00
5.20556500e-01	8.47136200e-01	6.93395303e+00
5.21554400e-01	9.24258000e-01	7.00161627e+00
5.22552300e-01	1.02200410e+00	7.09316119e+00
5.23550200e-01	6.66997500e-01	6.87481049e+00
5.24548000e-01	6.77653600e-01	6.89300996e+00
5.25545900e-01	2.76385700e-01	6.56620282e+00
5.26543800e-01	9.96103800e-01	7.03404947e+00
5.27541700e-01	4.67916400e-01	6.76781303e+00
5.28539600e-01	8.76509300e-01	7.01634318e+00
5.29537500e-01	5.76952600e-01	6.83837331e+00
5.30535400e-01	8.22126700e-01	6.95807421e+00
5.31533200e-01	6.90481600e-01	6.89694553e+00
5.32531100e-01	7.52032500e-01	6.94693165e+00
5.33529000e-01	4.79695700e-01	6.74859819e+00
5.34526900e-01	9.33030900e-01	7.03376738e+00
5.35524800e-01	6.16888800e-01	6.84422406e+00
5.36522700e-01	8.74013800e-01	6.99501022e+00
5.37520500e-01	6.22334900e-01	6.87476073e+00
5.38518400e-01	9.78561200e-01	7.09739380e+00
5.39516300e-01	9.65743000e-01	7.13229372e+00
5.40514200e-01	6.84901600e-01	6.90601013e+00
5.41512100e-01	8.71933400e-01	7.05324997e+00
5.42510000e-01	9.37664100e-01	7.08129536e+00
5.43507900e-01	7.54867200e-01	6.92520904e+00
5.44505700e-01	9.21878800e-01	7.04491889e+00
5.45503600e-01	5.80206400e-01	6.85249121e+00
5.46501500e-01	3.78356500e-01	6.74351525e+00
5.47499400e-01	5.70823400e-01	6.88121295e+00
5.48497300e-01	6.24300900e-01	6.89671838e+00
5.49495200e-01	5.29268100e-01	6.84139244e+00
5.50493100e-01	4.69192900e-01	6.80222903e+00
5.51490900e-01	8.20115600e-01	7.03101085e+00
5.52488800e-01	9.09653400e-01	7.08534970e+00
5.53486700e-01	7.44161600e-01	6.97839339e+00
5.54484600e-01	5.69477100e-01	6.91697110e+00
5.55482500e-01	8.73474300e-01	7.08929293e+00
5.56480400e-01	6.13338300e-01	6.89679716e+00
5.57478300e-01	7.59953800e-01	7.01234296e+00
5.58476100e-01	1.00671800e+00	7.17226573e+00
5.59474000e-01	7.83993500e-01	6.99646261e+00
5.60471900e-01	6.56788900e-01	6.93625082e+00
5.61469800e-01	6.58674800e-01	6.97081411e+00
5.62467700e-01	9.47541800e-01	7.18221645e+00
5.63465600e-01	6.12029800e-01	6.93602730e+00
5.64463500e-01	8.41813600e-01	7.08772500e+00
5.65461300e-01	6.96995600e-01	7.00377853e+00
5.66459200e-01	3.75311000e-01	6.80437026e+00
5.67457100e-01	8.51651900e-01	7.10605791e+00
5.68455000e-01	6.65539000e-01	6.99161596e+00
5.69452900e-01	7.19854900e-01	6.99515652e+00
5.70450800e-01	6.60245000e-01	6.96072321e+00
5.71448700e-01	8.13293100e-01	7.09496045e+00
5.72446500e-01	7.29484200e-01	7.02705563e+00
5.73444400e-01	7.14767900e-01	7.04940694e+00
5.74442300e-01	9.58394000e-01	7.18373455e+00
5.75440200e-01	8.17181900e-01	7.10134906e+00
5.76438100e-01	7.37497700e-01	7.05454563e+00
5.77436000e-01	8.14540900e-01	7.13110349e+00
5.78433800e-01	5.86156500e-01	6.97771408e+00
5.79431700e-01	7.19864200e-01	7.03275949e+00
5.80429600e-01	3.78841600e-01	6.87268559e+00
5.81427500e-01	8.69586200e-01	7.16463286e+00
5.82425400e-01	1.00702130e+00	7.22508251e+00
5.83423300e-01	7.57091200e-01	7.07086003e+00
5.84421200e-01	8.07301000e-01	7.11082576e+00
5.85419000e-01	6.60854400e-01	7.06864033e+00
5.86416900e-01	1.11451910e+00	7.29745707e+00
5.87414800e-01	2.67612000e-01	6.80511354e+00
5.88412700e-01	7.87389800e-01	7.12418018e+00
5.89410600e-01	8.06156400e-01	7.14363883e+00
5.90408500e-01	6.68152800e-01	7.09000289e+00
5.91406400e-01	6.00425600e-01	7.06802297e+00
5.92404200e-01	9.29282800e-01	7.21594982e+00
5.93402100e-01	8.05145600e-01	7.14738103e+00
5.94400000e-01	1.00525750e+00	7.28325015e+00
5.95397900e-01	6.88977800e-01	7.13720480e+00
5.96395800e-01	1.12846030e+00	7.35858208e+00
5.97393700e-01	8.59412800e-01	7.22088344e+00
5.98391600e-01	3.61393100e-01	6.88513523e+00
5.99389400e-01	5.89825400e-01	7.04461794e+00
6.00387300e-01	7.09982900e-01	7.15829993e+00
6.01385200e-01	8.96738600e-01	7.27202760e+00
6.02383100e-01	5.28099200e-01	6.96070564e+00
6.03381000e-01	8.86681000e-01	7.27415107e+00
6.04378900e-01	9.88610900e-01	7.32911075e+00
6.05376800e-01	5.49736400e-01	7.06798652e+00
6.06374600e-01	8.01078200e-01	7.20033684e+00
6.07372500e-01	9.22075500e-01	7.29647061e+00
6.08370400e-01	8.79620700e-01	7.22853279e+00
6.09368300e-01	1.11578390e+00	7.39757867e+00
6.10366200e-01	8.35452700e-01	7.20271589e+00
6.11364100e-01	8.68340000e-01	7.24936979e+00
6.12362000e-01	6.49486900e-01	7.11885379e+00
6.13359800e-01	6.18228700e-01	7.11526110e+00
6.14357700e-01	9.61378100e-01	7.35824460e+00
6.15355600e-01	7.78894300e-01	7.18703651e+00
6.16353500e-01	3.02698400e-01	6.86882387e+00
6.17351400e-01	7.12443400e-01	7.21934875e+00
6.18349300e-01	8.74965000e-01	7.31406158e+00
6.19347100e-01	1.03557880e+00	7.41378391e+00
6.20345000e-01	6.92356300e-01	7.19032455e+00
6.21342900e-01	1.23701730e+00	7.53992253e+00
6.22340800e-01	5.40838300e-01	7.13191050e+00
6.23338700e-01	7.23339200e-01	7.20295817e+00
6.24336600e-01	8.49182900e-01	7.31720666e+00
6.25334500e-01	7.81237500e-01	7.26598239e+00
6.26332300e-01	8.64574600e-01	7.30318492e+00
6.27330200e-01	8.04741100e-01	7.27315452e+00
6.28328100e-01	5.65032600e-01	7.10835036e+00
6.29326000e-01	9.30032500e-01	7.34066179e+00
6.30323900e-01	8.79476300e-01	7.31401692e+00
6.31321800e-01	1.12256550e+00	7.48765340e+00
6.32319700e-01	6.01161100e-01	7.18901934e+00
6.33317500e-01	9.08231300e-01	7.36923944e+00
6.34315400e-01	8.62996400e-01	7.29680309e+00
6.35313300e-01	9.17751000e-01	7.38468253e+00
6.36311200e-01	6.81329900e-01	7.21270722e+00
6.37309100e-01	8.39366200e-01	7.37427864e+00
6.38307000e-01	8.58456400e-01	7.29991722e+00
6.39304900e-01	7.19305700e-01	7.28836295e+00
6.40302700e-01	9.41150900e-01	7.38705244e+00
6.41300600e-01	5.44031600e-01	7.19898550e+00
6.42298500e-01	8.61090100e-01	7.35282922e+00
6.43296400e-01	9.13685400e-01	7.39511701e+00
6.44294300e-01	1.04674200e+00	7.50267777e+00
6.45292200e-01	9.59256700e-01	7.43704881e+00
6.46290100e-01	7.62411600e-01	7.30193849e+00
6.47287900e-01	6.62469900e-01	7.26698687e+00
6.48285800e-01	3.46057800e-01	7.12512169e+00
6.49283700e-01	1.01132920e+00	7.49305584e+00
6.50281600e-01	9.06386400e-01	7.44989761e+00
6.51279500e-01	7.32639300e-01	7.32090394e+00
6.52277400e-01	8.38982100e-01	7.40326146e+00
6.53275300e-01	6.24452400e-01	7.29289672e+00
6.54273100e-01	7.03061000e-01	7.32400975e+00
6.55271000e-01	1.00990150e+00	7.48444716e+00
6.56268900e-01	5.87470100e-01	7.29247469e+00
6.57266800e-01	8.18966600e-01	7.42661238e+00
6.58264700e-01	1.00893420e+00	7.50302574e+00
6.59262600e-01	5.58828800e-01	7.26102851e+00
6.60260400e-01	6.30880100e-01	7.28620089e+00
6.61258300e-01	9.43003600e-01	7.50324873e+00
6.62256200e-01	7.97178800e-01	7.41005485e+00
6.63254100e-01	6.12023100e-01	7.32077535e+00
6.64252000e-01	4.99013100e-01	7.24857937e+00
6.65249900e-01	8.22707200e-01	7.44837770e+00
6.66247800e-01	1.13689900e+00	7.63005989e+00
6.67245600e-01	6.00312200e-01	7.32394478e+00
6.68243500e-01	6.69840800e-01	7.30964473e+00
6.69241400e-01	6.65436400e-01	7.34378047e+00
6.70239300e-01	8.37516700e-01	7.45380059e+00
6.71237200e-01	1.05902350e+00	7.55986601e+00
6.72235100e-01	1.08808800e+00	7.65460307e+00
6.73233000e-01	1.01819700e+00	7.56167590e+00
6.74230800e-01	6.38967900e-01	7.36684980e+00
6.75228700e-01	9.13956800e-01	7.56498833e+00
6.76226600e-01	8.48810800e-01	7.45206695e+00
6.77224500e-01	3.37786200e-01	7.17795925e+00
6.78222400e-01	7.83367100e-01	7.51053758e+00
6.79220300e-01	9.81998200e-01	7.58103467e+00
6.80218200e-01	3.78791900e-01	7.22826507e+00
6.81216000e-01	4.43441300e-01	7.27053923e+00
6.82213900e-01	6.12126500e-01	7.32848227e+00
6.83211800e-01	7.63837000e-01	7.40578699e+00
6.84209700e-01	1.22442440e+00	7.70409632e+00
6.85207600e-01	9.38546800e-01	7.57348942e+00
6.86205500e-01	8.08110500e-01	7.48286937e+00
6.87203400e-01	7.15668600e-01	7.44508502e+00
6.88201200e-01	8.99369200e-01	7.61554532e+00
6.89199100e-01	1.08952370e+00	7.67351996e+00
6.90197000e-01	7.54851900e-01	7.53512291e+00
6.91194900e-01	8.27235800e-01	7.53338363e+00
6.92192800e-01	8.22738800e-01	7.54224919e+00
6.93190700e-01	1.03288090e+00	7.63682463e+00
6.94188600e-01	6.10990700e-01	7.42758314e+00
6.95186400e-01	9.77540500e-01	7.65482952e+00
6.96184300e-01	7.91749500e-01	7.54736074e+00
6.97182200e-01	1.01708900e+00	7.71335450e+00
6.98180100e-01	6.11576700e-01	7.42903250e+00
6.99178000e-01	9.10315900e-01	7.59652603e+00
7.00175900e-01	1.04255340e+00	7.68218243e+00
7.01173700e-01	9.12475400e-01	7.60393090e+00
7.02171600e-01	8.15678900e-01	7.53613140e+00
7.03169500e-01	5.47780800e-01	7.42082379e+00
7.04167400e-01	9.73113000e-01	7.65288861e+00
7.05165300e-01	8.77035100e-01	7.61425536e+00
7.06163200e-01	6.91562100e-01	7.48898011e+00
7.07161100e-01	8.06695000e-01	7.57956992e+00
7.08158900e-01	9.01362900e-01	7.65356324e+00
7.09156800e-01	8.63472700e-01	7.62970835e+00
7.10154700e-01	5.71550300e-01	7.43553693e+00
7.11152600e-01	1.17458430e+00	7.79997084e+00
7.12150500e-01	7.68822600e-01	7.59246991e+00
7.13148400e-01	8.41832900e-01	7.62370536e+00
7.14146300e-01	7.04455200e-01	7.50202503e+00
7.15144100e-01	6.78140500e-01	7.52021901e+00
7.16142000e-01	8.68655400e-01	7.65345622e+00
7.17139900e-01	8.04025200e-01	7.56169446e+00
7.18137800e-01	1.08421060e+00	7.77566741e+00
7.19135700e-01	1.26529050e+00	7.89285257e+00
7.20133600e-01	9.53794700e-01	7.73197505e+00
7.21131500e-01	8.54889300e-01	7.66986380e+00
7.22129300e-01	8.98219900e-01	7.68504339e+00
7.23127200e-01	9.77874800e-01	7.69025607e+00
7.24125100e-01	7.67874700e-01	7.61873639e+00
7.25123000e-01	8.02494500e-01	7.63885722e+00
7.26120900e-01	1.02415690e+00	7.73722431e+00
7.27118800e-01	7.84437200e-01	7.61047708e+00
7.28116700e-01	9.79142200e-01	7.75985495e+00
7.29114500e-01	3.37766600e-01	7.38228741e+00
7.30112400e-01	3.35697700e-01	7.36498093e+00
7.31110300e-01	7.98872800e-01	7.69169828e+00
7.32108200e-01	8.08469500e-01	7.69265787e+00
7.33106100e-01	7.22882300e-01	7.64950110e+00
7.34104000e-01	9.68872300e-01	7.78092958e+00
7.35101900e-01	8.80148800e-01	7.68384020e+00
7.36099700e-01	7.08585100e-01	7.63762857e+00
7.37097600e-01	8.01760300e-01	7.69383344e+00
7.38095500e-01	7.50847200e-01	7.69852913e+00
7.39093400e-01	1.01543450e+00	1.86925022e-01
7.40091300e-01	6.68670200e-01	1.79013231e-01
7.41089200e-01	1.09251520e+00	1.87833179e-01
7.42087000e-01	9.27596000e-01	1.86229782e-01
7.43084900e-01	6.48633100e-01	1.77289645e-01
7.44082800e-01	6.27326300e-01	1.80866855e-01
7.45080700e-01	6.96180500e-01	1.79021434e-01
7.46078600e-01	1.06011370e+00	7.90535067e+00
7.47076500e-01	1.21552880e+00	7.96455898e+00
7.48074400e-01	7.38070900e-01	1.83356156e-01
7.49072200e-01	9.41927600e-01	1.86451287e-01
7.50070100e-01	1.07204000e+00	1.87518513e-01
7.51068000e-01	1.15601950e+00	1.90936375e-01
7.52065900e-01	5.90981900e-01	7.62524082e+00
7.53063800e-01	8.46607600e-01	7.77713919e+00
7.54061700e-01	8.29631800e-01	7.77381489e+00
7.55059600e-01	7.62891400e-01	7.73645934e+00
7.56057400e-01	1.07075840e+00	7.89647093e+00
7.57055300e-01	1.05215820e+00	7.85538384e+00
7.58053200e-01	9.02356700e-01	7.87248037e+00
7.59051100e-01	6.43196600e-01	7.69296702e+00
7.60049000e-01	9.40103600e-01	7.88799307e+00
7.61046900e-01	5.08040300e-01	7.62848262e+00
7.62044800e-01	6.64566400e-01	7.77107986e+00
7.63042600e-01	7.13163500e-01	7.75321636e+00
7.64040500e-01	7.02825300e-01	7.73148668e+00
7.65038400e-01	8.91691200e-01	1.86179257e-01
7.66036300e-01	4.13477100e-01	7.61855543e+00
7.67034200e-01	8.95243100e-01	7.86176968e+00
7.68032100e-01	6.49999300e-01	1.82353552e-01
7.69030000e-01	9.42200800e-01	1.89218587e-01
7.70027800e-01	8.95918300e-01	1.85359082e-01
7.71025700e-01	6.29622400e-01	1.82179740e-01
7.72023600e-01	5.52522900e-01	7.68906359e+00
7.73021500e-01	9.02656900e-01	7.85273672e+00
7.74019400e-01	1.05611930e+00	1.90053235e-01
7.75017300e-01	9.11914300e-01	1.88374065e-01
7.76015100e-01	8.38988600e-01	1.88756174e-01
7.77013000e-01	7.00522700e-01	1.84771344e-01
7.78010900e-01	3.94591000e-01	1.76442974e-01
7.79008800e-01	6.92913500e-01	1.83971018e-01
7.80006700e-01	8.76466100e-01	1.89566421e-01
7.81004600e-01	8.07209700e-01	1.86934322e-01
7.82002500e-01	8.66421700e-01	1.88248798e-01
7.83000300e-01	8.75680800e-01	1.88726743e-01
7.83998200e-01	9.66793900e-01	7.94704013e+00
7.84996100e-01	7.98113600e-01	7.81886935e+00
7.85994000e-01	5.95809900e-01	1.84897617e-01
7.86991900e-01	5.38947200e-01	1.82139494e-01
7.87989800e-01	4.17074500e-01	1.79212341e-01
7.88987700e-01	8.72942800e-01	1.89387118e-01
7.89985500e-01	1.04094620e+00	8.03779470e+00
7.90983400e-01	9.38572700e-01	7.97323553e+00
7.91981300e-01	1.27011230e+00	1.95955538e-01
7.92979200e-01	1.14308290e+00	1.96842088e-01
7.93977100e-01	9.35145400e-01	1.90544352e-01
7.94975000e-01	1.17047640e+00	1.93999483e-01
7.95972900e-01	1.24353310e+00	8.18388572e+00
7.96970700e-01	1.23727470e+00	8.14753279e+00
7.97968600e-01	8.51276100e-01	7.96431742e+00
7.98966500e-01	8.97316800e-01	1.91397117e-01
7.99964400e-01	8.33863000e-01	1.87479336e-01
8.00962300e-01	9.20656200e-01	1.91908755e-01
8.01960200e-01	7.74839800e-01	1.87651461e-01
8.02958100e-01	9.67772000e-01	1.92181579e-01
8.03955900e-01	6.30145800e-01	1.85407362e-01
8.04953800e-01	8.21346700e-01	1.87948326e-01
8.05951700e-01	8.95872400e-01	1.92383098e-01
8.06949600e-01	1.10670360e+00	1.95169365e-01
8.07947500e-01	7.74237300e-01	1.88465023e-01
8.08945400e-01	4.43245500e-01	1.83598976e-01
8.09943300e-01	9.03724000e-01	1.91554715e-01
8.10941100e-01	8.03916500e-01	1.91094888e-01
8.11939000e-01	6.66935900e-01	1.87372709e-01
8.12936900e-01	9.54501100e-01	8.08951040e+00
8.13934800e-01	8.45213000e-01	8.02709028e+00
8.14932700e-01	6.73245700e-01	1.86705795e-01
8.15930600e-01	1.05232290e+00	1.96543473e-01
8.16928400e-01	9.23921700e-01	1.92462318e-01
8.17926300e-01	8.63271600e-01	1.91553736e-01
8.18924200e-01	4.29672200e-01	1.82604417e-01
8.19922100e-01	7.59528600e-01	1.91661742e-01
8.20920000e-01	9.46608900e-01	1.93276254e-01
8.21917900e-01	1.03012370e+00	1.95223764e-01
8.22915800e-01	8.94297400e-01	1.92702210e-01
8.23913600e-01	5.13477900e-01	1.85994112e-01
8.24911500e-01	7.18875500e-01	1.87506081e-01
8.25909400e-01	9.95848100e-01	1.95083849e-01
8.26907300e-01	1.14433920e+00	1.97193094e-01
8.27905200e-01	6.87980000e-01	1.89987519e-01
8.28903100e-01	9.89723000e-01	8.11766435e+00
8.29901000e-01	9.11816700e-01	8.11419869e+00
8.30898800e-01	1.15149310e+00	1.99153889e-01
8.31896700e-01	1.07477190e+00	1.95948505e-01
8.32894600e-01	9.19655200e-01	1.93684580e-01
8.33892500e-01	1.04110110e+00	1.96948884e-01
8.34890400e-01	1.32336190e+00	2.01738323e-01
8.35888300e-01	7.77336800e-01	1.91979965e-01
8.36886200e-01	7.66321200e-01	1.91934048e-01
8.37884000e-01	7.34665900e-01	8.02197910e+00
8.38881900e-01	9.95113500e-01	8.16489251e+00
8.39879800e-01	1.41131000e+00	8.39387712e+00
8.40877700e-01	8.38876500e-01	8.05769694e+00
8.41875600e-01	7.32031100e-01	8.01666671e+00
8.42873500e-01	8.27056600e-01	8.10557325e+00
8.43871400e-01	1.08200310e+00	8.21955595e+00
8.44869200e-01	6.63086900e-01	1.88518167e-01
8.45867100e-01	1.25179530e+00	2.01382221e-01
8.46865000e-01	8.25081400e-01	1.94649505e-01
8.47862900e-01	9.41986900e-01	8.15314391e+00
8.48860800e-01	7.99749000e-01	8.03895364e+00
8.49858700e-01	1.18463560e+00	8.32386611e+00
8.50856600e-01	6.04415300e-01	8.00485860e+00
8.51854400e-01	9.52909300e-01	8.19828328e+00
8.52852300e-01	1.09398720e+00	8.25755004e+00
8.53850200e-01	6.59801200e-01	8.01321375e+00
8.54848100e-01	9.28622500e-01	8.20254282e+00
8.55846000e-01	5.97058100e-01	8.01051140e+00
8.56843900e-01	7.05640800e-01	8.08219203e+00
8.57841700e-01	8.67322600e-01	1.93799571e-01
8.58839600e-01	9.89169600e-01	1.98056104e-01
8.59837500e-01	1.11314860e+00	8.29610293e+00
8.60835400e-01	1.15539260e+00	8.37353834e+00
8.61833300e-01	9.98937200e-01	1.95613826e-01
8.62831200e-01	9.98542300e-01	1.99353389e-01
8.63829100e-01	8.96725700e-01	1.97342996e-01
8.64826900e-01	9.66318800e-01	1.96827250e-01
8.65824800e-01	7.39176800e-01	1.92926807e-01
8.66822700e-01	9.64595000e-01	2.00349117e-01
8.67820600e-01	1.11806340e+00	2.00744022e-01
8.68818500e-01	1.03089280e+00	1.97850156e-01
8.69816400e-01	1.14203760e+00	2.02563083e-01
8.70814300e-01	6.43914900e-01	1.92327823e-01
8.71812100e-01	8.65591700e-01	1.97022292e-01
8.72810000e-01	8.19145900e-01	1.96085709e-01
8.73807900e-01	6.57252000e-01	8.14290918e+00
8.74805800e-01	6.29424600e-01	8.08893035e+00
8.75803700e-01	9.85460100e-01	1.98244639e-01
8.76801600e-01	5.75286000e-01	1.90232351e-01
8.77799500e-01	9.30334800e-01	1.98011136e-01
8.78797300e-01	8.40245700e-01	1.98423280e-01
8.79795200e-01	7.22587100e-01	1.94174366e-01
8.80793100e-01	1.02722590e+00	8.34328279e+00
8.81791000e-01	6.68620900e-01	8.15842191e+00
8.82788900e-01	1.04189800e+00	8.36773824e+00
8.83786800e-01	8.01599500e-01	8.23950563e+00
8.84784700e-01	9.35155500e-01	1.98422141e-01
8.85782500e-01	9.69805500e-01	8.33464736e+00
8.86780400e-01	1.06263650e+00	8.37980384e+00
8.87778300e-01	6.93754000e-01	8.20571329e+00
8.88776200e-01	7.53302600e-01	8.19679821e+00
8.89774100e-01	1.24130000e+00	2.04698301e-01
8.90772000e-01	1.10923590e+00	2.01476865e-01
8.91769900e-01	7.23335400e-01	1.94311647e-01
8.92767700e-01	6.84282300e-01	1.93817229e-01
8.93765600e-01	8.60512100e-01	1.98521614e-01
8.94763500e-01	1.27899690e+00	8.52511553e+00
8.95761400e-01	6.97812100e-01	8.17772146e+00
8.96759300e-01	1.09420030e+00	2.01232391e-01
8.97757200e-01	8.81023900e-01	2.00254198e-01
8.98755000e-01	6.28967800e-01	1.92894855e-01
8.99752900e-01	1.31680570e+00	2.05992224e-01
9.00750800e-01	1.03382650e+00	2.02876548e-01
9.01748700e-01	1.19246170e+00	2.05657753e-01
9.02746600e-01	9.19986800e-01	1.98532666e-01
9.03744500e-01	1.35681480e+00	2.07418664e-01
9.04742400e-01	7.96743000e-01	2.00396168e-01
9.05740200e-01	7.62223100e-01	8.25574313e+00
9.06738100e-01	7.60760200e-01	8.32542337e+00
9.07736000e-01	1.22483220e+00	2.07368648e-01
9.08733900e-01	8.94447800e-01	1.99426279e-01
9.09731800e-01	6.85324200e-01	1.96904458e-01
9.10729700e-01	7.41420300e-01	1.99412006e-01
9.11727600e-01	6.40221300e-01	1.95153414e-01
9.12725400e-01	6.71344700e-01	1.94986139e-01
9.13723300e-01	6.29903400e-01	1.96349726e-01
9.14721200e-01	9.48980000e-01	2.00820402e-01
9.15719100e-01	8.16270600e-01	1.98182481e-01
9.16717000e-01	1.04290720e+00	2.03576757e-01
9.17714900e-01	1.24486840e+00	2.07548264e-01
9.18712800e-01	1.12528310e+00	2.03875681e-01
9.19710600e-01	8.39820900e-01	8.30031834e+00
9.20708500e-01	9.18994000e-01	8.41983600e+00
9.21706400e-01	9.23183900e-01	8.40059489e+00
9.22704300e-01	7.81041300e-01	1.99350984e-01
9.23702200e-01	1.07102120e+00	2.05391304e-01
9.24700100e-01	1.23933270e+00	2.06339756e-01
9.25698000e-01	1.14156190e+00	2.07049321e-01
9.26695800e-01	7.75833200e-01	2.00237705e-01
9.27693700e-01	8.94484100e-01	2.00645177e-01
9.28691600e-01	9.80435200e-01	8.44319451e+00
9.29689500e-01	6.24151100e-01	8.30345031e+00
9.30687400e-01	1.06213940e+00	8.52348918e+00
9.31685300e-01	9.19234300e-01	8.49374127e+00
9.32683200e-01	6.58731900e-01	1.99198695e-01
9.33681000e-01	9.96361600e-01	2.03360920e-01
9.34678900e-01	8.36946800e-01	2.01478939e-01
9.35676800e-01	1.29272560e+00	2.10415299e-01
9.36674700e-01	7.18186400e-01	1.99288027e-01
9.37672600e-01	4.43862500e-01	1.93604709e-01
9.38670500e-01	6.02131200e-01	8.29904678e+00
9.39668300e-01	5.29644400e-01	8.27136317e+00
9.40666200e-01	9.89668600e-01	2.05111298e-01
9.41664100e-01	1.03657760e+00	2.04597787e-01
9.42662000e-01	9.28116100e-01	2.02762030e-01
9.43659900e-01	1.04010240e+00	2.04850170e-01
9.44657800e-01	7.16392300e-01	1.98927203e-01
9.45655700e-01	1.15820880e+00	2.07781148e-01
9.46653500e-01	1.38095830e+00	2.11495857e-01
9.47651400e-01	6.65501200e-01	1.99966557e-01
9.48649300e-01	6.34479400e-01	1.99454976e-01
9.49647200e-01	1.23923150e+00	2.08921046e-01
9.50645100e-01	9.25230100e-01	2.04817586e-01
9.51643000e-01	1.19502330e+00	2.10283333e-01
9.52640900e-01	1.34195830e+00	2.11148404e-01
9.53638700e-01	1.25646800e+00	2.13600565e-01
9.54636600e-01	1.08417570e+00	2.07707453e-01
9.55634500e-01	7.08802700e-01	2.00263513e-01
9.56632400e-01	1.00209220e+00	2.08094925e-01
9.57630300e-01	1.18496590e+00	2.09816460e-01
9.58628200e-01	1.27571350e+00	2.09908355e-01
9.59626100e-01	1.07139870e+00	8.60510697e+00
9.60623900e-01	1.16306850e+00	8.67244631e+00
9.61621800e-01	8.39134600e-01	8.48648144e+00
9.62619700e-01	1.03687920e+00	2.08099100e-01
9.63617600e-01	1.06373460e+00	2.09945217e-01
9.64615500e-01	1.15204360e+00	2.07981804e-01
9.65613400e-01	6.11251600e-01	1.99525294e-01
9.66611300e-01	1.19054570e+00	2.11572828e-01
9.67609100e-01	8.00515200e-01	2.00249566e-01
9.68607000e-01	7.24281300e-01	2.02510569e-01
9.69604900e-01	1.13039490e+00	2.10307306e-01
9.70602800e-01	7.93129100e-01	2.02555497e-01
9.71600700e-01	7.80539700e-01	2.03731675e-01
9.72598600e-01	8.11340000e-01	2.04714101e-01
9.73596400e-01	8.46049500e-01	8.57788830e+00
9.74594300e-01	1.19718780e+00	8.74555332e+00
9.75592200e-01	8.23691800e-01	8.53022306e+00
9.76590100e-01	7.91979500e-01	2.03199492e-01
9.77588000e-01	9.05093200e-01	8.63195902e+00
9.78585900e-01	1.14614770e+00	8.74509197e+00
9.79583800e-01	1.19849780e+00	2.10515383e-01
9.80581600e-01	8.73216900e-01	2.08004150e-01
9.81579500e-01	1.05086630e+00	2.08502536e-01
9.82577400e-01	8.10937100e-01	2.05076448e-01
9.83575300e-01	8.91105500e-01	2.06369247e-01
9.84573200e-01	1.23451880e+00	2.14145023e-01
9.85571100e-01	1.36373120e+00	2.13727709e-01
9.86569000e-01	1.35485630e+00	2.15600391e-01
9.87566800e-01	9.48661200e-01	2.09957711e-01
9.88564700e-01	1.25003520e+00	2.11128844e-01
9.89562600e-01	7.62841300e-01	2.05644540e-01
9.90560500e-01	9.72308600e-01	2.08258701e-01
9.91558400e-01	7.49384500e-01	2.01859116e-01
9.92556300e-01	7.78059900e-01	2.06939416e-01
9.93554200e-01	8.73009100e-01	2.09054210e-01
9.94552000e-01	1.05009990e+00	2.08515145e-01
9.95549900e-01	6.81764200e-01	2.03681454e-01
9.96547800e-01	9.05364400e-01	2.09446836e-01
9.97545700e-01	9.67414000e-01	8.72263913e+00
9.98543600e-01	1.37855230e+00	8.94369770e+00
9.99541500e-01	7.92073800e-01	8.64848365e+00
1.00053900e+00	7.19786400e-01	2.05628107e-01
1.00153700e+00	4.43947100e-01	8.49850015e+00
1.00253500e+00	7.99812000e-01	8.72575652e+00
1.00353300e+00	1.06030300e+00	8.85145045e+00
1.00453100e+00	8.33087700e-01	8.67138347e+00
1.00552900e+00	9.72684000e-01	8.85819061e+00
1.00652700e+00	1.12770800e+00	2.15300604e-01
1.00752500e+00	1.44073090e+00	2.29859936e-01
1.00852200e+00	1.03141230e+00	2.26747272e-01
1.00952000e+00	8.00028100e-01	8.74744049e+00
1.01051800e+00	9.10190900e-01	2.31144198e-01
1.01151600e+00	1.03254270e+00	2.34031650e-01
1.01251400e+00	1.18578290e+00	8.92280516e+00
1.01351200e+00	7.31214900e-01	8.68038915e+00
1.01451000e+00	8.20358000e-01	2.38758471e-01
1.01550800e+00	1.31120050e+00	2.54799922e-01
1.01650600e+00	1.09049040e+00	2.51286222e-01
1.01750300e+00	1.05797420e+00	2.50644113e-01
1.01850100e+00	1.10714820e+00	2.58574332e-01
1.01949900e+00	8.02886900e-01	2.53185038e-01
1.00000000e+02	0.00000000e+00	0.00000000e+00
