q[A-1]	I(q)[sr-1]_nmA(Lyso_Lyso_4_frames_020_350_sub.dat_00001_[sub(Lyso_Lyso_4_frames_020_350.dat_00001_[</fileinfo>]-Lyso_Buffer_2_000_350_mult.dat_00001_[mult(Lyso_Buffer_2_000_350.dat_00001_[</fileinfo>]*0.7000)])])	error
0.00000000e+00	-2.44999930e+02	0.00000000e+00
0.00000000e+00	1.04999970e+02	0.00000000e+00
2.26117100e-02	1.78909460e+01	4.91220763e+00
2.36095900e-02	2.11972080e+01	4.20726399e+00
2.46074800e-02	2.31680360e+01	2.66826418e+00
2.56053600e-02	2.00784510e+01	2.18616574e+00
2.66032500e-02	1.93976165e+01	1.91031937e+00
2.76011300e-02	1.69697188e+01	1.58259915e+00
2.85990200e-02	1.99002615e+01	1.51046429e+00
2.95969000e-02	1.94642908e+01	1.36169583e+00
3.05947900e-02	1.71586784e+01	1.19704284e+00
3.15926800e-02	2.09436365e+01	1.27395962e+00
3.25905600e-02	2.03720448e+01	1.22371540e+00
3.35884500e-02	2.02351937e+01	1.16734483e+00
3.45863300e-02	1.90449459e+01	1.14282565e+00
3.55842200e-02	2.00486272e+01	1.12064692e+00
3.65821000e-02	1.97241166e+01	1.10596987e+00
3.75799900e-02	1.77480727e+01	1.03420011e+00
3.85778700e-02	1.81855200e+01	1.00693381e+00
3.95757600e-02	1.88661377e+01	1.02015718e+00
4.05736400e-02	1.97747425e+01	1.00832119e+00
4.15715300e-02	1.75273932e+01	9.75703604e-01
4.25694100e-02	1.82012475e+01	1.47808258e+01
4.35673000e-02	1.82290638e+01	1.47618661e+01
4.45651900e-02	1.81961290e+01	1.47180765e+01
4.55630700e-02	1.95683057e+01	9.38010021e-01
4.65609600e-02	1.87194543e+01	1.48493256e+01
4.75588400e-02	1.77334900e+01	1.45047586e+01
4.85567300e-02	1.71199307e+01	1.43152881e+01
4.95546100e-02	1.79107288e+01	1.45661391e+01
5.05525000e-02	1.74340845e+01	8.54022284e-01
5.15503800e-02	1.71767450e+01	8.43162601e-01
5.25482700e-02	1.65084692e+01	8.28300981e-01
5.35461500e-02	1.69749071e+01	8.28794154e-01
5.45440400e-02	1.59394783e+01	8.04663117e-01
5.55419200e-02	1.55207747e+01	7.77889989e-01
5.65398100e-02	1.67255282e+01	8.26213249e-01
5.75376900e-02	1.61556927e+01	7.87561201e-01
5.85355800e-02	1.69169244e+01	8.12407511e-01
5.95334700e-02	1.45586989e+01	7.57444230e-01
6.05313500e-02	1.53813733e+01	7.53760987e-01
6.15292400e-02	1.45924134e+01	7.61481683e-01
6.25271200e-02	1.58389346e+01	7.66080843e-01
6.35250100e-02	1.46380288e+01	7.38529154e-01
6.45228900e-02	1.47758573e+01	7.36815470e-01
6.55207800e-02	1.51008079e+01	7.34867593e-01
6.65186600e-02	1.47100673e+01	7.48258566e-01
6.75165500e-02	1.62659895e+01	7.51942959e-01
6.85144300e-02	1.56032963e+01	7.48301611e-01
6.95123200e-02	1.56525905e+01	7.26541183e-01
7.05102000e-02	1.41874726e+01	7.08320070e-01
7.15080900e-02	1.44886937e+01	7.11652604e-01
7.25059700e-02	1.50047119e+01	1.33400740e+01
7.35038600e-02	1.41338744e+01	1.30676379e+01
7.45017500e-02	1.36564971e+01	1.29009194e+01
7.54996300e-02	1.34237017e+01	6.79529719e-01
7.64975200e-02	1.30869123e+01	6.63979746e-01
7.74954000e-02	1.25531535e+01	6.47436917e-01
7.84932900e-02	1.45701899e+01	6.88671398e-01
7.94911700e-02	1.30406825e+01	6.42320451e-01
8.04890600e-02	1.27917136e+01	6.54819585e-01
8.14869400e-02	1.24539152e+01	6.30076202e-01
8.24848300e-02	1.29728807e+01	6.39973828e-01
8.34827100e-02	1.25695181e+01	6.32258131e-01
8.44806000e-02	1.13853868e+01	6.00996593e-01
8.54784800e-02	1.14950958e+01	6.05611127e-01
8.64763700e-02	1.17284782e+01	6.05429658e-01
8.74742600e-02	1.26888428e+01	6.16575933e-01
8.84721400e-02	1.20009108e+01	6.09974243e-01
8.94700300e-02	1.12205219e+01	5.87012593e-01
9.04679100e-02	1.23602816e+01	6.09477517e-01
9.14658000e-02	1.07725114e+01	5.65796244e-01
9.24636800e-02	1.18488264e+01	5.91089816e-01
9.34615700e-02	1.19142306e+01	5.95248043e-01
9.44594500e-02	1.17546062e+01	5.83322452e-01
9.54573400e-02	1.12038252e+01	5.75684113e-01
9.64552200e-02	9.91664120e+00	5.37236020e-01
9.74531100e-02	1.03276178e+01	5.51257416e-01
9.84509900e-02	9.67453630e+00	1.12827277e+01
9.94488800e-02	1.04433249e+01	1.15983252e+01
1.00446800e-01	9.50078500e+00	5.26762587e-01
1.01444700e-01	1.04683032e+01	1.15935699e+01
1.02442500e-01	8.98348370e+00	1.10140730e+01
1.03440400e-01	9.42237230e+00	1.12015056e+01
1.04438300e-01	1.01451089e+01	5.24324336e-01
1.05436200e-01	9.82106780e+00	5.21778194e-01
1.06434100e-01	8.50196780e+00	4.89332308e-01
1.07432000e-01	1.00845543e+01	5.27482392e-01
1.08429800e-01	9.95797500e+00	5.20034656e-01
1.09427700e-01	9.26417180e+00	4.99963038e-01
1.10425600e-01	1.03035439e+01	5.22535573e-01
1.11423500e-01	8.44032320e+00	1.07473700e+01
1.12421400e-01	8.02827500e+00	1.06036186e+01
1.13419300e-01	8.37773700e+00	4.78880248e-01
1.14417200e-01	7.81380040e+00	4.55443697e-01
1.15415000e-01	7.96883740e+00	4.68681273e-01
1.16412900e-01	8.01108940e+00	4.63692221e-01
1.17410800e-01	7.84482070e+00	4.56575729e-01
1.18408700e-01	7.29369520e+00	4.48428393e-01
1.19406600e-01	7.44136850e+00	4.43844341e-01
1.20404500e-01	6.85459890e+00	4.37855047e-01
1.21402400e-01	7.46246040e+00	4.42275583e-01
1.22400200e-01	7.74806300e+00	4.45978063e-01
1.23398100e-01	7.21509840e+00	4.33311951e-01
1.24396000e-01	6.64909640e+00	4.22619477e-01
1.25393900e-01	6.40770880e+00	4.19193190e-01
1.26391800e-01	7.01122250e+00	4.22129157e-01
1.27389700e-01	6.52294490e+00	4.15510439e-01
1.28387600e-01	6.31774450e+00	9.80794100e+00
1.29385400e-01	6.50907630e+00	9.93513606e+00
1.30383300e-01	5.91146970e+00	4.01017827e-01
1.31381200e-01	5.50221180e+00	3.80950395e-01
1.32379100e-01	5.65445470e+00	3.88646470e-01
1.33377000e-01	5.40504040e+00	3.78415845e-01
1.34374900e-01	5.86535220e+00	3.93110163e-01
1.35372800e-01	5.13006840e+00	3.73653917e-01
1.36370600e-01	5.64713040e+00	3.78762199e-01
1.37368500e-01	6.08955030e+00	3.93425419e-01
1.38366400e-01	5.42336500e+00	3.74727748e-01
1.39364300e-01	4.84638900e+00	3.58168452e-01
1.40362200e-01	5.38557570e+00	3.76301675e-01
1.41360100e-01	5.27427030e+00	9.34090135e+00
1.42357900e-01	4.86211530e+00	9.11384688e+00
1.43355800e-01	4.44457620e+00	3.44965634e-01
1.44353700e-01	4.37270250e+00	3.44689547e-01
1.45351600e-01	4.92256910e+00	3.53062832e-01
1.46349500e-01	4.74876310e+00	3.49426623e-01
1.47347400e-01	4.78041280e+00	3.53830615e-01
1.48345300e-01	4.50599120e+00	3.37866320e-01
1.49343100e-01	4.37706900e+00	3.40938246e-01
1.50341000e-01	4.21247890e+00	3.32987868e-01
1.51338900e-01	4.53168630e+00	3.41063511e-01
1.52336800e-01	4.57949010e+00	3.43357281e-01
1.53334700e-01	4.10596290e+00	3.22037436e-01
1.54332600e-01	3.96079660e+00	8.59511856e+00
1.55330500e-01	4.23840160e+00	8.75368069e+00
1.56328300e-01	3.76172470e+00	3.17976792e-01
1.57326200e-01	4.00661630e+00	3.26681479e-01
1.58324100e-01	3.90105150e+00	3.15556978e-01
1.59322000e-01	3.22045280e+00	3.01898134e-01
1.60319900e-01	3.92017100e+00	3.18293427e-01
1.61317800e-01	3.53316070e+00	3.07870275e-01
1.62315700e-01	3.03490790e+00	2.93022547e-01
1.63313500e-01	3.40582750e+00	2.98250503e-01
1.64311400e-01	3.39612530e+00	3.03229390e-01
1.65309300e-01	2.83364620e+00	2.84234297e-01
1.66307200e-01	2.96777240e+00	2.88512809e-01
1.67305100e-01	3.48298130e+00	3.00020647e-01
1.68303000e-01	2.99904720e+00	2.85219430e-01
1.69300900e-01	3.01006260e+00	2.90536167e-01
1.70298700e-01	2.97885890e+00	2.84981837e-01
1.71296600e-01	2.92926150e+00	2.84529045e-01
1.72294500e-01	2.99065500e+00	2.83977322e-01
1.73292400e-01	2.36036460e+00	2.64983378e-01
1.74290300e-01	2.61355960e+00	2.75418182e-01
1.75288200e-01	2.90446900e+00	2.77502190e-01
1.76286100e-01	2.64230120e+00	2.73187398e-01
1.77283900e-01	2.57393600e+00	2.68977440e-01
1.78281800e-01	2.64401750e+00	2.73408088e-01
1.79279700e-01	2.11206330e+00	2.56851777e-01
1.80277600e-01	2.09981700e+00	2.54315647e-01
1.81275500e-01	2.55403090e+00	2.66739831e-01
1.82273400e-01	2.34814350e+00	2.60352780e-01
1.83271200e-01	2.59580420e+00	7.86985792e+00
1.84269100e-01	1.89764380e+00	7.43913668e+00
1.85267000e-01	2.03876550e+00	7.53985719e+00
1.86264900e-01	2.18326380e+00	7.64915346e+00
1.87262800e-01	2.32642750e+00	2.55233760e-01
1.88260700e-01	2.31176750e+00	2.56425704e-01
1.89258600e-01	1.76032000e+00	2.43516948e-01
1.90256400e-01	1.91343320e+00	7.47083802e+00
1.91254300e-01	1.64631610e+00	7.27854303e+00
1.92252200e-01	2.11921200e+00	2.48018553e-01
1.93250100e-01	1.28427410e+00	2.23949734e-01
1.94248000e-01	1.80852340e+00	2.38882432e-01
1.95245900e-01	1.45895760e+00	2.26273711e-01
1.96243800e-01	1.23708230e+00	2.25752315e-01
1.97241600e-01	1.54517260e+00	2.30634317e-01
1.98239500e-01	1.92829660e+00	2.41053221e-01
1.99237400e-01	1.68413370e+00	2.33469511e-01
2.00235300e-01	1.77627770e+00	2.32794841e-01
2.01233200e-01	1.52735230e+00	2.27673995e-01
2.02231100e-01	1.92180670e+00	2.35372772e-01
2.03229000e-01	1.57059160e+00	2.27489331e-01
2.04226800e-01	1.56758590e+00	2.26733721e-01
2.05224700e-01	1.73849200e+00	2.29915717e-01
2.06222600e-01	1.52135140e+00	2.25224758e-01
2.07220500e-01	1.62751280e+00	2.25793236e-01
2.08218400e-01	1.16374010e+00	2.14205843e-01
2.09216300e-01	1.32045350e+00	2.18412390e-01
2.10214200e-01	1.49749280e+00	2.22698738e-01
2.11212000e-01	1.59547590e+00	2.24198562e-01
2.12209900e-01	1.48973560e+00	2.19197817e-01
2.13207800e-01	1.66650560e+00	2.25332307e-01
2.14205700e-01	1.28513360e+00	7.03710728e+00
2.15203600e-01	1.17676590e+00	6.95819931e+00
2.16201500e-01	1.32817130e+00	2.15849478e-01
2.17199400e-01	9.50305200e-01	6.90084606e+00
2.18197200e-01	1.16888210e+00	6.97703687e+00
2.19195100e-01	1.10895300e+00	6.97040490e+00
2.20193000e-01	1.21003690e+00	7.03570254e+00
2.21190900e-01	1.10661970e+00	2.07811654e-01
2.22188800e-01	1.24382190e+00	2.09093295e-01
2.23186700e-01	1.27390180e+00	2.10456301e-01
2.24184500e-01	1.48460150e+00	2.14599849e-01
2.25182400e-01	1.14388590e+00	2.06598438e-01
2.26180300e-01	1.35951980e+00	2.10277952e-01
2.27178200e-01	1.11611570e+00	2.03389510e-01
2.28176100e-01	1.24970570e+00	2.07194338e-01
2.29174000e-01	1.05185040e+00	1.99760420e-01
2.30171900e-01	8.22157200e-01	1.93162330e-01
2.31169700e-01	1.23672720e+00	2.04877594e-01
2.32167600e-01	1.09623090e+00	2.01541710e-01
2.33165500e-01	8.20671700e-01	1.93379262e-01
2.34163400e-01	8.96558300e-01	1.93434446e-01
2.35161300e-01	8.07286000e-01	1.92864106e-01
2.36159200e-01	6.62247400e-01	1.88060474e-01
2.37157100e-01	1.14538870e+00	2.01250728e-01
2.38154900e-01	1.31100340e+00	2.06425264e-01
2.39152800e-01	1.05559820e+00	1.95211810e-01
2.40150700e-01	1.36349450e+00	2.05348934e-01
2.41148600e-01	1.11922270e+00	1.98800973e-01
2.42146500e-01	1.08371620e+00	1.96800956e-01
2.43144400e-01	7.89871300e-01	1.88962864e-01
2.44142300e-01	7.85230200e-01	1.87488465e-01
2.45140100e-01	1.06141310e+00	1.98017758e-01
2.46138000e-01	8.98267300e-01	1.89959500e-01
2.47135900e-01	8.40638100e-01	1.89929681e-01
2.48133800e-01	9.47480000e-01	1.91662552e-01
2.49131700e-01	9.14756300e-01	1.88468408e-01
2.50129600e-01	7.31977000e-01	1.85934678e-01
2.51127500e-01	8.22475500e-01	1.87449559e-01
2.52125300e-01	8.79790500e-01	6.78146202e+00
2.53123200e-01	7.13901800e-01	6.64924608e+00
2.54121100e-01	6.39752100e-01	1.81906297e-01
2.55119000e-01	6.84768200e-01	1.82763613e-01
2.56116900e-01	5.61142900e-01	1.77154098e-01
2.57114800e-01	6.62497900e-01	1.79931273e-01
2.58112700e-01	8.58434900e-01	1.86379864e-01
2.59110500e-01	8.34862300e-01	1.83019525e-01
2.60108400e-01	7.68831300e-01	1.81959719e-01
2.61106300e-01	7.14115600e-01	3.94772942e+00
2.62104200e-01	9.09118600e-01	3.90714795e+00
2.63102100e-01	5.44789800e-01	3.98672989e+00
2.64100000e-01	8.39083100e-01	1.82000781e-01
2.65097800e-01	7.39667600e-01	1.79423417e-01
2.66095700e-01	6.34011800e-01	1.77581737e-01
2.67093600e-01	5.46341300e-01	1.75241059e-01
2.68091500e-01	8.58863300e-01	1.80968299e-01
2.69089400e-01	7.90457700e-01	1.84331676e-01
2.70087300e-01	1.14309300e+00	1.89218584e-01
2.71085200e-01	7.76479200e-01	6.67112862e+00
2.72083000e-01	7.90057400e-01	6.67306999e+00
2.73080900e-01	9.60727700e-01	6.75844624e+00
2.74078800e-01	6.65797900e-01	1.75934129e-01
2.75076700e-01	8.27882700e-01	6.69747395e+00
2.76074600e-01	7.65733500e-01	6.71072947e+00
2.77072500e-01	9.71615700e-01	1.83227526e-01
2.78070400e-01	8.08685900e-01	1.76069651e-01
2.79068200e-01	6.63356200e-01	1.74708783e-01
2.80066100e-01	1.00207800e+00	1.82012241e-01
2.81064000e-01	8.50549700e-01	1.77221770e-01
2.82061900e-01	6.93176900e-01	1.74313107e-01
2.83059800e-01	6.70966500e-01	1.70668535e-01
2.84057700e-01	7.61657700e-01	1.75276450e-01
2.85055600e-01	7.21359400e-01	3.97851860e+00
2.86053400e-01	8.35882500e-01	3.96153247e+00
2.87051300e-01	7.69632200e-01	6.69654831e+00
2.88049200e-01	8.40176000e-01	6.69894994e+00
2.89047100e-01	6.40424700e-01	6.60088269e+00
2.90045000e-01	9.65286300e-01	6.79504997e+00
2.91042900e-01	5.83846800e-01	6.53576953e+00
2.92040800e-01	8.58190700e-01	1.74340424e-01
2.93038600e-01	6.65650900e-01	1.68707362e-01
2.94036500e-01	7.51152400e-01	1.71134212e-01
2.95034400e-01	1.04020860e+00	1.77340766e-01
2.96032300e-01	1.07447390e+00	1.79659007e-01
2.97030200e-01	1.00685860e+00	1.77546747e-01
2.98028100e-01	6.58351400e-01	1.68222279e-01
2.99026000e-01	6.87938700e-01	1.69729244e-01
3.00023800e-01	9.76898500e-01	1.73315665e-01
3.01021700e-01	7.84253000e-01	1.72698567e-01
3.02019600e-01	8.62320300e-01	3.94473442e+00
3.03017500e-01	8.74714100e-01	3.92656003e+00
3.04015400e-01	9.59251500e-01	6.81679647e+00
3.05013300e-01	8.28911600e-01	6.72166245e+00
3.06011100e-01	5.90276500e-01	3.92173265e+00
3.07009000e-01	7.14684700e-01	6.66010995e+00
3.08006900e-01	1.05596500e+00	6.85358509e+00
3.09004800e-01	1.00245110e+00	3.92800923e+00
3.10002700e-01	9.01837100e-01	3.91797498e+00
3.11000600e-01	9.10986200e-01	3.95884226e+00
3.11998500e-01	1.06498360e+00	1.73437085e-01
3.12996300e-01	8.47951800e-01	1.70076272e-01
3.13994200e-01	7.97402200e-01	1.67146575e-01
3.14992100e-01	1.07837600e+00	1.73260859e-01
3.15990000e-01	1.12478980e+00	1.76136350e-01
3.16987900e-01	1.05373660e+00	6.85079308e+00
3.17985800e-01	9.61637100e-01	6.81962269e+00
3.18983700e-01	1.15714000e+00	1.74398199e-01
3.19981500e-01	7.51044900e-01	1.65160467e-01
3.20979400e-01	5.90668700e-01	1.62484418e-01
3.21977300e-01	6.26374100e-01	1.59667734e-01
3.22975200e-01	8.39893500e-01	1.68436588e-01
3.23973100e-01	1.00436590e+00	1.68804263e-01
3.24971000e-01	9.81640600e-01	1.70030148e-01
3.25968900e-01	7.44610300e-01	1.62115769e-01
3.26966700e-01	9.11365700e-01	1.66696603e-01
3.27964600e-01	8.11647400e-01	1.65391782e-01
3.28962500e-01	8.61760900e-01	1.64164548e-01
3.29960400e-01	7.28857000e-01	1.61726502e-01
3.30958300e-01	8.40570300e-01	1.65458742e-01
3.31956200e-01	8.93804600e-01	1.64917972e-01
3.32954100e-01	1.07572370e+00	1.69844907e-01
3.33951900e-01	1.25930190e+00	1.71280810e-01
3.34949800e-01	8.26269000e-01	1.64106062e-01
3.35947700e-01	6.14656000e-01	6.56184324e+00
3.36945600e-01	8.78492700e-01	6.71119219e+00
3.37943500e-01	1.02832390e+00	6.82991537e+00
3.38941400e-01	1.08740990e+00	6.87587802e+00
3.39939200e-01	9.13049300e-01	1.65277343e-01
3.40937100e-01	8.51704000e-01	1.62448324e-01
3.41935000e-01	7.95008500e-01	6.74365528e+00
3.42932900e-01	8.15091300e-01	6.70671466e+00
3.43930800e-01	1.14423130e+00	6.91120167e+00
3.44928700e-01	1.14981940e+00	1.69806646e-01
3.45926600e-01	1.25439030e+00	1.69578261e-01
3.46924400e-01	8.69774800e-01	1.60289529e-01
3.47922300e-01	8.70817100e-01	6.76045466e+00
3.48920200e-01	9.40780900e-01	6.82536591e+00
3.49918100e-01	1.07080580e+00	6.89352756e+00
3.50916000e-01	7.19285000e-01	6.69405812e+00
3.51913900e-01	1.05648760e+00	1.64800278e-01
3.52911800e-01	1.13404180e+00	1.65906973e-01
3.53909600e-01	8.78837900e-01	1.60113419e-01
3.54907500e-01	9.98531000e-01	1.63261140e-01
3.55905400e-01	1.12396250e+00	1.64371024e-01
3.56903300e-01	1.06129610e+00	1.65223534e-01
3.57901200e-01	1.01566160e+00	1.61803254e-01
3.58899100e-01	8.69707400e-01	1.59949606e-01
3.59897000e-01	8.25844300e-01	1.57689198e-01
3.60894800e-01	8.40165200e-01	1.58167937e-01
3.61892700e-01	1.01938890e+00	1.63577617e-01
3.62890600e-01	1.33777920e+00	1.66538266e-01
3.63888500e-01	8.03044200e-01	1.56491295e-01
3.64886400e-01	9.59128700e-01	1.59271352e-01
3.65884300e-01	8.57601800e-01	1.57359046e-01
3.66882200e-01	1.00586570e+00	6.84400953e+00
3.67880000e-01	7.88418300e-01	6.68422352e+00
3.68877900e-01	9.62802100e-01	1.60312672e-01
3.69875800e-01	7.96511500e-01	1.54491744e-01
3.70873700e-01	7.97547200e-01	1.55918925e-01
3.71871600e-01	1.08676770e+00	1.62294520e-01
3.72869500e-01	7.78292700e-01	1.53774810e-01
3.73867400e-01	6.64907200e-01	1.53294547e-01
3.74865200e-01	1.03759540e+00	1.59784683e-01
3.75863100e-01	8.79812300e-01	6.75951443e+00
3.76861000e-01	1.12992200e+00	6.94393146e+00
3.77858900e-01	7.68804800e-01	6.69745821e+00
3.78856800e-01	7.94582400e-01	1.55630509e-01
3.79854700e-01	8.14603800e-01	1.52201272e-01
3.80852500e-01	8.90633500e-01	6.76033456e+00
3.81850400e-01	6.75697000e-01	6.63326931e+00
3.82848300e-01	6.84271800e-01	1.50638501e-01
3.83846200e-01	9.99975300e-01	6.78648799e+00
3.84844100e-01	6.58540000e-01	6.63236144e+00
3.85842000e-01	7.32495800e-01	1.51580945e-01
3.86839900e-01	9.67943400e-01	1.55815079e-01
3.87837700e-01	1.29355520e+00	1.63426734e-01
3.88835600e-01	8.15759900e-01	1.52174216e-01
3.89833500e-01	9.01511700e-01	3.94716748e+00
3.90831400e-01	9.55706400e-01	3.95431580e+00
3.91829300e-01	8.34557300e-01	1.51370882e-01
3.92827200e-01	7.56253800e-01	1.50998990e-01
3.93825100e-01	9.34237000e-01	1.52595250e-01
3.94822900e-01	8.28691100e-01	1.51417738e-01
3.95820800e-01	8.15223500e-01	1.51576243e-01
3.96818700e-01	1.24491350e+00	1.59569371e-01
3.97816600e-01	8.80864800e-01	1.52361853e-01
3.98814500e-01	1.01240350e+00	6.86796161e+00
3.99812400e-01	8.38273600e-01	6.77077289e+00
4.00810300e-01	1.00158670e+00	1.53325000e-01
4.01808100e-01	9.23501400e-01	1.53637271e-01
4.02806000e-01	8.39181300e-01	1.51358914e-01
4.03803900e-01	6.76636800e-01	1.46943847e-01
4.04801800e-01	9.40663300e-01	1.53702922e-01
4.05799700e-01	7.11609700e-01	6.68930023e+00
4.06797600e-01	6.98996100e-01	6.72918493e+00
4.07795500e-01	1.03811360e+00	6.89051507e+00
4.08793300e-01	8.51444200e-01	6.81089670e+00
4.09791200e-01	7.05514700e-01	1.46974195e-01
4.10789100e-01	6.60202700e-01	1.44649645e-01
4.11787000e-01	9.40212200e-01	1.52089918e-01
4.12784900e-01	8.44673800e-01	1.48414429e-01
4.13782800e-01	5.96285300e-01	1.43146056e-01
4.14780700e-01	9.11913100e-01	1.52539079e-01
4.15778500e-01	7.16503200e-01	1.43987706e-01
4.16776400e-01	7.92607400e-01	1.47807982e-01
4.17774300e-01	9.94614300e-01	6.85864798e+00
4.18772200e-01	1.12376040e+00	6.93910104e+00
4.19770100e-01	9.88743400e-01	6.88704647e+00
4.20768000e-01	8.89556800e-01	1.48305350e-01
4.21765800e-01	7.11765000e-01	1.45335171e-01
4.22763700e-01	9.01904300e-01	1.48124207e-01
4.23761600e-01	8.55624000e-01	3.96071695e+00
4.24759500e-01	1.03661180e+00	3.95979776e+00
4.25757400e-01	1.20582530e+00	3.97636992e+00
4.26755300e-01	7.54799900e-01	6.75551150e+00
4.27753200e-01	1.05547910e+00	6.91686312e+00
4.28751000e-01	8.86803500e-01	6.81731973e+00
4.29748900e-01	6.80555700e-01	6.70331565e+00
4.30746800e-01	7.78600800e-01	6.71401288e+00
4.31744700e-01	1.04483440e+00	1.50513147e-01
4.32742600e-01	8.48405100e-01	1.46198479e-01
4.33740500e-01	8.48688100e-01	1.46042464e-01
4.34738400e-01	1.04459530e+00	1.48616764e-01
4.35736200e-01	6.90192700e-01	1.43139919e-01
4.36734100e-01	8.70576900e-01	1.46385613e-01
4.37732000e-01	9.36601100e-01	1.47941417e-01
4.38729900e-01	8.56631300e-01	1.45939886e-01
4.39727800e-01	7.92870700e-01	1.42536886e-01
4.40725700e-01	9.43822500e-01	1.47751084e-01
4.41723600e-01	9.63267700e-01	1.46104598e-01
4.42721400e-01	9.26294500e-01	1.47062142e-01
4.43719300e-01	7.73057400e-01	1.42725067e-01
4.44717200e-01	1.00853770e+00	1.47519550e-01
4.45715100e-01	7.90639300e-01	6.74175071e+00
4.46713000e-01	7.35954300e-01	6.72031255e+00
4.47710900e-01	8.02063200e-01	1.43550560e-01
4.48708800e-01	5.60448200e-01	1.37542103e-01
4.49706600e-01	8.96288900e-01	1.44002670e-01
4.50704500e-01	7.34341200e-01	1.43056292e-01
4.51702400e-01	8.70532900e-01	1.42577368e-01
4.52700300e-01	7.13315700e-01	1.42782167e-01
4.53698200e-01	7.61006200e-01	6.72716020e+00
4.54696100e-01	7.43999600e-01	6.72751150e+00
4.55694000e-01	8.06065200e-01	6.76863499e+00
4.56691800e-01	8.60870600e-01	1.43328496e-01
4.57689700e-01	8.44221400e-01	1.43391503e-01
4.58687600e-01	6.97179000e-01	1.38667541e-01
4.59685500e-01	8.52727700e-01	1.42446984e-01
4.60683400e-01	1.02201660e+00	1.45123462e-01
4.61681300e-01	7.76406000e-01	1.41486855e-01
4.62679100e-01	9.23177400e-01	1.43759209e-01
4.63677000e-01	8.14851200e-01	1.40443836e-01
4.64674900e-01	7.59647700e-01	1.40797587e-01
4.65672800e-01	7.82360200e-01	1.40114074e-01
4.66670700e-01	7.49779100e-01	1.40585816e-01
4.67668600e-01	8.56634400e-01	1.41231354e-01
4.68666500e-01	9.59965200e-01	1.43821449e-01
4.69664300e-01	1.03384870e+00	1.46984778e-01
4.70662200e-01	8.74079300e-01	6.88041945e+00
4.71660100e-01	6.80734700e-01	6.73920100e+00
4.72658000e-01	9.08428500e-01	1.46420194e-01
4.73655900e-01	9.14915800e-01	1.48037638e-01
4.74653800e-01	6.69691700e-01	4.02461523e+00
4.75651700e-01	7.24478100e-01	4.04992647e+00
4.76649500e-01	7.49958100e-01	4.00562508e+00
4.77647400e-01	7.28060500e-01	1.45135814e-01
4.78645300e-01	8.77138000e-01	1.49357713e-01
4.79643200e-01	8.32138100e-01	1.48522643e-01
4.80641100e-01	9.32291200e-01	1.51343520e-01
4.81639000e-01	7.47327500e-01	6.81503389e+00
4.82636900e-01	8.49019900e-01	6.86056922e+00
4.83634700e-01	6.47768100e-01	6.74228813e+00
4.84632600e-01	7.60597000e-01	6.79575585e+00
4.85630500e-01	7.54628800e-01	1.51603337e-01
4.86628400e-01	7.60426800e-01	1.49794899e-01
4.87626300e-01	5.63090100e-01	1.46581126e-01
4.88624200e-01	5.66801300e-01	1.50578171e-01
4.89622100e-01	9.95587200e-01	1.59280137e-01
4.90619900e-01	9.50734700e-01	1.60981362e-01
4.91617800e-01	8.17099900e-01	1.58997395e-01
4.92615700e-01	1.23367870e+00	1.68945681e-01
4.93613600e-01	8.51229800e-01	1.63045813e-01
4.94611500e-01	6.79931100e-01	1.57415135e-01
4.95609400e-01	9.54137200e-01	1.65702175e-01
4.96607300e-01	1.20402080e+00	1.70677185e-01
4.97605100e-01	8.41502900e-01	1.63941636e-01
4.98603000e-01	8.11007700e-01	1.63590773e-01
4.99600900e-01	8.45075500e-01	1.63624743e-01
5.00598800e-01	7.90378200e-01	1.65603138e-01
5.01596700e-01	9.32283300e-01	1.68771401e-01
5.02594600e-01	8.62554100e-01	1.67406838e-01
5.03592400e-01	9.26778900e-01	1.67329716e-01
5.04590300e-01	7.93643200e-01	1.67982279e-01
5.05588200e-01	7.95166600e-01	1.67436316e-01
5.06586100e-01	8.96850500e-01	1.70377052e-01
5.07584000e-01	9.53174100e-01	1.72787379e-01
5.08581900e-01	7.77513700e-01	6.90036552e+00
5.09579800e-01	9.87554300e-01	7.03532688e+00
5.10577600e-01	7.93581000e-01	6.91069777e+00
5.11575500e-01	6.23679800e-01	6.82709582e+00
5.12573400e-01	8.92480800e-01	7.00189698e+00
5.13571300e-01	7.67094700e-01	6.90315813e+00
5.14569200e-01	8.42863700e-01	6.91825846e+00
5.15567100e-01	8.17204300e-01	6.96917966e+00
5.16565000e-01	9.84442200e-01	7.02241023e+00
5.17562800e-01	8.64580100e-01	6.96721771e+00
5.18560700e-01	7.34567400e-01	6.92967939e+00
5.19558600e-01	7.71083600e-01	6.91183486e+00
5.20556500e-01	9.81620200e-01	7.02031308e+00
5.21554400e-01	9.38607000e-01	7.01079221e+00
5.22552300e-01	8.64675100e-01	6.99307751e+00
5.23550200e-01	9.13369500e-01	7.03354276e+00
5.24548000e-01	7.96572600e-01	6.96987839e+00
5.25545900e-01	7.76953700e-01	6.89931491e+00
5.26543800e-01	8.65938800e-01	6.95064398e+00
5.27541700e-01	6.47134400e-01	6.88543671e+00
5.28539600e-01	9.18546300e-01	7.04313526e+00
5.29537500e-01	8.69969600e-01	7.02773384e+00
5.30535400e-01	7.80864700e-01	6.93145327e+00
5.31533200e-01	7.52280600e-01	6.93697611e+00
5.32531100e-01	9.52391500e-01	7.07497361e+00
5.33529000e-01	9.15293700e-01	7.03185032e+00
5.34526900e-01	9.46345900e-01	7.04224423e+00
5.35524800e-01	9.61537800e-01	7.06624094e+00
5.36522700e-01	1.05551680e+00	7.11031632e+00
5.37520500e-01	5.26788900e-01	6.81220676e+00
5.38518400e-01	6.74459200e-01	6.90275158e+00
5.39516300e-01	8.91238000e-01	7.08533591e+00
5.40514200e-01	1.13747160e+00	7.19363631e+00
5.41512100e-01	8.01817400e-01	7.00856902e+00
5.42510000e-01	7.76865100e-01	6.97881372e+00
5.43507900e-01	7.90426200e-01	6.94817652e+00
5.44505700e-01	9.29271800e-01	7.04961891e+00
5.45503600e-01	6.31327400e-01	6.88583501e+00
5.46501500e-01	5.61830500e-01	6.86433418e+00
5.47499400e-01	1.09040340e+00	7.21158682e+00
5.48497300e-01	5.36520900e-01	6.83945463e+00
5.49495200e-01	8.74206100e-01	7.06368151e+00
5.50493100e-01	8.90968900e-01	7.07458819e+00
5.51490900e-01	7.07917600e-01	6.95914708e+00
5.52488800e-01	9.77311400e-01	7.12800441e+00
5.53486700e-01	1.03734460e+00	7.16415756e+00
5.54484600e-01	1.10377110e+00	7.25480770e+00
5.55482500e-01	1.01511830e+00	7.17825420e+00
5.56480400e-01	1.00030330e+00	7.14376270e+00
5.57478300e-01	5.27689800e-01	6.86233753e+00
5.58476100e-01	1.20601800e+00	7.29570483e+00
5.59474000e-01	8.97041500e-01	7.06848568e+00
5.60471900e-01	7.02585900e-01	6.96577000e+00
5.61469800e-01	1.06492180e+00	7.22721128e+00
5.62467700e-01	9.99682800e-01	7.21467041e+00
5.63465600e-01	1.04800680e+00	7.21215728e+00
5.64463500e-01	5.42092600e-01	6.89565700e+00
5.65461300e-01	1.09845460e+00	7.25605511e+00
5.66459200e-01	4.83366000e-01	6.87515281e+00
5.67457100e-01	7.13909900e-01	7.01867274e+00
5.68455000e-01	9.90957000e-01	7.19713240e+00
5.69452900e-01	6.74368900e-01	6.96596080e+00
5.70450800e-01	6.60245000e-01	6.96072321e+00
5.71448700e-01	8.43850100e-01	7.11423164e+00
5.72446500e-01	1.10055120e+00	7.25979311e+00
5.73444400e-01	8.62048900e-01	7.14240197e+00
5.74442300e-01	6.74531000e-01	7.00445435e+00
5.75440200e-01	5.85365900e-01	6.95355179e+00
5.76438100e-01	9.58659700e-01	7.19363764e+00
5.77436000e-01	8.70247900e-01	7.16601840e+00
5.78433800e-01	9.45509500e-01	7.20476284e+00
5.79431700e-01	9.42494200e-01	7.17319092e+00
5.80429600e-01	6.50618600e-01	7.04763540e+00
5.81427500e-01	9.56203200e-01	7.21859588e+00
5.82425400e-01	1.15769130e+00	7.31791943e+00
5.83423300e-01	8.89787200e-01	7.15444892e+00
5.84421200e-01	7.75326000e-01	7.09064970e+00
5.85419000e-01	8.67467400e-01	7.19841043e+00
5.86416900e-01	1.06685410e+00	7.26813344e+00
5.87414800e-01	8.67636000e-01	7.18931879e+00
5.88412700e-01	9.30381800e-01	7.21354832e+00
5.89410600e-01	9.73873400e-01	7.24806680e+00
5.90408500e-01	7.14783800e-01	7.11940923e+00
5.91406400e-01	1.00956160e+00	7.32278415e+00
5.92404200e-01	8.66564800e-01	7.17690209e+00
5.93402100e-01	9.08877600e-01	7.21211371e+00
5.94400000e-01	6.07703500e-01	7.03443597e+00
5.95397900e-01	9.29215800e-01	7.28645551e+00
5.96395800e-01	6.05138300e-01	7.03273143e+00
5.97393700e-01	6.26662800e-01	7.07499231e+00
5.98391600e-01	8.79456100e-01	7.21438736e+00
5.99389400e-01	7.95277400e-01	7.17409808e+00
6.00387300e-01	7.83232900e-01	7.20400172e+00
6.01385200e-01	8.42336600e-01	7.23843147e+00
6.02383100e-01	9.49787200e-01	7.22704090e+00
6.03381000e-01	8.62396000e-01	7.25917845e+00
6.04378900e-01	8.85520900e-01	7.26581683e+00
6.05376800e-01	7.82382400e-01	7.21395486e+00
6.06374600e-01	1.25712320e+00	7.47873024e+00
6.07372500e-01	9.06045500e-01	7.28662076e+00
6.08370400e-01	1.41519470e+00	7.55320494e+00
6.09368300e-01	8.90149900e-01	7.25963488e+00
6.10366200e-01	6.08800700e-01	7.06031973e+00
6.11364100e-01	7.64051000e-01	7.18462487e+00
6.12362000e-01	1.03131990e+00	7.35524561e+00
6.13359800e-01	1.13185970e+00	7.43165667e+00
6.14357700e-01	1.11786410e+00	7.45291964e+00
6.15355600e-01	8.19114300e-01	7.21206533e+00
6.16353500e-01	1.04544440e+00	7.33732942e+00
6.17351400e-01	1.20936440e+00	7.52142589e+00
6.18349300e-01	8.18404000e-01	7.27933142e+00
6.19347100e-01	4.25546800e-01	7.03546471e+00
6.20345000e-01	9.68683300e-01	7.36049604e+00
6.21342900e-01	8.11089300e-01	7.28242662e+00
6.22340800e-01	5.40838300e-01	7.13191050e+00
6.23338700e-01	6.57990200e-01	7.16219431e+00
6.24336600e-01	8.49182900e-01	7.31720666e+00
6.25334500e-01	1.07133750e+00	7.44271847e+00
6.26332300e-01	9.64976600e-01	7.36452353e+00
6.27330200e-01	9.54879100e-01	7.36506266e+00
6.28328100e-01	9.13833600e-01	7.32490362e+00
6.29326000e-01	8.49666500e-01	7.29144424e+00
6.30323900e-01	7.23277300e-01	7.21769835e+00
6.31321800e-01	4.80784500e-01	7.09323878e+00
6.32319700e-01	1.08575510e+00	7.48494394e+00
6.33317500e-01	8.91513300e-01	7.35906756e+00
6.34315400e-01	1.06463640e+00	7.41958282e+00
6.35313300e-01	8.03600000e-01	7.31509649e+00
6.36311200e-01	9.55560900e-01	7.38108939e+00
6.37309100e-01	8.39366200e-01	7.37427864e+00
6.38307000e-01	1.28516540e+00	7.55727921e+00
6.39304900e-01	9.90598700e-01	7.45327118e+00
6.40302700e-01	9.24753900e-01	7.37710042e+00
6.41300600e-01	8.34132600e-01	7.37732595e+00
6.42298500e-01	7.94590100e-01	7.31219554e+00
6.43296400e-01	1.13931940e+00	7.53057966e+00
6.44294300e-01	1.05507700e+00	7.50765383e+00
6.45292200e-01	1.01628070e+00	7.47132348e+00
6.46290100e-01	8.43873600e-01	7.35175364e+00
6.47287900e-01	8.60500900e-01	7.38807355e+00
6.48285800e-01	9.24712800e-01	7.48014826e+00
6.49283700e-01	1.17000320e+00	7.58734102e+00
6.50281600e-01	7.62756400e-01	7.36301080e+00
6.51279500e-01	8.90284300e-01	7.41675576e+00
6.52277400e-01	1.14371710e+00	7.58544498e+00
6.53275300e-01	1.08079340e+00	7.56806243e+00
6.54273100e-01	7.43244000e-01	7.34855102e+00
6.55271000e-01	1.02663550e+00	7.49445813e+00
6.56268900e-01	6.12523100e-01	7.30785134e+00
6.57266800e-01	8.51462600e-01	7.44619160e+00
6.58264700e-01	9.67139200e-01	7.47802607e+00
6.59262600e-01	5.50607800e-01	7.25595377e+00
6.60260400e-01	1.01976410e+00	7.52153335e+00
6.61258300e-01	8.03246600e-01	7.41932583e+00
6.62256200e-01	9.04543800e-01	7.47469067e+00
6.63254100e-01	6.45522100e-01	7.34124798e+00
6.64252000e-01	8.51223100e-01	7.46311034e+00
6.65249900e-01	1.24743320e+00	7.69962651e+00
6.66247800e-01	7.08228000e-01	7.37404502e+00
6.67245600e-01	7.60780200e-01	7.42146225e+00
6.68243500e-01	8.96493800e-01	7.44727557e+00
6.69241400e-01	1.22392740e+00	7.67695800e+00
6.70239300e-01	1.32415670e+00	7.74079183e+00
6.71237200e-01	4.67188500e-01	7.20057050e+00
6.72235100e-01	1.01375800e+00	7.61097084e+00
6.73233000e-01	1.05952900e+00	7.58612686e+00
6.74230800e-01	9.55429900e-01	7.55686841e+00
6.75228700e-01	9.22299800e-01	7.56992851e+00
6.76226600e-01	1.41197080e+00	7.78329690e+00
6.77224500e-01	1.01563920e+00	7.58928483e+00
6.78222400e-01	7.25288100e-01	7.47580969e+00
6.79220300e-01	7.52652200e-01	7.44425636e+00
6.80218200e-01	9.01026900e-01	7.54503040e+00
6.81216000e-01	6.35519300e-01	7.38795860e+00
6.82213900e-01	8.80464500e-01	7.49074093e+00
6.83211800e-01	1.11412600e+00	7.61476052e+00
6.84209700e-01	9.28197400e-01	7.52985052e+00
6.85207600e-01	8.14434800e-01	7.49970670e+00
6.86205500e-01	8.65238500e-01	7.51699719e+00
6.87203400e-01	1.39809260e+00	7.84502444e+00
6.88201200e-01	5.74110200e-01	7.42171974e+00
6.89199100e-01	7.13084700e-01	7.45048219e+00
6.90197000e-01	1.18464990e+00	7.78649053e+00
6.91194900e-01	1.07073780e+00	7.67683897e+00
6.92192800e-01	1.04208880e+00	7.67144722e+00
6.93190700e-01	9.04981900e-01	7.56141577e+00
6.94188600e-01	9.84699700e-01	7.64968881e+00
6.95186400e-01	1.04259250e+00	7.69281090e+00
6.96184300e-01	1.37142950e+00	7.88397741e+00
6.97182200e-01	1.35014800e+00	7.90445062e+00
6.98180100e-01	1.06162970e+00	7.69567384e+00
6.99178000e-01	7.89331900e-01	7.52483121e+00
7.00175900e-01	1.02634940e+00	7.67272613e+00
7.01173700e-01	1.12895940e+00	7.73043599e+00
7.02171600e-01	1.00838590e+00	7.64984304e+00
7.03169500e-01	8.68671800e-01	7.61210145e+00
7.04167400e-01	8.52994000e-01	7.58223788e+00
7.05165300e-01	9.86504100e-01	7.67839993e+00
7.06163200e-01	9.11311100e-01	7.61931538e+00
7.07161100e-01	1.20084400e+00	7.80908459e+00
7.08158900e-01	1.26517590e+00	7.86365846e+00
7.09156800e-01	9.91714700e-01	7.70464792e+00
7.10154700e-01	1.05031430e+00	7.71863711e+00
7.11152600e-01	1.11902530e+00	7.76799055e+00
7.12150500e-01	8.01231600e-01	7.61157068e+00
7.13148400e-01	1.04149590e+00	7.74015791e+00
7.14146300e-01	1.15330020e+00	7.76546346e+00
7.15144100e-01	5.51148500e-01	7.44417443e+00
7.16142000e-01	1.13127440e+00	7.80568307e+00
7.17139900e-01	1.24153720e+00	7.81663015e+00
7.18137800e-01	7.46804600e-01	7.57875604e+00
7.19135700e-01	1.06721650e+00	7.77960238e+00
7.20133600e-01	8.11808700e-01	7.64925641e+00
7.21131500e-01	7.26648300e-01	7.59458080e+00
7.22129300e-01	1.16665090e+00	7.83997909e+00
7.23127200e-01	8.83960800e-01	7.63534503e+00
7.24125100e-01	7.44063700e-01	7.60472051e+00
7.25123000e-01	8.81794500e-01	7.68522829e+00
7.26120900e-01	1.13429890e+00	7.80074455e+00
7.27118800e-01	8.85295200e-01	7.66962459e+00
7.28116700e-01	1.13774220e+00	7.85089433e+00
7.29114500e-01	1.06473760e+00	7.81104814e+00
7.30112400e-01	1.03107470e+00	7.77651093e+00
7.31110300e-01	6.08721800e-01	7.58012522e+00
7.32108200e-01	8.92716500e-01	7.74157055e+00
7.33106100e-01	7.77331300e-01	7.68132731e+00
7.34104000e-01	9.30081300e-01	7.75855955e+00
7.35101900e-01	6.83465800e-01	7.56828563e+00
7.36099700e-01	9.84304100e-01	7.79769623e+00
7.37097600e-01	7.08741300e-01	7.63947237e+00
7.38095500e-01	1.15921120e+00	7.93263221e+00
7.39093400e-01	6.82402500e-01	1.79893464e-01
7.40091300e-01	6.14502200e-01	1.77838622e-01
7.41089200e-01	8.69455200e-01	1.83209117e-01
7.42087000e-01	1.11525800e+00	1.90128688e-01
7.43084900e-01	8.90410100e-01	1.82368828e-01
7.44082800e-01	6.42992300e-01	1.81205781e-01
7.45080700e-01	1.04848850e+00	1.86405288e-01
7.46078600e-01	7.59040700e-01	7.73283218e+00
7.47076500e-01	7.39127800e-01	7.69189376e+00
7.48074400e-01	1.41539190e+00	1.97212081e-01
7.49072200e-01	8.80021600e-01	1.85162218e-01
7.50070100e-01	6.48631000e-01	1.78615900e-01
7.51068000e-01	4.85110500e-01	1.76869836e-01
7.52065900e-01	6.37131900e-01	7.65230983e+00
7.53063800e-01	9.40520600e-01	7.83105542e+00
7.54061700e-01	9.82027800e-01	7.86115753e+00
7.55059600e-01	7.70690400e-01	7.74097431e+00
7.56057400e-01	1.13320440e+00	7.93182293e+00
7.57055300e-01	1.22711620e+00	7.95454789e+00
7.58053200e-01	7.24836700e-01	7.77079281e+00
7.59051100e-01	6.35329600e-01	7.68838381e+00
7.60049000e-01	1.13695960e+00	7.99902780e+00
7.61046900e-01	1.06573930e+00	7.94929066e+00
7.62044800e-01	9.53627400e-01	7.93598921e+00
7.63042600e-01	9.32485500e-01	7.87893899e+00
7.64040500e-01	1.02174530e+00	7.91414463e+00
7.65038400e-01	7.23196200e-01	1.82680674e-01
7.66036300e-01	8.94493100e-01	7.89637374e+00
7.67034200e-01	1.22538110e+00	8.04771689e+00
7.68032100e-01	9.91958300e-01	1.89500586e-01
7.69030000e-01	5.81569800e-01	1.81594067e-01
7.70027800e-01	9.11249300e-01	1.85675884e-01
7.71025700e-01	8.93634400e-01	1.87722012e-01
7.72023600e-01	5.05483900e-01	7.66160461e+00
7.73021500e-01	1.10702790e+00	7.96848852e+00
7.74019400e-01	1.04845430e+00	1.89898603e-01
7.75017300e-01	6.80566300e-01	1.83577528e-01
7.76015100e-01	1.01313960e+00	1.92373312e-01
7.77013000e-01	9.43769700e-01	1.89866018e-01
7.78010900e-01	1.15411800e+00	1.92247802e-01
7.79008800e-01	1.08387650e+00	1.92099996e-01
7.80006700e-01	9.00006100e-01	1.90052965e-01
7.81004600e-01	1.11916370e+00	1.93332158e-01
7.82002500e-01	6.56583700e-01	1.83866270e-01
7.83000300e-01	9.76801800e-01	1.90799284e-01
7.83998200e-01	1.21089490e+00	8.08348954e+00
7.84996100e-01	1.46245460e+00	8.19071388e+00
7.85994000e-01	1.11872490e+00	1.95780966e-01
7.86991900e-01	5.08020200e-01	1.81481870e-01
7.87989800e-01	1.13270050e+00	1.94122561e-01
7.88987700e-01	8.17871800e-01	1.88239813e-01
7.89985500e-01	6.74080200e-01	7.83062608e+00
7.90983400e-01	9.30834700e-01	7.96888581e+00
7.91981300e-01	5.54166300e-01	1.81347677e-01
7.92979200e-01	1.08801190e+00	1.95738472e-01
7.93977100e-01	1.23331840e+00	1.96587855e-01
7.94975000e-01	8.42639400e-01	1.87288005e-01
7.95972900e-01	1.01258310e+00	8.05645523e+00
7.96970700e-01	1.15860170e+00	8.10415427e+00
7.97968600e-01	1.16431910e+00	8.13851924e+00
7.98966500e-01	8.73817800e-01	1.90915735e-01
7.99964400e-01	9.03568000e-01	1.88913678e-01
8.00962300e-01	8.49412200e-01	1.90433717e-01
8.01960200e-01	9.07075800e-01	1.90372491e-01
8.02958100e-01	1.18000300e+00	1.96473849e-01
8.03955900e-01	7.07729800e-01	1.87023569e-01
8.04953800e-01	1.27446870e+00	1.97140928e-01
8.05951700e-01	1.34708240e+00	2.01452239e-01
8.06949600e-01	1.19264060e+00	1.96881887e-01
8.07947500e-01	8.59579300e-01	1.90213461e-01
8.08945400e-01	1.30456450e+00	2.01282673e-01
8.09943300e-01	1.10040700e+00	1.95552052e-01
8.10941100e-01	1.07951450e+00	1.96691021e-01
8.11939000e-01	1.07919890e+00	1.95743043e-01
8.12936900e-01	9.54501100e-01	8.08951040e+00
8.13934800e-01	1.05837900e+00	8.14520335e+00
8.14932700e-01	9.21727700e-01	1.91803419e-01
8.15930600e-01	8.13790900e-01	1.91657865e-01
8.16928400e-01	8.14737700e-01	1.90237388e-01
8.17926300e-01	1.03604960e+00	1.95063498e-01
8.18924200e-01	1.46001720e+00	2.03437679e-01
8.19922100e-01	7.11906600e-01	1.90673150e-01
8.20920000e-01	1.14973290e+00	1.97338806e-01
8.21917900e-01	6.77948700e-01	1.88032375e-01
8.22915800e-01	7.37226400e-01	1.89474482e-01
8.23913600e-01	1.15410490e+00	1.99149527e-01
8.24911500e-01	1.17081550e+00	1.96672554e-01
8.25909400e-01	8.93663100e-01	1.93014212e-01
8.26907300e-01	6.52584200e-01	1.87207587e-01
8.27905200e-01	8.84147000e-01	1.93996133e-01
8.28903100e-01	6.60164000e-01	7.93368374e+00
8.29901000e-01	9.66839700e-01	8.14452402e+00
8.30898800e-01	7.20305100e-01	1.90477918e-01
8.31896700e-01	1.02008390e+00	1.94855350e-01
8.32894600e-01	9.03893200e-01	1.93363539e-01
8.33892500e-01	8.83061100e-01	1.93752456e-01
8.34890400e-01	1.15208590e+00	1.98405933e-01
8.35888300e-01	1.07022780e+00	1.97926327e-01
8.36886200e-01	1.21397220e+00	2.00883818e-01
8.37884000e-01	9.46711900e-01	8.13954972e+00
8.38881900e-01	1.26073650e+00	8.30937315e+00
8.39879800e-01	8.69674000e-01	8.09960826e+00
8.40877700e-01	1.44572550e+00	8.38834785e+00
8.41875600e-01	9.65590100e-01	8.14615449e+00
8.42873500e-01	8.19161600e-01	8.10120844e+00
8.43871400e-01	1.09790510e+00	8.22821942e+00
8.44869200e-01	1.23439190e+00	2.00025435e-01
8.45867100e-01	6.27343300e-01	1.88892950e-01
8.46865000e-01	1.12005740e+00	2.00599186e-01
8.47862900e-01	6.91333900e-01	8.01421696e+00
8.48860800e-01	1.05283700e+00	8.17879385e+00
8.49858700e-01	6.80241600e-01	8.04779038e+00
8.50856600e-01	1.25912730e+00	8.36328676e+00
8.51854400e-01	1.07934130e+00	8.26709105e+00
8.52852300e-01	9.75561200e-01	8.19304206e+00
8.53850200e-01	9.98989200e-01	8.20067183e+00
8.54848100e-01	1.14890750e+00	8.32199874e+00
8.55846000e-01	8.85086100e-01	8.17002347e+00
8.56843900e-01	9.25538800e-01	8.20318974e+00
8.57841700e-01	1.10929760e+00	1.98612816e-01
8.58839600e-01	9.41882600e-01	1.97113016e-01
8.59837500e-01	1.01824060e+00	8.24468715e+00
8.60835400e-01	1.03779560e+00	8.31037787e+00
8.61833300e-01	1.13870820e+00	1.98368580e-01
8.62831200e-01	1.27757330e+00	2.04856761e-01
8.63829100e-01	6.75468700e-01	1.92862337e-01
8.64826900e-01	1.05998680e+00	1.98675943e-01
8.65824800e-01	1.10075680e+00	2.00157213e-01
8.66822700e-01	1.19786800e+00	2.04978471e-01
8.67820600e-01	1.28255540e+00	2.03927975e-01
8.68818500e-01	9.29595800e-01	1.95845256e-01
8.69816400e-01	9.98280600e-01	1.99709040e-01
8.70814300e-01	6.90994900e-01	1.93285837e-01
8.71812100e-01	1.09434670e+00	2.01549474e-01
8.72810000e-01	8.58655900e-01	1.96880217e-01
8.73807900e-01	9.79529000e-01	8.31834486e+00
8.74805800e-01	1.08263660e+00	8.33618400e+00
8.75803700e-01	1.08028410e+00	2.00125493e-01
8.76801600e-01	8.90809000e-01	1.96665324e-01
8.77799500e-01	1.18927480e+00	2.03076821e-01
8.78797300e-01	7.11658700e-01	1.95801933e-01
8.79795200e-01	1.21997510e+00	2.04035694e-01
8.80793100e-01	9.80227900e-01	8.31800614e+00
8.81791000e-01	9.86100900e-01	8.33095145e+00
8.82788900e-01	1.25029100e+00	8.47858641e+00
8.83786800e-01	1.11274050e+00	8.40699407e+00
8.84784700e-01	7.92794500e-01	1.95564309e-01
8.85782500e-01	1.01006150e+00	8.35625926e+00
8.86780400e-01	7.55541500e-01	8.21396802e+00
8.87778300e-01	1.04623700e+00	8.39596869e+00
8.88776200e-01	1.06367060e+00	8.36472743e+00
8.89774100e-01	1.01434300e+00	2.00312740e-01
8.90772000e-01	1.11710990e+00	2.01630674e-01
8.91769900e-01	1.37920240e+00	2.07218906e-01
8.92767700e-01	1.07834030e+00	2.01669819e-01
8.93765600e-01	1.01939310e+00	2.01675436e-01
8.94763500e-01	1.13726090e+00	8.45029726e+00
8.95761400e-01	9.99686100e-01	8.34147293e+00
8.96759300e-01	8.04127300e-01	1.95500303e-01
8.97757200e-01	1.26437690e+00	2.07758041e-01
8.98755000e-01	1.13380680e+00	2.02954760e-01
8.99752900e-01	1.06527170e+00	2.01135807e-01
9.00750800e-01	1.17796950e+00	2.05701750e-01
9.01748700e-01	6.46741700e-01	1.94882092e-01
9.02746600e-01	1.07719480e+00	2.01620730e-01
9.03744500e-01	7.19001800e-01	1.94936371e-01
9.04742400e-01	9.58931000e-01	2.03651346e-01
9.05740200e-01	1.15585310e+00	8.46667376e+00
9.06738100e-01	8.08551200e-01	8.35110341e+00
9.07736000e-01	1.04897220e+00	2.03950863e-01
9.08733900e-01	1.06798680e+00	2.02829279e-01
9.09731800e-01	1.02421420e+00	2.03573594e-01
9.10729700e-01	1.11846730e+00	2.06857240e-01
9.11727600e-01	8.93532300e-01	2.00225032e-01
9.12725400e-01	1.25455070e+00	2.06436251e-01
9.13723300e-01	1.39935340e+00	2.11471994e-01
9.14721200e-01	1.03574900e+00	2.02517368e-01
9.15719100e-01	1.10864460e+00	2.03927982e-01
9.16717000e-01	1.04290720e+00	2.03576757e-01
9.17714900e-01	9.29344400e-01	2.01463169e-01
9.18712800e-01	1.10186610e+00	2.03426958e-01
9.19710600e-01	9.19685900e-01	8.34331760e+00
9.20708500e-01	1.08701100e+00	8.50877260e+00
9.21706400e-01	1.19496090e+00	8.54431649e+00
9.22704300e-01	1.01285630e+00	2.03945761e-01
9.23702200e-01	1.16651920e+00	2.07233164e-01
9.24700100e-01	9.65658700e-01	2.01087392e-01
9.25698000e-01	1.14156190e+00	2.07049321e-01
9.26695800e-01	1.05412120e+00	2.05688704e-01
9.27693700e-01	9.88892100e-01	2.02487563e-01
9.28691600e-01	6.62109200e-01	8.27254846e+00
9.29689500e-01	1.48746410e+00	8.75690219e+00
9.30687400e-01	1.08569940e+00	8.53586474e+00
9.31685300e-01	1.21264330e+00	8.64712897e+00
9.32683200e-01	1.15117590e+00	2.08939068e-01
9.33681000e-01	1.10631160e+00	2.05472938e-01
9.34678900e-01	1.23888580e+00	2.09192503e-01
9.35676800e-01	1.26868060e+00	2.09956861e-01
9.36674700e-01	1.16344740e+00	2.07980887e-01
9.37672600e-01	1.63496550e+00	2.16513945e-01
9.38670500e-01	7.13942200e-01	8.35919240e+00
9.39668300e-01	9.59384400e-01	8.50095907e+00
9.40666200e-01	1.14883160e+00	2.08176081e-01
9.41664100e-01	1.29619860e+00	2.09529898e-01
9.42662000e-01	1.07733310e+00	2.05631469e-01
9.43659900e-01	1.14328340e+00	2.06839385e-01
9.44657800e-01	1.06500330e+00	2.05752392e-01
9.45655700e-01	9.05344800e-01	2.02915845e-01
9.46653500e-01	8.19420300e-01	2.00721950e-01
9.47651400e-01	1.29363720e+00	2.12087258e-01
9.48649300e-01	7.85550400e-01	2.02443651e-01
9.49647200e-01	1.09001450e+00	2.06097271e-01
9.50645100e-01	8.53287100e-01	2.03408804e-01
9.51643000e-01	1.27446430e+00	2.11778534e-01
9.52640900e-01	1.11460430e+00	2.06884638e-01
9.53638700e-01	1.15123700e+00	2.11597216e-01
9.54636600e-01	1.18654070e+00	2.09638800e-01
9.55634500e-01	1.29575970e+00	2.11421555e-01
9.56632400e-01	8.24329200e-01	2.04614592e-01
9.57630300e-01	1.13730190e+00	2.08912111e-01
9.58628200e-01	1.55819350e+00	2.15123236e-01
9.59626100e-01	9.42580700e-01	8.53777197e+00
9.60623900e-01	1.15504650e+00	8.66830078e+00
9.61621800e-01	7.61146600e-01	8.44520720e+00
9.62619700e-01	1.33955820e+00	2.13813313e-01
9.63617600e-01	1.24181860e+00	2.13350804e-01
9.64615500e-01	1.12082160e+00	2.07395115e-01
9.65613400e-01	1.35135960e+00	2.13776163e-01
9.66611300e-01	1.23867970e+00	2.12483420e-01
9.67609100e-01	9.47414200e-01	2.03065625e-01
9.68607000e-01	1.35297530e+00	2.14508209e-01
9.69604900e-01	1.76358690e+00	2.22045619e-01
9.70602800e-01	7.69650100e-01	2.02101436e-01
9.71600700e-01	7.88483700e-01	2.03886464e-01
9.72598600e-01	1.07583900e+00	2.09828080e-01
9.73596400e-01	8.53875500e-01	8.58197512e+00
9.74594300e-01	1.35748980e+00	8.82729581e+00
9.75592200e-01	9.66431800e-01	8.60486944e+00
9.76590100e-01	1.20968150e+00	2.11144512e-01
9.77588000e-01	4.49455200e-01	8.39212723e+00
9.78585900e-01	1.09034170e+00	8.71645362e+00
9.79583800e-01	1.37097280e+00	2.13702787e-01
9.80581600e-01	1.32611390e+00	2.16629843e-01
9.81579500e-01	1.28022730e+00	2.12808197e-01
9.82577400e-01	9.85242100e-01	2.08416275e-01
9.83575300e-01	9.22881500e-01	2.06980003e-01
9.84573200e-01	1.15400780e+00	2.12626182e-01
9.85571100e-01	7.04034200e-01	2.01242585e-01
9.86569000e-01	1.19611630e+00	2.12658391e-01
9.87566800e-01	8.19028200e-01	2.07441457e-01
9.88564700e-01	1.14908920e+00	2.09264309e-01
9.89562600e-01	1.21847930e+00	2.14317270e-01
9.90560500e-01	1.21901160e+00	2.12920198e-01
9.91558400e-01	1.24377850e+00	2.11107182e-01
9.92556300e-01	1.22770990e+00	2.15486396e-01
9.93554200e-01	1.09783410e+00	2.13328121e-01
9.94552000e-01	1.17466490e+00	2.10827811e-01
9.95549900e-01	1.15672220e+00	2.12710841e-01
9.96547800e-01	1.42296040e+00	2.19212262e-01
9.97545700e-01	7.86783000e-01	8.62935786e+00
9.98543600e-01	1.21128230e+00	8.85950598e+00
9.99541500e-01	8.88340800e-01	8.69821278e+00
1.00053900e+00	8.69791400e-01	2.08487935e-01
1.00153700e+00	8.46594100e-01	8.70819022e+00
1.00253500e+00	8.88056000e-01	8.77095039e+00
1.00353300e+00	1.31361400e+00	8.97875644e+00
1.00453100e+00	1.21305470e+00	8.86553571e+00
1.00552900e+00	1.27671400e+00	9.01065531e+00
1.00652700e+00	1.46254500e+00	2.21413069e-01
1.00752500e+00	1.44928090e+00	2.30018945e-01
1.00852200e+00	8.15052300e-01	2.22404748e-01
1.00952000e+00	1.36646710e+00	9.03291241e+00
1.01051800e+00	1.37879590e+00	2.40643040e-01
1.01151600e+00	1.28306170e+00	2.39133156e-01
1.01251400e+00	9.93836900e-01	8.82589656e+00
1.01351200e+00	9.78980900e-01	8.80734660e+00
1.01451000e+00	1.76306300e+00	2.58401756e-01
1.01550800e+00	1.35422950e+00	2.55706700e-01
1.01650600e+00	1.39647240e+00	2.57853602e-01
1.01750300e+00	1.22209320e+00	2.54200933e-01
1.01850100e+00	1.17555120e+00	2.60077861e-01
1.01949900e+00	1.13862990e+00	2.60748399e-01
1.00000000e+02	0.00000000e+00	0.00000000e+00
