
  7.609070E-02   3.766331E+00   3.497430E-01 
  7.993862E-02   3.774023E+00   1.867660E-01 
  8.378654E-02   4.172504E+00   1.304090E-01 
  8.763446E-02   3.787384E+00   1.132554E-01 
  9.148238E-02   3.249383E+00   9.970920E-02 
  9.533030E-02   2.723205E+00   9.022984E-02 
  9.917822E-02   2.466259E+00   8.393841E-02 
  1.030261E-01   2.395591E+00   7.724635E-02 
  1.068741E-01   1.907470E+00   6.912990E-02 
  1.107220E-01   1.807965E+00   6.555311E-02 
  1.145699E-01   1.679644E+00   6.245442E-02 
  1.184178E-01   1.495062E+00   5.531155E-02 
  1.222657E-01   1.412963E+00   5.481503E-02 
  1.261136E-01   1.239137E+00   4.974616E-02 
  1.299616E-01   1.188357E+00   4.809632E-02 
  1.338095E-01   9.561583E-01   4.261600E-02 
  1.376574E-01   9.148039E-01   4.082937E-02 
  1.415053E-01   9.162074E-01   4.099500E-02 
  1.453532E-01   6.589776E-01   8.117744E-01 
  1.492012E-01   6.960557E-01   3.436893E-02 
  1.530491E-01   6.604438E-01   3.365302E-02 
  1.568970E-01   6.806570E-01   3.293894E-02 
  1.607449E-01   6.526149E-01   3.194618E-02 
  1.645928E-01   5.759168E-01   3.022468E-02 
  1.684407E-01   5.848890E-01   2.903977E-02 
  1.722887E-01   5.296036E-01   2.747383E-02 
  1.761366E-01   4.836759E-01   2.610063E-02 
  1.799845E-01   4.826781E-01   2.684415E-02 
  1.838324E-01   4.523598E-01   2.447882E-02 
  1.876803E-01   5.004157E-01   2.539889E-02 
  1.915283E-01   4.296813E-01   2.342013E-02 
  1.953762E-01   4.035007E-01   2.358934E-02 
  1.992241E-01   4.291638E-01   2.330305E-02 
  2.030720E-01   3.695921E-01   2.128432E-02 
  2.069199E-01   3.844593E-01   2.261789E-02 
  2.107679E-01   3.391101E-01   2.033556E-02 
  2.146158E-01   3.504480E-01   2.140253E-02 
  2.184637E-01   3.463293E-01   2.095513E-02 
  2.223116E-01   3.637369E-01   2.147501E-02 
  2.261595E-01   3.493828E-01   2.087323E-02 
  2.300074E-01   3.424831E-01   2.041871E-02 
  2.338554E-01   2.959431E-01   1.846751E-02 
  2.377033E-01   3.022682E-01   1.874359E-02 
  2.415512E-01   2.856979E-01   5.345072E-01 
  2.453991E-01   2.173082E-01   1.575911E-02 
  2.492470E-01   2.541417E-01   1.696972E-02 
  2.530950E-01   2.588921E-01   1.772442E-02 
  2.569429E-01   2.464041E-01   1.633243E-02 
  2.607908E-01   2.364628E-01   1.633410E-02 
  2.646387E-01   2.464041E-01   1.605322E-02 
  2.684866E-01   2.443468E-01   1.632359E-02 
  2.723345E-01   2.123923E-01   1.540528E-02 
  2.761825E-01   2.408951E-01   1.642849E-02 
  2.800304E-01   2.352638E-01   1.565318E-02 
  2.838783E-01   1.922895E-01   4.385082E-01 
  2.877262E-01   2.171824E-01   1.500709E-02 
  2.915741E-01   1.923439E-01   1.386730E-02 
  2.954221E-01   2.203149E-01   1.484535E-02 
  2.992700E-01   2.216426E-01   1.504543E-02 
  3.031179E-01   2.222837E-01   1.507369E-02 
  3.069658E-01   1.693227E-01   1.298554E-02 
  3.108137E-01   1.986822E-01   1.410089E-02 
  3.146616E-01   2.109733E-01   1.428642E-02 
  3.185096E-01   1.962518E-01   1.366430E-02 
  3.223575E-01   1.973924E-01   1.355446E-02 
  3.262054E-01   1.898622E-01   1.342037E-02 
  3.300533E-01   1.951131E-01   1.351006E-02 
  3.339012E-01   2.026174E-01   1.359354E-02 
  3.377492E-01   1.705738E-01   1.283776E-02 
  3.415971E-01   1.767176E-01   1.264257E-02 
  3.454450E-01   1.606017E-01   1.239739E-02 
  3.492929E-01   1.842156E-01   1.291986E-02 
  3.531408E-01   1.602835E-01   1.207201E-02 
  3.569888E-01   1.777562E-01   1.257824E-02 
  3.608367E-01   1.619264E-01   1.217037E-02 
  3.646846E-01   1.746798E-01   1.204325E-02 
  3.685325E-01   1.508893E-01   1.162876E-02 
  3.723804E-01   1.849383E-01   1.280147E-02 
  3.762283E-01   1.830393E-01   1.250136E-02 
  3.800763E-01   2.064712E-01   1.321797E-02 
  3.839242E-01   1.864120E-01   1.251740E-02 
  3.877721E-01   1.717773E-01   1.199686E-02 
  3.916200E-01   1.458907E-01   1.099692E-02 
  3.954679E-01   1.679851E-01   1.184033E-02 
  3.993159E-01   1.585464E-01   1.126500E-02 
  4.031638E-01   1.532269E-01   1.127960E-02 
  4.070117E-01   1.583918E-01   1.099364E-02 
  4.108596E-01   1.487394E-01   1.103395E-02 
  4.147075E-01   1.474141E-01   1.054506E-02 
  4.185554E-01   1.560347E-01   1.103642E-02 
  4.224034E-01   1.654488E-01   1.144382E-02 
  4.262513E-01   1.635755E-01   1.140845E-02 
  4.300992E-01   1.627792E-01   1.155674E-02 
  4.339471E-01   1.384680E-01   1.024681E-02 
  4.377950E-01   1.579990E-01   1.104281E-02 
  4.416430E-01   1.750484E-01   1.141000E-02 
  4.454909E-01   1.574956E-01   1.089420E-02 
  4.493388E-01   1.387637E-01   9.871820E-03 
  4.531867E-01   1.293400E-01   1.014380E-02 
  4.570346E-01   1.445947E-01   1.026475E-02 
  4.608825E-01   1.435739E-01   1.011041E-02 
  4.647305E-01   1.598534E-01   1.079130E-02 
  4.685784E-01   1.596730E-01   1.103030E-02 
  4.724263E-01   1.434387E-01   1.013504E-02 
  4.762742E-01   1.276956E-01   9.496946E-03 
  4.801221E-01   1.546307E-01   1.049011E-02 
  4.839701E-01   1.434775E-01   9.889441E-03 
  4.878180E-01   1.535362E-01   1.027720E-02 
  4.916659E-01   1.478851E-01   1.018997E-02 
  4.955138E-01   1.405177E-01   9.783732E-03 
  4.993617E-01   1.466353E-01   9.849927E-03 
  5.032097E-01   1.404394E-01   9.867096E-03 
  5.070576E-01   1.421605E-01   9.803332E-03 
  5.109055E-01   1.602773E-01   1.041993E-02 
  5.147534E-01   1.271381E-01   9.181866E-03 
  5.186013E-01   1.224541E-01   9.052068E-03 
  5.224492E-01   1.327100E-01   9.526076E-03 
  5.262972E-01   1.619630E-01   9.997643E-03 
  5.301451E-01   1.430464E-01   9.611834E-03 
  5.339930E-01   1.428652E-01   9.387548E-03 
  5.378409E-01   1.228267E-01   8.900498E-03 
  5.416888E-01   1.552825E-01   1.004655E-02 
  5.455368E-01   1.519915E-01   9.950927E-03 
  5.493847E-01   1.462478E-01   9.855363E-03 
  5.532326E-01   1.288939E-01   8.920412E-03 
  5.570805E-01   1.364487E-01   9.361209E-03 
  5.609284E-01   1.479807E-01   9.549161E-03 
  5.647763E-01   1.416882E-01   9.349431E-03 
  5.686243E-01   1.363836E-01   9.124233E-03 
  5.724722E-01   1.269290E-01   8.796890E-03 
  5.763201E-01   1.462936E-01   9.370573E-03 
  5.801680E-01   1.294057E-01   8.871284E-03 
  5.840159E-01   1.335858E-01   8.867066E-03 
  5.878639E-01   1.311219E-01   9.072217E-03 
  5.917118E-01   1.293736E-01   8.893279E-03 
  5.955597E-01   1.289438E-01   8.653782E-03 
  5.994076E-01   1.508983E-01   9.756268E-03 
  6.032555E-01   1.328657E-01   8.854211E-03 
  6.071034E-01   1.386790E-01   8.873363E-03 
  6.109514E-01   1.299073E-01   8.465877E-03 
  6.147993E-01   1.411769E-01   8.963538E-03 
  6.186472E-01   1.462451E-01   8.996368E-03 
  6.224951E-01   1.315282E-01   8.641482E-03 
  6.263430E-01   1.336915E-01   8.676196E-03 
  6.301910E-01   1.252414E-01   8.476860E-03 
  6.340389E-01   1.270335E-01   8.402450E-03 
  6.378868E-01   1.181389E-01   8.035055E-03 
  6.417347E-01   1.245895E-01   8.208424E-03 
  6.455826E-01   1.211295E-01   8.225404E-03 
  6.494306E-01   1.301278E-01   8.437368E-03 
  6.532785E-01   1.184446E-01   8.029804E-03 
  6.571264E-01   1.304174E-01   8.323383E-03 
  6.609743E-01   1.264247E-01   8.186655E-03 
  6.648222E-01   1.266561E-01   8.356241E-03 
  6.686701E-01   1.289181E-01   8.383759E-03 
  6.725181E-01   1.334184E-01   8.525590E-03 
  6.763660E-01   1.147766E-01   7.720388E-03 
  6.802139E-01   1.216918E-01   8.054182E-03 
  6.840618E-01   1.272922E-01   8.145968E-03 
  6.879097E-01   1.179044E-01   7.751366E-03 
  6.917577E-01   1.246153E-01   8.132645E-03 
  6.956056E-01   1.330127E-01   8.336284E-03 
  6.994535E-01   1.315771E-01   8.258159E-03 
  7.033014E-01   1.200994E-01   7.911267E-03 
  7.071493E-01   1.336772E-01   8.457166E-03 
  7.109972E-01   1.219031E-01   7.906546E-03 
  7.148452E-01   1.398133E-01   8.433208E-03 
  7.186931E-01   1.257083E-01   7.966185E-03 
  7.225410E-01   1.236616E-01   7.810772E-03 
  7.263889E-01   1.023067E-01   7.343259E-03 
  7.302368E-01   1.229788E-01   7.876381E-03 
  7.340848E-01   1.115271E-01   7.470380E-03 
  7.379327E-01   1.272108E-01   3.566662E-01 
  7.417806E-01   1.189506E-01   7.597217E-03 
  7.456285E-01   1.298381E-01   7.828340E-03 
  7.494764E-01   1.124185E-01   7.347916E-03 
  7.533243E-01   1.201494E-01   7.591676E-03 
  7.571723E-01   1.105988E-01   7.421683E-03 
  7.610202E-01   1.234495E-01   3.513537E-01 
  7.648681E-01   1.192391E-01   3.453101E-01 
  7.687160E-01   1.141312E-01   7.547499E-03 
  7.725639E-01   1.167805E-01   3.417317E-01 
  7.764119E-01   1.196551E-01   7.373374E-03 
  7.802598E-01   1.165212E-01   7.362427E-03 
  7.841077E-01   1.059989E-01   7.108649E-03 
  7.879556E-01   1.192180E-01   7.483580E-03 
  7.918035E-01   1.175269E-01   7.326097E-03 
  7.956515E-01   1.142507E-01   7.273628E-03 
  7.994994E-01   1.120163E-01   7.020592E-03 
  8.033473E-01   1.183704E-01   7.375172E-03 
  8.071952E-01   1.160494E-01   7.249039E-03 
  8.110431E-01   1.122975E-01   7.163686E-03 
  8.148910E-01   1.190430E-01   3.450261E-01 
  8.187390E-01   1.122791E-01   7.070840E-03 
  8.225869E-01   1.204636E-01   7.410811E-03 
  8.264348E-01   1.159854E-01   7.179104E-03 
  8.302827E-01   1.257308E-01   7.607565E-03 
  8.341306E-01   1.174370E-01   7.150073E-03 
  8.379786E-01   1.168747E-01   7.167550E-03 
  8.418265E-01   1.048188E-01   6.701277E-03 
  8.456744E-01   1.050752E-01   6.859895E-03 
  8.495223E-01   1.196682E-01   7.281996E-03 
  8.533702E-01   1.231731E-01   7.220363E-03 
  8.572181E-01   1.302168E-01   7.503761E-03 
  8.610661E-01   1.083697E-01   6.822625E-03 
  8.649140E-01   1.162974E-01   3.410240E-01 
  8.687619E-01   1.049422E-01   3.239478E-01 
  8.726098E-01   1.199958E-01   7.266799E-03 
  8.764577E-01   1.190142E-01   3.449843E-01 
  8.803057E-01   1.091274E-01   6.720737E-03 
  8.841536E-01   1.212644E-01   7.161355E-03 
  8.880015E-01   1.012282E-01   6.563062E-03 
  8.918494E-01   1.235820E-01   7.226165E-03 
  8.956973E-01   1.195839E-01   6.980575E-03 
  8.995453E-01   1.271605E-01   7.180200E-03 
  9.033932E-01   1.133313E-01   6.843026E-03 
  9.072411E-01   1.161671E-01   6.836574E-03 
  9.110890E-01   1.228828E-01   7.087629E-03 
  9.149369E-01   1.106627E-01   6.741837E-03 
  9.187848E-01   1.069089E-01   6.583349E-03 
  9.226328E-01   1.180782E-01   6.884389E-03 
  9.264807E-01   1.177138E-01   6.870205E-03 
  9.303286E-01   1.094795E-01   6.657333E-03 
  9.341765E-01   1.152181E-01   6.698483E-03 
  9.380244E-01   1.205701E-01   6.926416E-03 
  9.418724E-01   1.165023E-01   6.781332E-03 
  9.457203E-01   1.168985E-01   3.419043E-01 
  9.495682E-01   1.086830E-01   3.296710E-01 
  9.534161E-01   1.169525E-01   6.771430E-03 
  9.572640E-01   1.055657E-01   6.501076E-03 
  9.611119E-01   1.074593E-01   3.278099E-01 
  9.649599E-01   1.126526E-01   6.557472E-03 
  9.688078E-01   1.131454E-01   6.533125E-03 
  9.726557E-01   1.074820E-01   6.422603E-03 
  9.765036E-01   1.146001E-01   6.543517E-03 
  9.803515E-01   1.145714E-01   6.741950E-03 
  9.841995E-01   1.109471E-01   6.454460E-03 
  9.880474E-01   1.055591E-01   6.324241E-03 
  9.918953E-01   1.021148E-01   6.217670E-03 
  9.957432E-01   1.093100E-01   6.484695E-03 
  9.995911E-01   1.104015E-01   3.322671E-01 
  1.003439E+00   1.173305E-01   6.621345E-03 
  1.007287E+00   1.072055E-01   6.387024E-03 
  1.011135E+00   1.146187E-01   6.511378E-03 
  1.014983E+00   1.183746E-01   6.676164E-03 
  1.018831E+00   1.225082E-01   6.649182E-03 
  1.022679E+00   1.100982E-01   6.445486E-03 
  1.026527E+00   1.122992E-01   3.351107E-01 
  1.030374E+00   1.107744E-01   6.349718E-03 
  1.034222E+00   9.653437E-02   3.106998E-01 
  1.038070E+00   1.131114E-01   6.397114E-03 
  1.041918E+00   1.140009E-01   6.430078E-03 
  1.045766E+00   1.125845E-01   3.355361E-01 
  1.049614E+00   1.175000E-01   6.496042E-03 
  1.053462E+00   1.096418E-01   3.311220E-01 
  1.057310E+00   1.130220E-01   6.252913E-03 
  1.061158E+00   1.091211E-01   6.200062E-03 
  1.065006E+00   1.088601E-01   6.212838E-03 
  1.068854E+00   1.117064E-01   6.272602E-03 
  1.072702E+00   1.161512E-01   6.416084E-03 
  1.076549E+00   1.128453E-01   6.215659E-03 
  1.080397E+00   1.132189E-01   6.365756E-03 
  1.084245E+00   1.004140E-01   5.850968E-03 
  1.088093E+00   1.106158E-01   6.195982E-03 
  1.091941E+00   1.032940E-01   5.955476E-03 
  1.095789E+00   1.248189E-01   6.483514E-03 
  1.099637E+00   1.074261E-01   6.093811E-03 
  1.103485E+00   1.090746E-01   6.089658E-03 
  1.107333E+00   1.148253E-01   3.388588E-01 
  1.111181E+00   1.045323E-01   5.930910E-03 
  1.115029E+00   1.024052E-01   5.953576E-03 
  1.118877E+00   1.080427E-01   6.001902E-03 
  1.122725E+00   1.072973E-01   6.012825E-03 
  1.126572E+00   1.146048E-01   6.149685E-03 
  1.130420E+00   1.074371E-01   6.058272E-03 
  1.134268E+00   1.112941E-01   6.106705E-03 
  1.138116E+00   1.134653E-01   6.078337E-03 
  1.141964E+00   1.084914E-01   6.069670E-03 
  1.145812E+00   1.062451E-01   5.957468E-03 
  1.149660E+00   9.987311E-02   3.160271E-01 
  1.153508E+00   1.238332E-01   6.355622E-03 
  1.157356E+00   9.938978E-02   3.152615E-01 
  1.161204E+00   1.068527E-01   5.917566E-03 
  1.165052E+00   1.152653E-01   6.080925E-03 
  1.168900E+00   9.750785E-02   5.694816E-03 
  1.172747E+00   1.087033E-01   5.917374E-03 
  1.176595E+00   1.073273E-01   5.930182E-03 
  1.180443E+00   1.109201E-01   5.975402E-03 
  1.184291E+00   1.135085E-01   6.004142E-03 
  1.188139E+00   1.033779E-01   5.738148E-03 
  1.191987E+00   1.013020E-01   5.777191E-03 
  1.195835E+00   1.064321E-01   5.883791E-03 
  1.199683E+00   1.078448E-01   5.925189E-03 
  1.203531E+00   1.021819E-01   5.740122E-03 
  1.207379E+00   1.071191E-01   5.786224E-03 
  1.211227E+00   1.107456E-01   5.954708E-03 
  1.215075E+00   1.082289E-01   5.815891E-03 
  1.218922E+00   9.454561E-02   5.389334E-03 
  1.222770E+00   1.001351E-01   5.592721E-03 
  1.226618E+00   1.083128E-01   3.291091E-01 
  1.230466E+00   1.041149E-01   5.759920E-03 
  1.234314E+00   1.008429E-01   5.609791E-03 
  1.238162E+00   1.023991E-01   5.677226E-03 
  1.242010E+00   1.111956E-01   5.848885E-03 
  1.245858E+00   1.098513E-01   5.816274E-03 
  1.249706E+00   1.104693E-01   5.785477E-03 
  1.253554E+00   1.116130E-01   5.908665E-03 
  1.257402E+00   1.138127E-01   5.807249E-03 
  1.261250E+00   1.111887E-01   5.814194E-03 
  1.265098E+00   1.067448E-01   5.728106E-03 
  1.268945E+00   1.242768E-01   6.073098E-03 
  1.272793E+00   9.806261E-02   5.435899E-03 
  1.276641E+00   9.732482E-02   5.479583E-03 
  1.280489E+00   1.087154E-01   5.665784E-03 
  1.284337E+00   1.120681E-01   5.775046E-03 
  1.288185E+00   1.054603E-01   5.579274E-03 
  1.292033E+00   1.090020E-01   5.647996E-03 
  1.295881E+00   1.059452E-01   5.570699E-03 
  1.299729E+00   1.149710E-01   5.783761E-03 
  1.303577E+00   1.066537E-01   5.594313E-03 
  1.307425E+00   1.056283E-01   5.503290E-03 
  1.311273E+00   1.046562E-01   5.534103E-03 
  1.315120E+00   1.035285E-01   5.500143E-03 
  1.318968E+00   9.323912E-02   5.207569E-03 
  1.322816E+00   1.073520E-01   5.585975E-03 
  1.326664E+00   1.092881E-01   5.661627E-03 
  1.330512E+00   1.019093E-01   5.562912E-03 
  1.334360E+00   1.063175E-01   5.402765E-03 
  1.338208E+00   1.032741E-01   5.447304E-03 
  1.342056E+00   1.046459E-01   5.565225E-03 
  1.345904E+00   1.125053E-01   5.642409E-03 
  1.349752E+00   1.109546E-01   5.571279E-03 
  1.353600E+00   1.022634E-01   5.449375E-03 
  1.357448E+00   9.664016E-02   5.210128E-03 
  1.361295E+00   1.109044E-01   5.640671E-03 
  1.365143E+00   1.124656E-01   5.656470E-03 
  1.368991E+00   1.012627E-01   5.316948E-03 
  1.372839E+00   1.186924E-01   5.772432E-03 
  1.376687E+00   9.351938E-02   5.129602E-03 
  1.380535E+00   1.022416E-01   5.300268E-03 
  1.384383E+00   1.079630E-01   3.285773E-01 
  1.388231E+00   1.070642E-01   5.525543E-03 
  1.392079E+00   1.041753E-01   3.227620E-01 
  1.395927E+00   1.083685E-01   5.522678E-03 
  1.399775E+00   9.877638E-02   5.236162E-03 
  1.403623E+00   1.077037E-01   5.470810E-03 
  1.407470E+00   1.107744E-01   5.539264E-03 
  1.411318E+00   1.063851E-01   3.261673E-01 
  1.415166E+00   1.039495E-01   3.224120E-01 
  1.419014E+00   9.317131E-02   4.968172E-03 
  1.422862E+00   1.128557E-01   5.483205E-03 
  1.426710E+00   9.923851E-02   5.136413E-03 
  1.430558E+00   1.024286E-01   5.229909E-03 
  1.434406E+00   9.536467E-02   3.088117E-01 
  1.438254E+00   1.014756E-01   5.236182E-03 
  1.442102E+00   9.821950E-02   5.139844E-03 
  1.445950E+00   9.809659E-02   5.142935E-03 
  1.449798E+00   9.515898E-02   5.049472E-03 
  1.453646E+00   1.018090E-01   5.248562E-03 
  1.457493E+00   1.082596E-01   5.364344E-03 
  1.461341E+00   1.022000E-01   5.189354E-03 
  1.465189E+00   1.043989E-01   5.315768E-03 
  1.469037E+00   1.045568E-01   5.268012E-03 
  1.472885E+00   9.948716E-02   5.106085E-03 
  1.476733E+00   1.091015E-01   5.353736E-03 
  1.480581E+00   9.566235E-02   4.972952E-03 
  1.484429E+00   1.020069E-01   5.227608E-03 
  1.488277E+00   1.059024E-01   5.216522E-03 
  1.492125E+00   1.107031E-01   3.327207E-01 
  1.495973E+00   1.010252E-01   5.076104E-03 
  1.499821E+00   1.072812E-01   3.275381E-01 
  1.503668E+00   1.009710E-01   5.045658E-03 
  1.507516E+00   1.036817E-01   5.122621E-03 
  1.511364E+00   1.037855E-01   5.133441E-03 
  1.515212E+00   1.084842E-01   5.341363E-03 
  1.519060E+00   9.922371E-02   5.094299E-03 
  1.522908E+00   1.003306E-01   5.053644E-03 
  1.526756E+00   1.042842E-01   5.136671E-03 
  1.530604E+00   9.662374E-02   4.924335E-03 
  1.534452E+00   1.040230E-01   5.127411E-03 
  1.538300E+00   9.856598E-02   5.001163E-03 
  1.542148E+00   1.055351E-01   5.136488E-03 
  1.545996E+00   1.052483E-01   5.192304E-03 
  1.549843E+00   1.012300E-01   4.993457E-03 
  1.553691E+00   1.012292E-01   5.039011E-03 
  1.557539E+00   1.022880E-01   5.023619E-03 
  1.561387E+00   1.026842E-01   3.204437E-01 
  1.565235E+00   9.606273E-02   3.099399E-01 
  1.569083E+00   9.619885E-02   4.888257E-03 
  1.572931E+00   1.011127E-01   5.018629E-03 
  1.576779E+00   1.051007E-01   5.153485E-03 
  1.580627E+00   1.023351E-01   4.961066E-03 
  1.584475E+00   1.053854E-01   5.080408E-03 
  1.588323E+00   1.012968E-01   5.007011E-03 
  1.592171E+00   9.965490E-02   4.893074E-03 
  1.596018E+00   9.871233E-02   4.901280E-03 
  1.599866E+00   1.013020E-01   4.958142E-03 
  1.603714E+00   1.067442E-01   5.162099E-03 
  1.607562E+00   9.802529E-02   4.888716E-03 
  1.611410E+00   1.009917E-01   4.953025E-03 
  1.615258E+00   9.352981E-02   4.695315E-03 
  1.619106E+00   9.935689E-02   3.152093E-01 
  1.622954E+00   1.017794E-01   4.905789E-03 
  1.626802E+00   1.020850E-01   4.912376E-03 
  1.630650E+00   9.730978E-02   4.790487E-03 
  1.634498E+00   1.009452E-01   4.922246E-03 
  1.638346E+00   1.030883E-01   5.017030E-03 
  1.642194E+00   1.003079E-01   4.957134E-03 
  1.646041E+00   9.828823E-02   5.042578E-03 
  1.649889E+00   1.063425E-01   5.212630E-03 
  1.653737E+00   9.668315E-02   4.992625E-03 
  1.657585E+00   1.031014E-01   3.210941E-01 
  1.661433E+00   9.937995E-02   3.152458E-01 
  1.665281E+00   1.037037E-01   5.200016E-03 
  1.669129E+00   9.680943E-02   3.111421E-01 
  1.672977E+00   1.009424E-01   3.177143E-01 
  1.676825E+00   1.050262E-01   5.304626E-03 
  1.680673E+00   1.051431E-01   5.305118E-03 
  1.684521E+00   1.047754E-01   5.286900E-03 
  1.688369E+00   1.052432E-01   5.356664E-03 
  1.692216E+00   9.917231E-02   5.151344E-03 
  1.696064E+00   1.029192E-01   5.384470E-03 
  1.699912E+00   1.054168E-01   5.392561E-03 
  1.703760E+00   1.068155E-01   5.382997E-03 
  1.707608E+00   1.124574E-01   5.580173E-03 
  1.711456E+00   9.947092E-02   5.252969E-03 
  1.715304E+00   1.021074E-01   5.446528E-03 
  1.719152E+00   9.757388E-02   3.123682E-01 
  1.723000E+00   9.972996E-02   5.461360E-03 
  1.726848E+00   8.901172E-02   5.187427E-03 
  1.730696E+00   9.828765E-02   5.482940E-03 
  1.734544E+00   9.852249E-02   3.138829E-01 
  1.738391E+00   1.015432E-01   5.697778E-03 
  1.742239E+00   1.055238E-01   5.698347E-03 
  1.746087E+00   1.029057E-01   5.794533E-03 
  1.749935E+00   1.031449E-01   5.727601E-03 
  1.753783E+00   1.051005E-01   5.858046E-03 
  1.757631E+00   1.121498E-01   6.063065E-03 
  1.761479E+00   9.553187E-02   5.590450E-03 
  1.765327E+00   9.837521E-02   5.713741E-03 
  1.769175E+00   9.618121E-02   5.660416E-03 
  1.773023E+00   9.570189E-02   5.563595E-03 
  1.776871E+00   1.023328E-01   5.720143E-03 
  1.780719E+00   1.012374E-01   5.607572E-03 
  1.784566E+00   1.041082E-01   5.671905E-03 
  1.788414E+00   1.023688E-01   5.524970E-03 
  1.792262E+00   1.036650E-01   5.626597E-03 
  1.796110E+00   1.084313E-01   5.605509E-03 
  1.799958E+00   9.006051E-02   5.202122E-03 
  1.803806E+00   9.489193E-02   5.298707E-03 
  1.807654E+00   9.448646E-02   5.305674E-03 
  1.811502E+00   1.013959E-01   5.516619E-03 
  1.815350E+00   1.024262E-01   5.433981E-03 
  1.819198E+00   9.258996E-02   3.042860E-01 
  1.823046E+00   1.091126E-01   5.570143E-03 
  1.826894E+00   1.075335E-01   5.542108E-03 
  1.830742E+00   1.036735E-01   5.426519E-03 
  1.834589E+00   9.876723E-02   5.550905E-03 
  1.838437E+00   9.531753E-02   5.290166E-03 
  1.842285E+00   1.003893E-01   5.325918E-03 
  1.846133E+00   1.104882E-01   5.615370E-03 
  1.849981E+00   9.837000E-02   5.349305E-03 
  1.853829E+00   9.327145E-02   5.153414E-03 
  1.857677E+00   9.083556E-02   5.070476E-03 
  1.861525E+00   9.353775E-02   3.058394E-01 
  1.865373E+00   1.057162E-01   5.351296E-03 
  1.869221E+00   1.023271E-01   3.198860E-01 
  1.873069E+00   9.640356E-02   5.221877E-03 
  1.876917E+00   1.016144E-01   5.343460E-03 
  1.880764E+00   9.394665E-02   5.145725E-03 
  1.884612E+00   9.836338E-02   3.136294E-01 
  1.888460E+00   9.895748E-02   3.145751E-01 
  1.892308E+00   1.014730E-01   5.291849E-03 
  1.896156E+00   1.004212E-01   3.168930E-01 
  1.900004E+00   1.048654E-01   5.453959E-03 
  1.903852E+00   9.922010E-02   5.465386E-03 
  1.907700E+00   8.919641E-02   5.199111E-03 
  1.911548E+00   9.591040E-02   3.096940E-01 
  1.915396E+00   1.089806E-01   5.671103E-03 
  1.919244E+00   1.058511E-01   5.640358E-03 
  1.923092E+00   9.567764E-02   5.377248E-03 
  1.926939E+00   1.014654E-01   5.649124E-03 
  1.930787E+00   1.044003E-01   5.591559E-03 
  1.934635E+00   1.016216E-01   5.658079E-03 
  1.938483E+00   1.013868E-01   5.617677E-03 
  1.942331E+00   9.733458E-02   5.485158E-03 
  1.946179E+00   9.523620E-02   5.498344E-03 
  1.950027E+00   9.635376E-02   5.425944E-03 
  1.953875E+00   1.028887E-01   5.789432E-03 
  1.957723E+00   9.730572E-02   5.513845E-03 
  1.961571E+00   9.402444E-02   5.440083E-03 
  1.965419E+00   9.972855E-02   5.561772E-03 
  1.969267E+00   1.063180E-01   5.742330E-03 
  1.973114E+00   1.171036E-01   3.422040E-01 
  1.976962E+00   9.555130E-02   5.586268E-03 
  1.980810E+00   9.292983E-02   3.048440E-01 
  1.984658E+00   9.346413E-02   5.407326E-03 
  1.988506E+00   1.001743E-01   5.638460E-03 
  1.992354E+00   1.009066E-01   5.657254E-03 
  1.996202E+00   1.024318E-01   5.701056E-03 
  2.000050E+00   1.024179E-01   5.777993E-03 
  2.003898E+00   1.080073E-01   5.922396E-03 
  2.007746E+00   1.057075E-01   5.844141E-03 
  2.011594E+00   1.057162E-01   5.837814E-03 
  2.015442E+00   9.245949E-02   5.441022E-03 
  2.019290E+00   9.420373E-02   5.518248E-03 
  2.023137E+00   1.001567E-01   5.660110E-03 
  2.026985E+00   9.649412E-02   5.624824E-03 
  2.030833E+00   1.076999E-01   3.281766E-01 
  2.034681E+00   1.096893E-01   5.931214E-03 
  2.038529E+00   1.031863E-01   6.013430E-03 
  2.042377E+00   9.746846E-02   5.604336E-03 
  2.046225E+00   1.111321E-01   6.010375E-03 
  2.050073E+00   9.741546E-02   5.624861E-03 
  2.053921E+00   9.628533E-02   5.572696E-03 
  2.057769E+00   9.383316E-02   5.481553E-03 
  2.061617E+00   1.065105E-01   5.897756E-03 
  2.065465E+00   1.022856E-01   5.860078E-03 
  2.069312E+00   9.739030E-02   5.632226E-03 
  2.073160E+00   1.118640E-01   6.162071E-03 
  2.077008E+00   1.006417E-01   5.665884E-03 
  2.080856E+00   9.936850E-02   5.707406E-03 
  2.084704E+00   9.593857E-02   5.651561E-03 
  2.088552E+00   1.006239E-01   5.775039E-03 
  2.092400E+00   9.541419E-02   5.560642E-03 
  2.096248E+00   9.696171E-02   5.697931E-03 
  2.100096E+00   9.632952E-02   5.685614E-03 
  2.103944E+00   9.355483E-02   5.548665E-03 
  2.107792E+00   9.912355E-02   5.707295E-03 
  2.111640E+00   8.904687E-02   5.426400E-03 
  2.115487E+00   9.347357E-02   5.545344E-03 
  2.119335E+00   9.488466E-02   5.626114E-03 
  2.123183E+00   9.618121E-02   5.680223E-03 
  2.127031E+00   1.146564E-01   6.208994E-03 
  2.130879E+00   9.811102E-02   5.661411E-03 
  2.134727E+00   1.079317E-01   6.066905E-03 
  2.138575E+00   9.680288E-02   5.685818E-03 
  2.142423E+00   8.955780E-02   2.992621E-01 
  2.146271E+00   1.069230E-01   6.036213E-03 
  2.150119E+00   9.709179E-02   5.620214E-03 
  2.153967E+00   1.028926E-01   5.990135E-03 
  2.157815E+00   9.942244E-02   5.794144E-03 
  2.161662E+00   1.023824E-01   5.801678E-03 
  2.165510E+00   9.527094E-02   5.657324E-03 
  2.169358E+00   1.006116E-01   5.773131E-03 
  2.173206E+00   1.011205E-01   5.825553E-03 
  2.177054E+00   9.100970E-02   5.529875E-03 
  2.180902E+00   1.010364E-01   5.845875E-03 
  2.184750E+00   8.641262E-02   2.939602E-01 
  2.188598E+00   1.084261E-01   6.122131E-03 
  2.192446E+00   1.072080E-01   5.933932E-03 
  2.196294E+00   9.318085E-02   5.624786E-03 
  2.200142E+00   9.856916E-02   3.139573E-01 
  2.203990E+00   8.890335E-02   5.492467E-03 
  2.207838E+00   1.009484E-01   5.871692E-03 
  2.211685E+00   1.011119E-01   5.984275E-03 
  2.215533E+00   1.145529E-01   6.268677E-03 
  2.219381E+00   1.017977E-01   5.868892E-03 
  2.223229E+00   1.014590E-01   5.803419E-03 
  2.227077E+00   9.338887E-02   5.704016E-03 
  2.230925E+00   1.014584E-01   5.989570E-03 
  2.234773E+00   9.498091E-02   5.804408E-03 
  2.238621E+00   1.035877E-01   5.899136E-03 
  2.242469E+00   9.318085E-02   5.674864E-03 
  2.246317E+00   1.010243E-01   5.958096E-03 
  2.250165E+00   9.249820E-02   5.583209E-03 
  2.254013E+00   1.055084E-01   6.042767E-03 
  2.257860E+00   9.942244E-02   5.768538E-03 
  2.261708E+00   9.457879E-02   5.721065E-03 
  2.265556E+00   8.630318E-02   5.405682E-03 
  2.269404E+00   1.082441E-01   6.073917E-03 
  2.273252E+00   9.783979E-02   5.729290E-03 
  2.277100E+00   9.660890E-02   5.748176E-03 
  2.280948E+00   9.410072E-02   5.683323E-03 
  2.284796E+00   9.275086E-02   5.682085E-03 
  2.288644E+00   9.487756E-02   5.761570E-03 
  2.292492E+00   1.011978E-01   5.891829E-03 
  2.296340E+00   1.057778E-01   5.993037E-03 
  2.300188E+00   1.007746E-01   5.821686E-03 
  2.304035E+00   9.741266E-02   5.758338E-03 
  2.307883E+00   9.210741E-02   5.629240E-03 
  2.311731E+00   1.015432E-01   5.859464E-03 
  2.315579E+00   1.057778E-01   5.955892E-03 
  2.319427E+00   1.133264E-01   6.189830E-03 
  2.323275E+00   1.008453E-01   3.175615E-01 
  2.327123E+00   9.783979E-02   3.127935E-01 
  2.330971E+00   1.107109E-01   6.215343E-03 
  2.334819E+00   1.045939E-01   6.009906E-03 
  2.338667E+00   1.107121E-01   6.154735E-03 
  2.342515E+00   8.721078E-02   5.482721E-03 
  2.346363E+00   1.038726E-01   5.947202E-03 
  2.350211E+00   9.010543E-02   3.001757E-01 
  2.354058E+00   1.005000E-01   5.879530E-03 
  2.357906E+00   9.099668E-02   3.016566E-01 
  2.361754E+00   9.608770E-02   5.738909E-03 
  2.365602E+00   1.081055E-01   6.079731E-03 
  2.369450E+00   1.035688E-01   6.016730E-03 
  2.373298E+00   1.018038E-01   3.190671E-01 
  2.377146E+00   1.009403E-01   5.845015E-03 
  2.380994E+00   8.976387E-02   2.996062E-01 
  2.384842E+00   1.018038E-01   3.190671E-01 
  2.388690E+00   1.013708E-01   5.926413E-03 
  2.392538E+00   8.952525E-02   2.992077E-01 
  2.396386E+00   1.108364E-01   3.329211E-01 
  2.400233E+00   9.250171E-02   3.041409E-01 
  2.404081E+00   1.090236E-01   6.079060E-03 
  2.407929E+00   8.261730E-02   2.874323E-01 
  2.411777E+00   1.100266E-01   6.091692E-03 
  2.415625E+00   8.915991E-02   2.985966E-01 
  2.419473E+00   9.014810E-02   5.448659E-03 
  2.423321E+00   9.806514E-02   5.762832E-03 
  2.427169E+00   9.812427E-02   5.883627E-03 
  2.431017E+00   9.967225E-02   3.157091E-01 
  2.434865E+00   9.120956E-02   3.020092E-01 
  2.438713E+00   1.098221E-01   6.147811E-03 
  2.442561E+00   9.976177E-02   3.158509E-01 
  2.446408E+00   9.570936E-02   3.093693E-01 
  2.450256E+00   9.933207E-02   3.151699E-01 
  2.454104E+00   1.104061E-01   6.054581E-03 
  2.457952E+00   1.056116E-01   5.922404E-03 
  2.461800E+00   1.071152E-01   5.971945E-03 
  2.465648E+00   9.884441E-02   5.805440E-03 
  2.469496E+00   9.710647E-02   5.659996E-03 
  2.473344E+00   9.886222E-02   5.781013E-03 
  2.477192E+00   1.044155E-01   5.915223E-03 
  2.481040E+00   1.002855E-01   5.794114E-03 
  2.484888E+00   9.891784E-02   5.748943E-03 
  2.488736E+00   1.028115E-01   5.904949E-03 
  2.492583E+00   1.023852E-01   5.816743E-03 
  2.496431E+00   9.619885E-02   5.749535E-03 
  2.500279E+00   1.056116E-01   5.959536E-03 
  2.504127E+00   9.477368E-02   5.640646E-03 
  2.507975E+00   9.845605E-02   5.690541E-03 
  2.511823E+00   1.110523E-01   6.049299E-03 
  2.515671E+00   9.896092E-02   5.711831E-03 
  2.519519E+00   1.073868E-01   5.979579E-03 
  2.523367E+00   9.847621E-02   5.736115E-03 
  2.527215E+00   9.797136E-02   5.712565E-03 
  2.531063E+00   1.015432E-01   5.795378E-03 
  2.534911E+00   9.797303E-02   5.726266E-03 
  2.538759E+00   1.082908E-01   5.993553E-03 
  2.542606E+00   9.694257E-02   5.625049E-03 
  2.546454E+00   9.234244E-02   5.520834E-03 
  2.550302E+00   9.207457E-02   3.034379E-01 
  2.554150E+00   1.112020E-01   6.104296E-03 
  2.557998E+00   9.722051E-02   5.634532E-03 
  2.561846E+00   9.511856E-02   5.645623E-03 
  2.565694E+00   9.436011E-02   5.637711E-03 
  2.569542E+00   1.037037E-01   5.905911E-03 
  2.573390E+00   1.011393E-01   5.729763E-03 
  2.577238E+00   9.360763E-02   5.481780E-03 
  2.581086E+00   9.647424E-02   5.625102E-03 
  2.584934E+00   9.473043E-02   5.519215E-03 
  2.588781E+00   9.801913E-02   5.725186E-03 
  2.592629E+00   1.119476E-01   6.046659E-03 
  2.596477E+00   1.065425E-01   5.907318E-03 
  2.600325E+00   1.000903E-01   5.663751E-03 
  2.604173E+00   9.490642E-02   5.581014E-03 
  2.608021E+00   9.864199E-02   5.604659E-03 
  2.611869E+00   9.398500E-02   5.537984E-03 
  2.615717E+00   9.921536E-02   5.631102E-03 
  2.619565E+00   1.010574E-01   5.716006E-03 
  2.623413E+00   1.081603E-01   5.945027E-03 
  2.627261E+00   9.238570E-02   5.518892E-03 
  2.631109E+00   9.989480E-02   5.708966E-03 
  2.634956E+00   8.666747E-02   5.262925E-03 
  2.638804E+00   9.492804E-02   5.614570E-03 
  2.642652E+00   1.000010E-01   5.700728E-03 
  2.646500E+00   9.791669E-02   5.681702E-03 
  2.650348E+00   9.566613E-02   5.572501E-03 
  2.654196E+00   9.977306E-02   5.775366E-03 
  2.658044E+00   1.148308E-01   6.115375E-03 
  2.661892E+00   1.050169E-01   5.832964E-03 
  2.665740E+00   1.029455E-01   5.787976E-03 
  2.669588E+00   9.794008E-02   5.666727E-03 
  2.673436E+00   1.095555E-01   5.970321E-03 
  2.677284E+00   1.024491E-01   3.200768E-01 
  2.681131E+00   9.630229E-02   3.103261E-01 
  2.684979E+00   9.314987E-02   5.548354E-03 
  2.688827E+00   1.065587E-01   5.851671E-03 
  2.692675E+00   9.678465E-02   5.593184E-03 
  2.696523E+00   1.017073E-01   5.811088E-03 
  2.700371E+00   1.052312E-01   5.857731E-03 
  2.704219E+00   1.016249E-01   5.717444E-03 
  2.708067E+00   9.203918E-02   5.545840E-03 
  2.711915E+00   9.951723E-02   5.669166E-03 
  2.715763E+00   9.380898E-02   5.543632E-03 
  2.719611E+00   9.468661E-02   5.535483E-03 
  2.723459E+00   9.490642E-02   5.592278E-03 
  2.727307E+00   9.543412E-02   5.610996E-03 
  2.731154E+00   9.453463E-02   5.608397E-03 
  2.735002E+00   1.036553E-01   5.832103E-03 
  2.738850E+00   9.997595E-02   5.740760E-03 
  2.742698E+00   1.031029E-01   5.797218E-03 
  2.746546E+00   1.055123E-01   5.978561E-03 
  2.750394E+00   1.050960E-01   5.861634E-03 
  2.754242E+00   9.553134E-02   5.634610E-03 
  2.758090E+00   1.025355E-01   5.839706E-03 
  2.761938E+00   1.107143E-01   5.986742E-03 
  2.765786E+00   1.002115E-01   5.723772E-03 
  2.769634E+00   9.755955E-02   5.594926E-03 
  2.773482E+00   9.252081E-02   5.464695E-03 
  2.777329E+00   9.208779E-02   5.497679E-03 
  2.781177E+00   9.664458E-02   5.623532E-03 
  2.785025E+00   9.924290E-02   5.764562E-03 
  2.788873E+00   1.059294E-01   5.955899E-03 
  2.792721E+00   1.059582E-01   5.976438E-03 
  2.796569E+00   1.010495E-01   5.825941E-03 
  2.800417E+00   8.855901E-02   5.403592E-03 
  2.804265E+00   9.879882E-02   3.143228E-01 
  2.808113E+00   1.010511E-01   5.706953E-03 
  2.811961E+00   1.030149E-01   5.809493E-03 
  2.815809E+00   9.830514E-02   3.135365E-01 
  2.819657E+00   1.062147E-01   5.840670E-03 
  2.823504E+00   1.073481E-01   5.983363E-03 
  2.827352E+00   1.085744E-01   5.963920E-03 
  2.831200E+00   9.606579E-02   3.099448E-01 
  2.835048E+00   1.030292E-01   5.838220E-03 
  2.838896E+00   1.086238E-01   5.987044E-03 
  2.842744E+00   9.689746E-02   5.684349E-03 
  2.846592E+00   1.058431E-01   3.253354E-01 
  2.850440E+00   1.029410E-01   5.831832E-03 
  2.854288E+00   9.327424E-02   5.523362E-03 
  2.858136E+00   1.017911E-01   5.866956E-03 
  2.861984E+00   1.083571E-01   6.024967E-03 
  2.865832E+00   1.027948E-01   5.892488E-03 
  2.869679E+00   1.007972E-01   5.794683E-03 
  2.873527E+00   9.778855E-02   5.771065E-03 
  2.877375E+00   8.810982E-02   5.431581E-03 
  2.881223E+00   9.854687E-02   5.807536E-03 
  2.885071E+00   1.087785E-01   6.046918E-03 
  2.888919E+00   1.010479E-01   5.776524E-03 
  2.892767E+00   9.841629E-02   5.737603E-03 
  2.896615E+00   1.045594E-01   5.908657E-03 
  2.900463E+00   9.798466E-02   5.673211E-03 
  2.904311E+00   1.058999E-01   3.254226E-01 
  2.908159E+00   1.056384E-01   5.990786E-03 
  2.912007E+00   9.922035E-02   5.721588E-03 
  2.915855E+00   1.004477E-01   5.821570E-03 
  2.919702E+00   9.615522E-02   5.660319E-03 
  2.923550E+00   9.085890E-02   5.547023E-03 
  2.927398E+00   1.065587E-01   5.912093E-03 
  2.931246E+00   9.790487E-02   5.640953E-03 
  2.935094E+00   1.150432E-01   6.151956E-03 
  2.938942E+00   1.046906E-01   5.886642E-03 
  2.942790E+00   9.811102E-02   5.723317E-03 
  2.946638E+00   1.032189E-01   3.212769E-01 
  2.950486E+00   1.064823E-01   6.037919E-03 
  2.954334E+00   1.124169E-01   6.171833E-03 
  2.958182E+00   1.037252E-01   5.908896E-03 
  2.962030E+00   9.434989E-02   5.595638E-03 
  2.965877E+00   9.956511E-02   5.723906E-03 
  2.969725E+00   9.702648E-02   5.750671E-03 
  2.973573E+00   9.599849E-02   5.592618E-03 
  2.977421E+00   1.061474E-01   5.888845E-03 
  2.981269E+00   1.015432E-01   5.816981E-03 
  2.985117E+00   1.088262E-01   6.004666E-03 
  2.988965E+00   9.215970E-02   5.548771E-03 
  2.992813E+00   1.014590E-01   3.185262E-01 
  2.996661E+00   1.006209E-01   3.172079E-01 
  3.000509E+00   9.950557E-02   5.832984E-03 
  3.004357E+00   9.892276E-02   5.697748E-03 
  3.008205E+00   1.033041E-01   5.886297E-03 
  3.012052E+00   9.588344E-02   5.585155E-03 
  3.015900E+00   9.424822E-02   5.648044E-03 
  3.019748E+00   9.523358E-02   5.635271E-03 
  3.023596E+00   9.921273E-02   5.727921E-03 
  3.027444E+00   9.993412E-02   3.161236E-01 
  3.031292E+00   1.084247E-01   6.083396E-03 
  3.035140E+00   1.043195E-01   5.889346E-03 
  3.038988E+00   1.019639E-01   5.874219E-03 
  3.042836E+00   9.662850E-02   5.702104E-03 
  3.046684E+00   9.741546E-02   5.663501E-03 
  3.050532E+00   1.005244E-01   5.791881E-03 
  3.054380E+00   1.035408E-01   5.814348E-03 
  3.058227E+00   1.021351E-01   5.902181E-03 
  3.062075E+00   1.050563E-01   5.896211E-03 
  3.065923E+00   1.048406E-01   5.899412E-03 
  3.069771E+00   9.634019E-02   5.765495E-03 
  3.073619E+00   9.612759E-02   5.684003E-03 
  3.077467E+00   9.313733E-02   3.051841E-01 
  3.081315E+00   1.121621E-01   6.093075E-03 
  3.085163E+00   9.953247E-02   5.722434E-03 
  3.089011E+00   1.020434E-01   5.852468E-03 
  3.092859E+00   1.038414E-01   5.973724E-03 
  3.096707E+00   1.039669E-01   5.898129E-03 
  3.100555E+00   1.025587E-01   5.889063E-03 
  3.104403E+00   1.031390E-01   5.908328E-03 
  3.108250E+00   1.080644E-01   6.074779E-03 
  3.112098E+00   9.323669E-02   5.619462E-03 
  3.115946E+00   9.264771E-02   5.518704E-03 
  3.119794E+00   1.037960E-01   5.931516E-03 
  3.123642E+00   1.054777E-01   6.041897E-03 
  3.127490E+00   9.022338E-02   5.503937E-03 
  3.131338E+00   1.095754E-01   6.143628E-03 
  3.135186E+00   1.001893E-01   5.749848E-03 
  3.139034E+00   1.013754E-01   5.811381E-03 
  3.142882E+00   9.719503E-02   5.803327E-03 
  3.146730E+00   9.859873E-02   5.782623E-03 
  3.150578E+00   9.357573E-02   5.562187E-03 
  3.154425E+00   1.070665E-01   5.988581E-03 
  3.158273E+00   9.838558E-02   5.693652E-03 
  3.162121E+00   1.019639E-01   5.879724E-03 
  3.165969E+00   1.002813E-01   5.784022E-03 
  3.169817E+00   9.773853E-02   5.777675E-03 
  3.173665E+00   1.019639E-01   5.857671E-03 
  3.177513E+00   9.630556E-02   5.753055E-03 
  3.181361E+00   9.334199E-02   5.615618E-03 
  3.185209E+00   1.025689E-01   5.893553E-03 
  3.189057E+00   1.076643E-01   5.958208E-03 
  3.192905E+00   1.099338E-01   6.160435E-03 
  3.196753E+00   9.788101E-02   5.708537E-03 
  3.200600E+00   1.006209E-01   5.792727E-03 
  3.204448E+00   1.043380E-01   5.964481E-03 
  3.208296E+00   1.043965E-01   5.925219E-03 
  3.212144E+00   8.773877E-02   5.436766E-03 
  3.215992E+00   9.517022E-02   5.696207E-03 
  3.219840E+00   1.101315E-01   6.068961E-03 
  3.223688E+00   1.074964E-01   5.972874E-03 
  3.227536E+00   1.072460E-01   6.009652E-03 
  3.231384E+00   1.038337E-01   5.933005E-03 
  3.235232E+00   9.217390E-02   5.525823E-03 
  3.239080E+00   8.282482E-02   5.241294E-03 
  3.242928E+00   1.040325E-01   5.956751E-03 
  3.246775E+00   9.659604E-02   5.686326E-03 
  3.250623E+00   1.053799E-01   5.972638E-03 
  3.254471E+00   1.099136E-01   6.115639E-03 
  3.258319E+00   1.059730E-01   5.995358E-03 
  3.262167E+00   1.001011E-01   5.819638E-03 
  3.266015E+00   1.029926E-01   5.884357E-03 
  3.269863E+00   1.095374E-01   6.106989E-03 
  3.273711E+00   9.170571E-02   5.646617E-03 
  3.277559E+00   9.704716E-02   5.752833E-03 
  3.281407E+00   1.017952E-01   3.190536E-01 
  3.285255E+00   9.665887E-02   5.750117E-03 
  3.289103E+00   1.017952E-01   5.823114E-03 
  3.292951E+00   1.036819E-01   5.902770E-03 
  3.296798E+00   9.900887E-02   5.803868E-03 
  3.300646E+00   9.794726E-02   5.733592E-03 
  3.304494E+00   1.075865E-01   3.280037E-01 
  3.308342E+00   9.976177E-02   5.801237E-03 
  3.312190E+00   9.945042E-02   5.779020E-03 
  3.316038E+00   9.277205E-02   5.579816E-03 
  3.319886E+00   9.788937E-02   5.759597E-03 
  3.323734E+00   9.806514E-02   5.791305E-03 
  3.327582E+00   1.053670E-01   5.989958E-03 
  3.331430E+00   1.031550E-01   5.949616E-03 
  3.335278E+00   1.037768E-01   5.951879E-03 
  3.339126E+00   1.014587E-01   5.929800E-03 
  3.342973E+00   1.048077E-01   5.947626E-03 
  3.346821E+00   9.627047E-02   5.722685E-03 
  3.350669E+00   1.022954E-01   5.828697E-03 
  3.354517E+00   9.339260E-02   5.646395E-03 
  3.358365E+00   9.749499E-02   5.768918E-03 
  3.362213E+00   1.066717E-01   6.072186E-03 
  3.366061E+00   9.654652E-02   5.695943E-03 
  3.369909E+00   1.027379E-01   5.988784E-03 
  3.373757E+00   9.906657E-02   5.837415E-03 
  3.377605E+00   8.123458E-02   5.281436E-03 
  3.381453E+00   9.633369E-02   5.733681E-03 
  3.385301E+00   1.028329E-01   5.975329E-03 
  3.389148E+00   9.937564E-02   5.764949E-03 
  3.392996E+00   1.053670E-01   6.025670E-03 
  3.396844E+00   1.005175E-01   5.870841E-03 
  3.400692E+00   1.012883E-01   3.182582E-01 
  3.404540E+00   1.139183E-01   6.227949E-03 
  3.408388E+00   1.086316E-01   6.028487E-03 
  3.412236E+00   1.094990E-01   6.071794E-03 
  3.416084E+00   1.057069E-01   5.974785E-03 
  3.419932E+00   9.492271E-02   5.737286E-03 
  3.423780E+00   9.950557E-02   5.832984E-03 
  3.427628E+00   1.034018E-01   5.979677E-03 
  3.431476E+00   1.026333E-01   5.823164E-03 
  3.435324E+00   1.128450E-01   6.275683E-03 
  3.439171E+00   9.773853E-02   5.797438E-03 
  3.443019E+00   1.028286E-01   3.206690E-01 
  3.446867E+00   1.085403E-01   6.064725E-03 
  3.450715E+00   1.043758E-01   6.022822E-03 
  3.454563E+00   1.003486E-01   5.823942E-03 
  3.458411E+00   9.698625E-02   5.710718E-03 
  3.462259E+00   9.354904E-02   5.629485E-03 
  3.466107E+00   1.079106E-01   3.284975E-01 
  3.469955E+00   1.042692E-01   3.229075E-01 
  3.473803E+00   9.651296E-02   3.106654E-01 
  3.477651E+00   9.075533E-02   5.563021E-03 
  3.481499E+00   9.866137E-02   5.760873E-03 
  3.485346E+00   1.091676E-01   3.304053E-01 
  3.489194E+00   9.867096E-02   5.728903E-03 
  3.493042E+00   9.860245E-02   5.805467E-03 
  3.496890E+00   1.081767E-01   6.036197E-03 
  3.500738E+00   1.001756E-01   5.849470E-03 
  3.504586E+00   9.378411E-02   5.705156E-03 
  3.508434E+00   1.063137E-01   5.971795E-03 
  3.512282E+00   9.958884E-02   5.783902E-03 
  3.516130E+00   1.057350E-01   5.961982E-03 
  3.519978E+00   1.088816E-01   6.101660E-03 
  3.523826E+00   1.059282E-01   6.024613E-03 
  3.527674E+00   1.092749E-01   6.171723E-03 
  3.531521E+00   1.001802E-01   5.776964E-03 
  3.535369E+00   1.080358E-01   6.238326E-03 
  3.539217E+00   9.767010E-02   5.749495E-03 
  3.543065E+00   9.703209E-02   5.683948E-03 
  3.546913E+00   9.752256E-02   5.759338E-03 
  3.550761E+00   1.088816E-01   6.180254E-03 
  3.554609E+00   1.083128E-01   6.054383E-03 
  3.558457E+00   9.708356E-02   5.733022E-03 
  3.562305E+00   1.044542E-01   6.034025E-03 
  3.566153E+00   1.100128E-01   6.357417E-03 
  3.570001E+00   1.043558E-01   6.335595E-03 
  3.573849E+00   1.036277E-01   6.347336E-03 
  3.577696E+00   1.010257E-01   6.482635E-03 
  3.581544E+00   9.736450E-02   6.394184E-03 
  3.585392E+00   1.102970E-01   6.955928E-03 
  3.589240E+00   1.076708E-01   6.928333E-03 
  3.593088E+00   1.111056E-01   7.141898E-03 
  3.596936E+00   1.069604E-01   6.957131E-03 
  3.600784E+00   1.082813E-01   7.296870E-03 
  3.604632E+00   1.067351E-01   7.133217E-03 
  3.608480E+00   1.020314E-01   7.086546E-03 
  3.612328E+00   1.005428E-01   7.156967E-03 
  3.616176E+00   9.521260E-02   6.907057E-03 
  3.620024E+00   1.053234E-01   7.299642E-03 
  3.623872E+00   1.088711E-01   7.528085E-03 
  3.627719E+00   9.544250E-02   7.350225E-03 
  3.631567E+00   1.175058E-01   7.856994E-03 
  3.635415E+00   1.008351E-01   7.466371E-03 
  3.639263E+00   1.105724E-01   7.899922E-03 
  3.643111E+00   1.066717E-01   7.869704E-03 
  3.646959E+00   1.053041E-01   7.824018E-03 
  3.650807E+00   1.052819E-01   8.025599E-03 
  3.654655E+00   8.487195E-02   7.099418E-03 
  3.658503E+00   1.035343E-01   8.031215E-03 
  3.662351E+00   1.002818E-01   7.837705E-03 
  3.666199E+00   9.995164E-02   7.889428E-03 
  3.670047E+00   1.055663E-01   8.228972E-03 
  3.673894E+00   1.046906E-01   8.199717E-03 
  3.677742E+00   1.047112E-01   8.402368E-03 
  3.681590E+00   9.399610E-02   8.022250E-03 
  3.685438E+00   1.132863E-01   8.899952E-03 
  3.689286E+00   8.878479E-02   7.825023E-03 
  3.693134E+00   1.073457E-01   8.789628E-03 
  3.696982E+00   9.306626E-02   8.184948E-03 
  3.700830E+00   1.043587E-01   8.824252E-03 
  3.704678E+00   1.084118E-01   8.998522E-03 
  3.708526E+00   1.007681E-01   8.779481E-03 
  3.712374E+00   1.052463E-01   8.971480E-03 
  3.716222E+00   1.165054E-01   9.575786E-03 
  3.720069E+00   9.732064E-02   8.784434E-03 
  3.723917E+00   1.102469E-01   9.466757E-03 
  3.727765E+00   1.000837E-01   9.244474E-03 
  3.731613E+00   1.194626E-01   9.919746E-03 
  3.735461E+00   1.161742E-01   9.953846E-03 
  3.739309E+00   8.615789E-02   8.626804E-03 
  3.743157E+00   1.045231E-01   9.666027E-03 
  3.747005E+00   9.015946E-02   9.022055E-03 
  3.750853E+00   1.152398E-01   1.042109E-02 
  3.754701E+00   9.702491E-02   9.444057E-03 
  3.758549E+00   1.136895E-01   1.062548E-02 
  3.762397E+00   9.776370E-02   9.823533E-03 
  3.766244E+00   1.170498E-01   1.103064E-02 
  3.770092E+00   9.868651E-02   1.004861E-02 
  3.773940E+00   1.146965E-01   1.088468E-02 
  3.777788E+00   1.004630E-01   1.028871E-02 
  3.781636E+00   9.136139E-02   9.871651E-03 
  3.785484E+00   1.032263E-01   1.069503E-02 
  3.789332E+00   1.004023E-01   1.047461E-02 
  3.793180E+00   8.814310E-02   1.010701E-02 
  3.797028E+00   9.860845E-02   1.113669E-02 
  3.800876E+00   1.066204E-01   1.155383E-02 
  3.804724E+00   1.079855E-01   1.164137E-02 
  3.808572E+00   1.038142E-01   1.141872E-02 
  3.812420E+00   8.880951E-02   1.070164E-02 
  3.816267E+00   1.120012E-01   1.225133E-02 
  3.820115E+00   1.198774E-01   1.336887E-02 
  3.823963E+00   8.841859E-02   1.107697E-02 
  3.827811E+00   1.162596E-01   1.291360E-02 
  3.831659E+00   9.859995E-02   1.209716E-02 
  3.835507E+00   1.003849E-01   1.242382E-02 
  3.839355E+00   1.265385E-01   1.401015E-02 
  3.843203E+00   9.624178E-02   1.231541E-02 
  3.847051E+00   1.019543E-01   1.282832E-02 
  3.850899E+00   1.090161E-01   1.365231E-02 
  3.854747E+00   1.126362E-01   1.389453E-02 
  3.858595E+00   1.341489E-01   1.577819E-02 
  3.862442E+00   1.179212E-01   1.468726E-02 
  3.866290E+00   1.353910E-01   1.641186E-02 
  3.870138E+00   8.368387E-02   1.302361E-02 
  3.873986E+00   9.641478E-02   1.376106E-02 
  3.877834E+00   1.059582E-01   1.547474E-02 
  3.881682E+00   1.063280E-01   1.490760E-02 
  3.885530E+00   9.429014E-02   1.504310E-02 
  3.889378E+00   1.407758E-01   1.802450E-02 
  3.893226E+00   1.074393E-01   1.624450E-02 
  3.897074E+00   6.686993E-02   1.273221E-02 
  3.900922E+00   9.373221E-02   1.747627E-02 
  3.904770E+00   9.605441E-02   1.596888E-02 
  3.908617E+00   1.116200E-01   1.815500E-02 
  3.912465E+00   1.221573E-01   1.952061E-02 
  3.916313E+00   1.074176E-01   1.924157E-02 
  3.920161E+00   8.800413E-02   1.763427E-02 