
  7.609070E-02   5.203771E+00   4.151541E-01 
  7.993862E-02   5.508781E+00   2.209050E-01 
  8.378654E-02   5.349399E+00   1.562224E-01 
  8.763446E-02   5.114861E+00   1.422155E-01 
  9.148238E-02   4.452347E+00   1.132848E-01 
  9.533030E-02   4.067873E+00   1.093959E-01 
  9.917822E-02   3.543403E+00   9.918267E-02 
  1.030261E-01   3.138430E+00   9.010466E-02 
  1.068741E-01   2.941561E+00   8.879192E-02 
  1.107220E-01   2.737568E+00   8.602362E-02 
  1.145699E-01   2.397207E+00   7.577770E-02 
  1.184178E-01   2.258575E+00   6.887668E-02 
  1.222657E-01   2.154054E+00   6.982323E-02 
  1.261136E-01   1.955899E+00   6.193111E-02 
  1.299616E-01   1.649489E+00   5.777065E-02 
  1.338095E-01   1.612638E+00   5.914208E-02 
  1.376574E-01   1.485492E+00   5.093066E-02 
  1.415053E-01   1.345895E+00   5.110987E-02 
  1.453532E-01   1.246075E+00   1.116278E+00 
  1.492012E-01   1.285071E+00   4.726328E-02 
  1.530491E-01   1.163445E+00   4.388092E-02 
  1.568970E-01   1.041240E+00   4.233628E-02 
  1.607449E-01   1.091137E+00   4.232957E-02 
  1.645928E-01   1.088659E+00   4.188231E-02 
  1.684407E-01   9.972600E-01   3.929736E-02 
  1.722887E-01   9.147286E-01   3.690341E-02 
  1.761366E-01   8.347276E-01   3.600607E-02 
  1.799845E-01   8.382582E-01   3.481736E-02 
  1.838324E-01   8.043467E-01   3.407077E-02 
  1.876803E-01   8.320145E-01   3.371929E-02 
  1.915283E-01   7.801786E-01   3.341194E-02 
  1.953762E-01   7.419359E-01   3.159986E-02 
  1.992241E-01   6.582260E-01   2.895377E-02 
  2.030720E-01   6.712754E-01   2.968979E-02 
  2.069199E-01   7.401684E-01   3.167905E-02 
  2.107679E-01   6.627205E-01   2.971425E-02 
  2.146158E-01   7.084858E-01   3.125672E-02 
  2.184637E-01   6.280413E-01   2.956885E-02 
  2.223116E-01   6.107968E-01   2.763199E-02 
  2.261595E-01   6.193392E-01   2.840002E-02 
  2.300074E-01   6.357075E-01   2.883959E-02 
  2.338554E-01   5.380644E-01   2.535910E-02 
  2.377033E-01   4.979572E-01   2.448290E-02 
  2.415512E-01   5.587066E-01   7.474668E-01 
  2.453991E-01   5.252939E-01   2.503826E-02 
  2.492470E-01   5.643963E-01   2.631677E-02 
  2.530950E-01   5.155146E-01   2.552358E-02 
  2.569429E-01   4.993572E-01   2.396857E-02 
  2.607908E-01   5.556848E-01   2.598009E-02 
  2.646387E-01   5.206568E-01   2.446418E-02 
  2.684866E-01   4.801495E-01   2.272664E-02 
  2.723345E-01   5.031687E-01   2.377690E-02 
  2.761825E-01   5.180636E-01   2.445736E-02 
  2.800304E-01   4.382707E-01   2.189170E-02 
  2.838783E-01   4.866553E-01   2.266271E-02 
  2.877262E-01   4.546287E-01   2.212684E-02 
  2.915741E-01   4.583795E-01   2.203660E-02 
  2.954221E-01   4.282734E-01   2.173408E-02 
  2.992700E-01   4.976483E-01   2.297381E-02 
  3.031179E-01   4.271752E-01   2.102356E-02 
  3.069658E-01   4.769947E-01   2.254990E-02 
  3.108137E-01   4.673194E-01   2.191167E-02 
  3.146616E-01   4.385804E-01   2.144659E-02 
  3.185096E-01   4.538737E-01   2.123683E-02 
  3.223575E-01   4.201887E-01   2.011415E-02 
  3.262054E-01   4.470438E-01   2.156977E-02 
  3.300533E-01   4.025115E-01   1.981534E-02 
  3.339012E-01   4.143501E-01   2.001084E-02 
  3.377492E-01   4.222196E-01   2.031894E-02 
  3.415971E-01   4.602594E-01   2.109233E-02 
  3.454450E-01   3.967329E-01   1.994649E-02 
  3.492929E-01   3.988229E-01   1.928250E-02 
  3.531408E-01   4.070616E-01   1.957206E-02 
  3.569888E-01   3.953941E-01   1.941209E-02 
  3.608367E-01   4.043418E-01   1.968585E-02 
  3.646846E-01   3.540471E-01   1.821120E-02 
  3.685325E-01   3.395259E-01   1.763707E-02 
  3.723804E-01   4.026354E-01   1.943578E-02 
  3.762283E-01   4.005914E-01   1.931264E-02 
  3.800763E-01   3.719984E-01   1.805145E-02 
  3.839242E-01   3.903033E-01   1.866720E-02 
  3.877721E-01   3.808979E-01   1.844210E-02 
  3.916200E-01   3.931756E-01   1.846694E-02 
  3.954679E-01   3.770744E-01   1.870173E-02 
  3.993159E-01   3.867784E-01   1.856559E-02 
  4.031638E-01   3.743112E-01   1.812462E-02 
  4.070117E-01   3.760462E-01   1.790541E-02 
  4.108596E-01   3.919354E-01   1.800575E-02 
  4.147075E-01   3.694489E-01   1.715162E-02 
  4.185554E-01   3.840348E-01   1.796684E-02 
  4.224034E-01   3.661502E-01   1.732633E-02 
  4.262513E-01   3.440672E-01   1.683395E-02 
  4.300992E-01   3.472837E-01   1.655863E-02 
  4.339471E-01   3.527432E-01   1.704761E-02 
  4.377950E-01   3.493596E-01   1.668804E-02 
  4.416430E-01   3.602299E-01   1.664120E-02 
  4.454909E-01   3.756606E-01   1.728584E-02 
  4.493388E-01   3.967713E-01   1.730908E-02 
  4.531867E-01   3.619455E-01   1.701615E-02 
  4.570346E-01   3.713903E-01   1.671237E-02 
  4.608825E-01   3.544146E-01   1.652534E-02 
  4.647305E-01   3.782679E-01   1.656446E-02 
  4.685784E-01   3.784215E-01   1.723734E-02 
  4.724263E-01   3.719113E-01   1.670872E-02 
  4.762742E-01   3.588879E-01   1.660106E-02 
  4.801221E-01   3.672208E-01   1.645336E-02 
  4.839701E-01   3.819792E-01   1.707360E-02 
  4.878180E-01   3.846045E-01   1.682899E-02 
  4.916659E-01   3.684028E-01   1.633963E-02 
  4.955138E-01   3.801198E-01   1.668065E-02 
  4.993617E-01   3.287077E-01   1.527579E-02 
  5.032097E-01   3.533246E-01   1.631412E-02 
  5.070576E-01   3.445880E-01   1.603319E-02 
  5.109055E-01   3.371299E-01   1.574474E-02 
  5.147534E-01   3.377992E-01   1.550530E-02 
  5.186013E-01   3.455404E-01   1.565289E-02 
  5.224492E-01   3.306026E-01   1.516317E-02 
  5.262972E-01   3.400102E-01   1.489751E-02 
  5.301451E-01   3.326308E-01   1.515092E-02 
  5.339930E-01   3.510383E-01   1.545079E-02 
  5.378409E-01   3.164514E-01   1.457456E-02 
  5.416888E-01   3.394457E-01   1.504460E-02 
  5.455368E-01   3.489505E-01   1.530754E-02 
  5.493847E-01   3.398595E-01   1.499299E-02 
  5.532326E-01   3.392274E-01   1.480948E-02 
  5.570805E-01   3.150417E-01   1.445702E-02 
  5.609284E-01   3.054042E-01   1.394676E-02 
  5.647763E-01   3.430648E-01   1.504427E-02 
  5.686243E-01   3.163101E-01   1.399976E-02 
  5.724722E-01   2.962877E-01   1.367482E-02 
  5.763201E-01   3.164724E-01   1.420726E-02 
  5.801680E-01   3.366610E-01   1.487572E-02 
  5.840159E-01   3.360445E-01   1.459093E-02 
  5.878639E-01   3.341716E-01   1.488319E-02 
  5.917118E-01   3.512330E-01   1.484748E-02 
  5.955597E-01   3.254668E-01   1.426722E-02 
  5.994076E-01   3.117564E-01   1.409230E-02 
  6.032555E-01   3.303407E-01   1.436390E-02 
  6.071034E-01   3.228224E-01   1.385262E-02 
  6.109514E-01   3.400697E-01   1.448467E-02 
  6.147993E-01   3.328559E-01   1.412744E-02 
  6.186472E-01   3.406587E-01   1.435670E-02 
  6.224951E-01   3.357683E-01   1.429308E-02 
  6.263430E-01   3.348291E-01   1.402664E-02 
  6.301910E-01   3.401692E-01   1.421587E-02 
  6.340389E-01   3.205279E-01   1.358616E-02 
  6.378868E-01   3.419768E-01   1.433991E-02 
  6.417347E-01   3.231725E-01   1.370115E-02 
  6.455826E-01   3.038729E-01   1.346773E-02 
  6.494306E-01   3.017712E-01   1.306673E-02 
  6.532785E-01   3.185328E-01   1.354263E-02 
  6.571264E-01   3.179114E-01   1.362128E-02 
  6.609743E-01   3.151478E-01   1.341134E-02 
  6.648222E-01   3.008600E-01   1.311802E-02 
  6.686701E-01   2.904565E-01   1.279703E-02 
  6.725181E-01   2.970424E-01   1.285061E-02 
  6.763660E-01   3.174877E-01   1.325160E-02 
  6.802139E-01   3.171538E-01   1.344693E-02 
  6.840618E-01   3.177428E-01   1.314540E-02 
  6.879097E-01   3.004429E-01   1.285411E-02 
  6.917577E-01   2.840523E-01   1.239420E-02 
  6.956056E-01   3.194435E-01   1.310059E-02 
  6.994535E-01   3.079381E-01   1.304046E-02 
  7.033014E-01   3.095394E-01   1.278418E-02 
  7.071493E-01   3.001041E-01   1.277146E-02 
  7.109972E-01   3.070490E-01   1.286087E-02 
  7.148452E-01   3.144782E-01   1.297196E-02 
  7.186931E-01   3.033945E-01   1.255966E-02 
  7.225410E-01   2.907752E-01   1.225292E-02 
  7.263889E-01   3.110135E-01   1.281388E-02 
  7.302368E-01   3.112350E-01   1.264299E-02 
  7.340848E-01   2.827347E-01   1.221329E-02 
  7.379327E-01   2.812720E-01   1.211962E-02 
  7.417806E-01   2.827493E-01   5.317418E-01 
  7.456285E-01   3.035057E-01   1.250877E-02 
  7.494764E-01   3.094579E-01   1.240128E-02 
  7.533243E-01   2.900699E-01   5.385814E-01 
  7.571723E-01   2.813972E-01   5.304689E-01 
  7.610202E-01   2.998882E-01   1.209619E-02 
  7.648681E-01   2.588032E-01   5.087271E-01 
  7.687160E-01   2.960471E-01   5.441021E-01 
  7.725639E-01   3.283329E-01   1.256946E-02 
  7.764119E-01   2.669231E-01   1.139736E-02 
  7.802598E-01   2.877603E-01   1.188959E-02 
  7.841077E-01   2.915249E-01   1.192779E-02 
  7.879556E-01   3.124843E-01   1.251606E-02 
  7.918035E-01   2.907165E-01   1.197437E-02 
  7.956515E-01   2.677815E-01   5.174761E-01 
  7.994994E-01   3.007467E-01   1.199837E-02 
  8.033473E-01   3.007314E-01   1.180943E-02 
  8.071952E-01   2.941597E-01   1.194073E-02 
  8.110431E-01   3.038326E-01   1.188796E-02 
  8.148910E-01   2.893163E-01   1.159608E-02 
  8.187390E-01   2.921540E-01   5.405127E-01 
  8.225869E-01   3.009537E-01   1.178247E-02 
  8.264348E-01   2.924761E-01   1.191618E-02 
  8.302827E-01   2.799381E-01   1.145710E-02 
  8.341306E-01   2.874146E-01   1.167417E-02 
  8.379786E-01   2.874319E-01   1.155262E-02 
  8.418265E-01   2.737596E-01   1.115704E-02 
  8.456744E-01   2.948438E-01   1.167944E-02 
  8.495223E-01   2.553865E-01   1.088908E-02 
  8.533702E-01   2.720833E-01   1.098096E-02 
  8.572181E-01   2.834231E-01   1.126413E-02 
  8.610661E-01   2.907663E-01   1.152516E-02 
  8.649140E-01   2.856963E-01   1.134290E-02 
  8.687619E-01   2.801662E-01   1.123963E-02 
  8.726098E-01   2.723753E-01   1.097578E-02 
  8.764577E-01   2.677084E-01   5.174054E-01 
  8.803057E-01   2.579004E-01   1.054235E-02 
  8.841536E-01   2.665432E-01   1.076826E-02 
  8.880015E-01   2.889065E-01   1.136848E-02 
  8.918494E-01   2.751078E-01   1.118183E-02 
  8.956973E-01   2.571725E-01   1.053789E-02 
  8.995453E-01   2.536218E-01   1.044889E-02 
  9.033932E-01   2.914536E-01   1.113915E-02 
  9.072411E-01   2.772740E-01   1.105037E-02 
  9.110890E-01   2.931680E-01   1.119678E-02 
  9.149369E-01   2.681160E-01   1.080220E-02 
  9.187848E-01   2.998319E-01   1.128657E-02 
  9.226328E-01   2.786668E-01   1.075614E-02 
  9.264807E-01   2.568967E-01   1.039893E-02 
  9.303286E-01   2.760802E-01   5.254333E-01 
  9.341765E-01   2.684635E-01   5.181347E-01 
  9.380244E-01   2.746728E-01   5.240924E-01 
  9.418724E-01   2.667240E-01   1.058078E-02 
  9.457203E-01   2.442192E-01   4.941854E-01 
  9.495682E-01   2.765793E-01   1.057114E-02 
  9.534161E-01   2.900470E-01   1.113018E-02 
  9.572640E-01   2.550670E-01   1.021275E-02 
  9.611119E-01   2.647915E-01   5.145790E-01 
  9.649599E-01   2.611426E-01   1.032129E-02 
  9.688078E-01   2.706653E-01   1.050439E-02 
  9.726557E-01   2.686740E-01   5.183377E-01 
  9.765036E-01   2.576487E-01   1.005265E-02 
  9.803515E-01   2.591261E-01   1.015745E-02 
  9.841995E-01   2.781234E-01   1.059835E-02 
  9.880474E-01   2.465710E-01   9.972825E-03 
  9.918953E-01   2.736967E-01   1.049678E-02 
  9.957432E-01   2.811531E-01   1.056836E-02 
  9.995911E-01   2.667394E-01   1.018160E-02 
  1.003439E+00   2.550476E-01   9.896237E-03 
  1.007287E+00   2.540819E-01   9.962437E-03 
  1.011135E+00   2.637173E-01   5.135341E-01 
  1.014983E+00   2.458786E-01   9.705069E-03 
  1.018831E+00   2.718736E-01   1.005704E-02 
  1.022679E+00   2.472296E-01   9.767351E-03 
  1.026527E+00   2.676556E-01   1.213302E-02 
  1.030374E+00   2.687321E-01   1.235040E-02 
  1.034222E+00   2.555389E-01   9.902979E-03 
  1.038070E+00   2.749989E-01   1.036581E-02 
  1.041918E+00   2.744780E-01   1.016684E-02 
  1.045766E+00   2.592748E-01   9.845403E-03 
  1.049614E+00   2.543981E-01   9.801690E-03 
  1.053462E+00   2.508391E-01   9.680423E-03 
  1.057310E+00   2.362465E-01   9.270485E-03 
  1.061158E+00   2.475291E-01   9.651727E-03 
  1.065006E+00   2.503742E-01   9.661250E-03 
  1.068854E+00   2.617331E-01   9.775966E-03 
  1.072702E+00   2.289509E-01   9.281834E-03 
  1.076549E+00   2.439948E-01   9.691618E-03 
  1.080397E+00   2.448443E-01   9.637829E-03 
  1.084245E+00   2.470235E-01   9.385761E-03 
  1.088093E+00   2.583603E-01   9.747194E-03 
  1.091941E+00   2.423115E-01   4.922514E-01 
  1.095789E+00   2.388738E-01   9.242263E-03 
  1.099637E+00   2.410258E-01   9.283927E-03 
  1.103485E+00   2.359843E-01   9.221158E-03 
  1.107333E+00   2.162913E-01   4.650712E-01 
  1.111181E+00   2.511316E-01   9.539350E-03 
  1.115029E+00   2.295432E-01   9.096718E-03 
  1.118877E+00   2.315197E-01   9.094783E-03 
  1.122725E+00   2.402861E-01   9.467215E-03 
  1.126572E+00   2.318445E-01   4.815023E-01 
  1.130420E+00   2.320064E-01   9.035536E-03 
  1.134268E+00   2.425846E-01   9.252275E-03 
  1.138116E+00   2.227537E-01   8.791346E-03 
  1.141964E+00   2.373587E-01   9.113602E-03 
  1.145812E+00   2.300708E-01   8.960204E-03 
  1.149660E+00   2.473120E-01   9.353020E-03 
  1.153508E+00   2.354673E-01   8.928012E-03 
  1.157356E+00   2.337966E-01   9.102154E-03 
  1.161204E+00   2.362726E-01   9.096009E-03 
  1.165052E+00   2.468652E-01   9.126891E-03 
  1.168900E+00   2.411305E-01   9.106199E-03 
  1.172747E+00   2.423398E-01   9.151686E-03 
  1.176595E+00   2.325131E-01   8.820193E-03 
  1.180443E+00   2.363456E-01   8.990094E-03 
  1.184291E+00   2.169887E-01   8.669172E-03 
  1.188139E+00   2.204667E-01   8.558102E-03 
  1.191987E+00   2.279621E-01   8.692858E-03 
  1.195835E+00   2.110590E-01   8.466357E-03 
  1.199683E+00   2.285203E-01   8.789920E-03 
  1.203531E+00   2.327299E-01   8.774825E-03 
  1.207379E+00   2.154047E-01   8.483820E-03 
  1.211227E+00   2.282718E-01   8.742760E-03 
  1.215075E+00   2.299665E-01   8.840676E-03 
  1.218922E+00   2.184939E-01   8.399371E-03 
  1.222770E+00   2.274099E-01   8.626006E-03 
  1.226618E+00   2.238987E-01   8.589543E-03 
  1.230466E+00   2.193248E-01   8.436018E-03 
  1.234314E+00   2.268448E-01   8.531429E-03 
  1.238162E+00   2.121146E-01   8.306891E-03 
  1.242010E+00   2.111513E-01   8.216244E-03 
  1.245858E+00   2.003193E-01   8.017995E-03 
  1.249706E+00   2.111805E-01   8.312718E-03 
  1.253554E+00   2.250673E-01   8.504849E-03 
  1.257402E+00   2.184959E-01   8.371212E-03 
  1.261250E+00   2.207764E-01   8.412611E-03 
  1.265098E+00   2.191374E-01   8.296646E-03 
  1.268945E+00   2.304834E-01   8.607262E-03 
  1.272793E+00   2.053115E-01   4.531131E-01 
  1.276641E+00   2.142214E-01   8.158797E-03 
  1.280489E+00   2.150168E-01   8.253299E-03 
  1.284337E+00   2.082869E-01   8.153101E-03 
  1.288185E+00   2.268972E-01   8.464307E-03 
  1.292033E+00   2.109469E-01   8.632810E-03 
  1.295881E+00   2.090365E-01   8.003870E-03 
  1.299729E+00   2.204578E-01   8.224049E-03 
  1.303577E+00   1.888171E-01   7.724223E-03 
  1.307425E+00   2.215665E-01   8.288162E-03 
  1.311273E+00   1.942556E-01   7.779116E-03 
  1.315120E+00   2.245686E-01   8.308240E-03 
  1.318968E+00   2.080717E-01   7.917575E-03 
  1.322816E+00   2.038439E-01   7.857573E-03 
  1.326664E+00   2.138893E-01   8.079582E-03 
  1.330512E+00   2.118937E-01   8.044754E-03 
  1.334360E+00   1.996482E-01   7.769329E-03 
  1.338208E+00   2.075198E-01   7.879840E-03 
  1.342056E+00   2.067647E-01   7.804435E-03 
  1.345904E+00   2.151046E-01   8.115773E-03 
  1.349752E+00   2.119504E-01   7.978161E-03 
  1.353600E+00   2.099521E-01   8.014781E-03 
  1.357448E+00   2.119435E-01   7.927564E-03 
  1.361295E+00   2.008114E-01   7.834162E-03 
  1.365143E+00   2.128465E-01   7.892625E-03 
  1.368991E+00   1.914618E-01   7.533710E-03 
  1.372839E+00   2.014639E-01   7.883656E-03 
  1.376687E+00   2.173705E-01   7.945562E-03 
  1.380535E+00   2.000731E-01   7.726097E-03 
  1.384383E+00   1.928242E-01   7.462070E-03 
  1.388231E+00   2.043268E-01   7.821918E-03 
  1.392079E+00   2.135876E-01   7.930443E-03 
  1.395927E+00   2.030401E-01   7.685778E-03 
  1.399775E+00   2.156246E-01   7.945562E-03 
  1.403623E+00   2.134420E-01   7.770689E-03 
  1.407470E+00   2.154574E-01   7.842554E-03 
  1.411318E+00   2.013949E-01   7.652036E-03 
  1.415166E+00   2.111293E-01   7.855425E-03 
  1.419014E+00   1.948419E-01   7.511556E-03 
  1.422862E+00   1.909258E-01   7.340145E-03 
  1.426710E+00   1.939113E-01   7.470449E-03 
  1.430558E+00   1.968272E-01   7.582464E-03 
  1.434406E+00   1.859003E-01   4.311616E-01 
  1.438254E+00   2.117378E-01   7.725330E-03 
  1.442102E+00   1.897605E-01   4.356151E-01 
  1.445950E+00   1.910020E-01   4.370377E-01 
  1.449798E+00   1.998762E-01   7.506477E-03 
  1.453646E+00   1.937385E-01   4.401574E-01 
  1.457493E+00   1.907882E-01   4.367930E-01 
  1.461341E+00   2.072325E-01   7.635932E-03 
  1.465189E+00   1.866272E-01   7.234710E-03 
  1.469037E+00   1.959494E-01   7.407503E-03 
  1.472885E+00   2.070307E-01   7.665902E-03 
  1.476733E+00   1.965836E-01   7.402026E-03 
  1.480581E+00   1.962697E-01   7.320183E-03 
  1.484429E+00   1.853043E-01   7.153303E-03 
  1.488277E+00   1.928222E-01   7.229846E-03 
  1.492125E+00   2.003760E-01   7.414761E-03 
  1.495973E+00   1.969692E-01   7.307973E-03 
  1.499821E+00   1.898557E-01   7.203640E-03 
  1.503668E+00   2.006145E-01   7.361596E-03 
  1.507516E+00   1.872810E-01   7.113947E-03 
  1.511364E+00   1.805725E-01   6.923868E-03 
  1.515212E+00   2.030434E-01   7.358247E-03 
  1.519060E+00   2.022035E-01   7.369093E-03 
  1.522908E+00   1.777436E-01   6.920115E-03 
  1.526756E+00   1.909283E-01   7.257972E-03 
  1.530604E+00   1.743193E-01   6.878773E-03 
  1.534452E+00   1.784132E-01   6.893375E-03 
  1.538300E+00   1.756135E-01   6.755874E-03 
  1.542148E+00   1.870860E-01   7.062353E-03 
  1.545996E+00   1.814900E-01   6.954448E-03 
  1.549843E+00   1.955361E-01   7.175592E-03 
  1.553691E+00   1.888870E-01   7.062562E-03 
  1.557539E+00   1.809489E-01   6.962377E-03 
  1.561387E+00   1.858559E-01   7.016670E-03 
  1.565235E+00   1.865168E-01   6.937264E-03 
  1.569083E+00   1.811704E-01   6.802184E-03 
  1.572931E+00   1.862908E-01   6.938516E-03 
  1.576779E+00   1.827375E-01   6.926648E-03 
  1.580627E+00   1.880904E-01   6.981617E-03 
  1.584475E+00   1.765145E-01   6.693121E-03 
  1.588323E+00   1.765208E-01   6.758615E-03 
  1.592171E+00   1.983405E-01   7.086971E-03 
  1.596018E+00   1.770836E-01   6.810440E-03 
  1.599866E+00   1.709716E-01   6.585578E-03 
  1.603714E+00   1.917079E-01   7.081519E-03 
  1.607562E+00   1.871243E-01   6.830084E-03 
  1.611410E+00   1.856163E-01   6.895515E-03 
  1.615258E+00   1.841533E-01   6.833017E-03 
  1.619106E+00   1.908492E-01   6.938600E-03 
  1.622954E+00   1.860199E-01   6.764532E-03 
  1.626802E+00   1.871266E-01   6.851551E-03 
  1.630650E+00   1.801009E-01   6.757316E-03 
  1.634498E+00   1.828954E-01   6.795201E-03 
  1.638346E+00   1.874579E-01   6.921562E-03 
  1.642194E+00   1.940997E-01   7.075885E-03 
  1.646041E+00   1.852614E-01   7.014714E-03 
  1.649889E+00   1.928664E-01   7.207073E-03 
  1.653737E+00   1.788302E-01   6.942501E-03 
  1.657585E+00   1.797195E-01   4.239334E-01 
  1.661433E+00   1.847691E-01   7.084784E-03 
  1.665281E+00   1.718616E-01   6.819854E-03 
  1.669129E+00   1.724969E-01   4.153275E-01 
  1.672977E+00   1.752514E-01   4.186304E-01 
  1.676825E+00   1.735752E-01   4.166235E-01 
  1.680673E+00   1.740132E-01   7.087667E-03 
  1.684521E+00   1.671309E-01   6.860649E-03 
  1.688369E+00   1.919694E-01   7.451418E-03 
  1.692216E+00   1.704141E-01   6.957089E-03 
  1.696064E+00   1.640978E-01   4.050899E-01 
  1.699912E+00   1.917633E-01   4.379078E-01 
  1.703760E+00   1.863671E-01   7.237322E-03 
  1.707608E+00   1.734855E-01   7.066224E-03 
  1.711456E+00   1.755196E-01   7.090936E-03 
  1.715304E+00   1.821428E-01   7.316399E-03 
  1.719152E+00   1.818607E-01   7.485361E-03 
  1.723000E+00   1.830751E-01   7.761292E-03 
  1.726848E+00   1.754070E-01   7.472541E-03 
  1.730696E+00   1.741310E-01   7.565562E-03 
  1.734544E+00   1.785599E-01   7.587828E-03 
  1.738391E+00   1.829800E-01   7.812422E-03 
  1.742239E+00   1.851859E-01   7.854802E-03 
  1.746087E+00   1.827379E-01   7.925445E-03 
  1.749935E+00   1.792249E-01   7.741120E-03 
  1.753783E+00   1.833180E-01   7.816136E-03 
  1.757631E+00   1.715619E-01   7.765231E-03 
  1.761479E+00   1.756545E-01   7.837705E-03 
  1.765327E+00   1.739564E-01   7.745358E-03 
  1.769175E+00   1.882109E-01   8.185975E-03 
  1.773023E+00   1.689850E-01   7.494802E-03 
  1.776871E+00   1.813668E-01   7.830525E-03 
  1.780719E+00   1.724141E-01   7.423298E-03 
  1.784566E+00   1.713779E-01   7.444836E-03 
  1.788414E+00   1.799630E-01   7.545372E-03 
  1.792262E+00   1.797961E-01   7.609039E-03 
  1.796110E+00   1.592170E-01   7.047284E-03 
  1.799958E+00   1.657554E-01   7.238093E-03 
  1.803806E+00   1.728598E-01   7.377830E-03 
  1.807654E+00   1.724950E-01   7.299955E-03 
  1.811502E+00   1.649182E-01   7.239787E-03 
  1.815350E+00   1.640601E-01   7.155068E-03 
  1.819198E+00   1.650519E-01   7.114941E-03 
  1.823046E+00   1.709302E-01   7.189116E-03 
  1.826894E+00   1.631871E-01   7.045424E-03 
  1.830742E+00   1.648956E-01   4.060734E-01 
  1.834589E+00   1.730213E-01   7.306767E-03 
  1.838437E+00   1.824300E-01   7.473340E-03 
  1.842285E+00   1.762705E-01   7.336269E-03 
  1.846133E+00   1.682812E-01   7.209704E-03 
  1.849981E+00   1.726298E-01   7.220645E-03 
  1.853829E+00   1.676903E-01   4.095000E-01 
  1.857677E+00   1.702050E-01   4.125591E-01 
  1.861525E+00   1.754786E-01   4.189017E-01 
  1.865373E+00   1.647258E-01   4.058643E-01 
  1.869221E+00   1.708701E-01   7.106559E-03 
  1.873069E+00   1.709285E-01   6.997654E-03 
  1.876917E+00   1.739235E-01   7.203132E-03 
  1.880764E+00   1.729810E-01   7.210625E-03 
  1.884612E+00   1.608224E-01   6.879518E-03 
  1.888460E+00   1.734573E-01   7.099503E-03 
  1.892308E+00   1.554977E-01   6.818581E-03 
  1.896156E+00   1.714011E-01   7.040631E-03 
  1.900004E+00   1.780403E-01   7.352985E-03 
  1.903852E+00   1.755990E-01   7.444183E-03 
  1.907700E+00   1.721922E-01   7.339298E-03 
  1.911548E+00   1.562680E-01   7.024045E-03 
  1.915396E+00   1.647402E-01   7.268329E-03 
  1.919244E+00   1.624560E-01   7.269315E-03 
  1.923092E+00   1.599103E-01   7.078191E-03 
  1.926939E+00   1.777442E-01   7.675744E-03 
  1.930787E+00   1.620992E-01   7.300053E-03 
  1.934635E+00   1.570158E-01   7.188161E-03 
  1.938483E+00   1.694879E-01   7.366314E-03 
  1.942331E+00   1.622429E-01   7.249371E-03 
  1.946179E+00   1.641706E-01   7.370397E-03 
  1.950027E+00   1.622679E-01   7.331641E-03 
  1.953875E+00   1.501606E-01   7.055090E-03 
  1.957723E+00   1.601082E-01   7.246544E-03 
  1.961571E+00   1.604820E-01   7.224769E-03 
  1.965419E+00   1.603152E-01   7.296751E-03 
  1.969267E+00   1.690623E-01   7.603615E-03 
  1.973114E+00   1.636493E-01   7.500645E-03 
  1.976962E+00   1.667025E-01   7.457086E-03 
  1.980810E+00   1.618944E-01   7.355479E-03 
  1.984658E+00   1.662718E-01   7.445478E-03 
  1.988506E+00   1.602331E-01   7.383084E-03 
  1.992354E+00   1.623668E-01   7.364003E-03 
  1.996202E+00   1.610828E-01   7.425488E-03 
  2.000050E+00   1.595635E-01   3.994540E-01 
  2.003898E+00   1.521446E-01   3.900572E-01 
  2.007746E+00   1.553058E-01   7.174798E-03 
  2.011594E+00   1.518004E-01   7.153265E-03 
  2.015442E+00   1.525138E-01   7.209045E-03 
  2.019290E+00   1.713451E-01   7.609644E-03 
  2.023137E+00   1.568025E-01   7.339495E-03 
  2.026985E+00   1.638573E-01   7.375693E-03 
  2.030833E+00   1.661045E-01   7.566963E-03 
  2.034681E+00   1.645592E-01   7.465641E-03 
  2.038529E+00   1.645109E-01   7.453852E-03 
  2.042377E+00   1.577051E-01   7.359888E-03 
  2.046225E+00   1.503216E-01   7.123215E-03 
  2.050073E+00   1.632296E-01   7.526929E-03 
  2.053921E+00   1.631284E-01   7.540342E-03 
  2.057769E+00   1.583792E-01   7.394808E-03 
  2.061617E+00   1.637448E-01   7.518555E-03 
  2.065465E+00   1.526865E-01   7.231623E-03 
  2.069312E+00   1.568935E-01   7.331154E-03 
  2.073160E+00   1.554638E-01   7.401685E-03 
  2.077008E+00   1.472186E-01   7.148202E-03 
  2.080856E+00   1.590471E-01   7.407288E-03 
  2.084704E+00   1.560299E-01   7.455051E-03 
  2.088552E+00   1.648932E-01   7.641839E-03 
  2.092400E+00   1.526124E-01   7.253947E-03 
  2.096248E+00   1.510357E-01   7.375717E-03 
  2.100096E+00   1.618879E-01   7.628633E-03 
  2.103944E+00   1.420453E-01   7.063834E-03 
  2.107792E+00   1.572510E-01   7.353212E-03 
  2.111640E+00   1.726805E-01   7.659214E-03 
  2.115487E+00   1.524110E-01   7.282747E-03 
  2.119335E+00   1.687692E-01   7.609369E-03 
  2.123183E+00   1.614243E-01   7.429073E-03 
  2.127031E+00   1.538255E-01   7.329204E-03 
  2.130879E+00   1.739691E-01   7.809112E-03 
  2.134727E+00   1.555936E-01   7.441679E-03 
  2.138575E+00   1.658322E-01   7.664980E-03 
  2.142423E+00   1.474105E-01   3.839407E-01 
  2.146271E+00   1.495821E-01   7.292552E-03 
  2.150119E+00   1.692448E-01   7.726069E-03 
  2.153967E+00   1.578845E-01   7.470015E-03 
  2.157815E+00   1.573803E-01   7.433362E-03 
  2.161662E+00   1.542773E-01   7.329247E-03 
  2.165510E+00   1.665199E-01   7.641713E-03 
  2.169358E+00   1.564053E-01   7.537339E-03 
  2.173206E+00   1.639698E-01   7.691075E-03 
  2.177054E+00   1.503090E-01   7.218030E-03 
  2.180902E+00   1.567257E-01   7.566371E-03 
  2.184750E+00   1.467531E-01   7.171516E-03 
  2.188598E+00   1.565713E-01   7.447029E-03 
  2.192446E+00   1.522323E-01   7.328894E-03 
  2.196294E+00   1.568702E-01   7.550586E-03 
  2.200142E+00   1.476346E-01   7.277178E-03 
  2.203990E+00   1.630903E-01   7.602764E-03 
  2.207838E+00   1.494220E-01   7.345838E-03 
  2.211685E+00   1.400932E-01   7.143736E-03 
  2.215533E+00   1.563703E-01   7.427990E-03 
  2.219381E+00   1.609491E-01   7.681329E-03 
  2.223229E+00   1.379014E-01   7.083712E-03 
  2.227077E+00   1.621316E-01   7.624637E-03 
  2.230925E+00   1.712983E-01   7.741492E-03 
  2.234773E+00   1.612804E-01   7.617001E-03 
  2.238621E+00   1.573238E-01   7.518421E-03 
  2.242469E+00   1.601010E-01   7.626998E-03 
  2.246317E+00   1.684686E-01   7.776072E-03 
  2.250165E+00   1.557933E-01   7.443777E-03 
  2.254013E+00   1.552046E-01   7.484548E-03 
  2.257860E+00   1.566666E-01   7.506431E-03 
  2.261708E+00   1.504699E-01   7.377392E-03 
  2.265556E+00   1.570391E-01   7.591936E-03 
  2.269404E+00   1.517882E-01   3.896000E-01 
  2.273252E+00   1.525367E-01   7.408915E-03 
  2.277100E+00   1.569587E-01   7.439176E-03 
  2.280948E+00   1.659038E-01   7.781787E-03 
  2.284796E+00   1.570177E-01   7.463183E-03 
  2.288644E+00   1.474902E-01   7.297758E-03 
  2.292492E+00   1.471139E-01   7.356417E-03 
  2.296340E+00   1.497840E-01   7.376769E-03 
  2.300188E+00   1.609542E-01   7.659938E-03 
  2.304035E+00   1.610957E-01   7.629312E-03 
  2.307883E+00   1.638780E-01   7.735085E-03 
  2.311731E+00   1.541767E-01   7.455712E-03 
  2.315579E+00   1.465120E-01   7.290518E-03 
  2.319427E+00   1.534478E-01   7.460801E-03 
  2.323275E+00   1.500985E-01   7.509516E-03 
  2.327123E+00   1.568845E-01   7.556782E-03 
  2.330971E+00   1.483911E-01   7.364434E-03 
  2.334819E+00   1.463029E-01   7.397370E-03 
  2.338667E+00   1.607765E-01   7.627605E-03 
  2.342515E+00   1.556686E-01   7.539641E-03 
  2.346363E+00   1.600546E-01   7.609293E-03 
  2.350211E+00   1.561044E-01   3.951006E-01 
  2.354058E+00   1.601907E-01   7.713891E-03 
  2.357906E+00   1.551031E-01   7.576944E-03 
  2.361754E+00   1.621341E-01   7.668337E-03 
  2.365602E+00   1.558318E-01   3.947553E-01 
  2.369450E+00   1.459731E-01   3.820643E-01 
  2.373298E+00   1.512836E-01   7.396600E-03 
  2.377146E+00   1.496381E-01   7.355567E-03 
  2.380994E+00   1.482996E-01   3.850969E-01 
  2.384842E+00   1.476294E-01   7.271753E-03 
  2.388690E+00   1.508531E-01   3.883981E-01 
  2.392538E+00   1.307904E-01   6.886056E-03 
  2.396386E+00   1.549452E-01   3.936308E-01 
  2.400233E+00   1.488530E-01   7.375780E-03 
  2.404081E+00   1.569806E-01   7.445480E-03 
  2.407929E+00   1.570551E-01   7.486022E-03 
  2.411777E+00   1.492410E-01   7.360060E-03 
  2.415625E+00   1.570022E-01   7.507977E-03 
  2.419473E+00   1.388408E-01   7.003502E-03 
  2.423321E+00   1.530979E-01   7.379318E-03 
  2.427169E+00   1.467066E-01   7.250335E-03 
  2.431017E+00   1.638578E-01   7.701816E-03 
  2.434865E+00   1.473018E-01   3.837992E-01 
  2.438713E+00   1.581472E-01   7.516127E-03 
  2.442561E+00   1.448898E-01   7.175565E-03 
  2.446408E+00   1.543664E-01   7.424444E-03 
  2.450256E+00   1.602802E-01   7.589410E-03 
  2.454104E+00   1.651176E-01   7.654793E-03 
  2.457952E+00   1.460010E-01   7.074941E-03 
  2.461800E+00   1.525376E-01   7.336276E-03 
  2.465648E+00   1.465310E-01   7.197840E-03 
  2.469496E+00   1.542479E-01   7.367847E-03 
  2.473344E+00   1.769323E-01   8.010666E-03 
  2.477192E+00   1.517503E-01   7.306764E-03 
  2.481040E+00   1.495642E-01   7.375197E-03 
  2.484888E+00   1.417980E-01   7.094921E-03 
  2.488736E+00   1.497425E-01   7.243318E-03 
  2.492583E+00   1.416833E-01   7.086696E-03 
  2.496431E+00   1.282228E-01   6.605582E-03 
  2.500279E+00   1.547331E-01   7.363437E-03 
  2.504127E+00   1.491554E-01   3.862064E-01 
  2.507975E+00   1.446148E-01   7.215485E-03 
  2.511823E+00   1.496542E-01   7.268587E-03 
  2.515671E+00   1.524374E-01   7.241296E-03 
  2.519519E+00   1.428668E-01   7.149660E-03 
  2.523367E+00   1.558754E-01   7.349052E-03 
  2.527215E+00   1.363097E-01   6.946602E-03 
  2.531063E+00   1.495809E-01   7.174985E-03 
  2.534911E+00   1.561303E-01   7.311180E-03 
  2.538759E+00   1.585464E-01   7.401451E-03 
  2.542606E+00   1.558706E-01   7.323366E-03 
  2.546454E+00   1.467315E-01   7.254072E-03 
  2.550302E+00   1.507475E-01   3.882622E-01 
  2.554150E+00   1.540516E-01   7.418715E-03 
  2.557998E+00   1.393037E-01   6.918392E-03 
  2.561846E+00   1.421577E-01   7.013865E-03 
  2.565694E+00   1.538380E-01   7.263527E-03 
  2.569542E+00   1.496162E-01   7.311196E-03 
  2.573390E+00   1.570047E-01   7.241003E-03 
  2.577238E+00   1.556771E-01   7.213652E-03 
  2.581086E+00   1.496145E-01   7.111952E-03 
  2.584934E+00   1.525138E-01   7.144160E-03 
  2.588781E+00   1.513559E-01   7.188474E-03 
  2.592629E+00   1.540409E-01   7.234048E-03 
  2.596477E+00   1.427365E-01   6.990869E-03 
  2.600325E+00   1.436368E-01   6.969695E-03 
  2.604173E+00   1.594927E-01   7.523461E-03 
  2.608021E+00   1.518845E-01   7.164419E-03 
  2.611869E+00   1.551794E-01   7.309373E-03 
  2.615717E+00   1.489204E-01   7.180478E-03 
  2.619565E+00   1.553364E-01   7.407531E-03 
  2.623413E+00   1.333419E-01   6.828966E-03 
  2.627261E+00   1.558013E-01   7.294911E-03 
  2.631109E+00   1.501355E-01   7.195981E-03 
  2.634956E+00   1.418249E-01   3.765965E-01 
  2.638804E+00   1.499288E-01   3.872064E-01 
  2.642652E+00   1.440991E-01   3.796038E-01 
  2.646500E+00   1.459747E-01   7.245929E-03 
  2.650348E+00   1.462835E-01   7.018194E-03 
  2.654196E+00   1.634910E-01   7.421475E-03 
  2.658044E+00   1.507880E-01   7.177712E-03 
  2.661892E+00   1.522470E-01   7.186111E-03 
  2.665740E+00   1.453992E-01   3.813125E-01 
  2.669588E+00   1.512338E-01   7.299743E-03 
  2.673436E+00   1.485827E-01   3.854643E-01 
  2.677284E+00   1.503601E-01   3.877630E-01 
  2.681131E+00   1.464109E-01   3.826367E-01 
  2.684979E+00   1.578541E-01   3.973085E-01 
  2.688827E+00   1.656817E-01   7.637623E-03 
  2.692675E+00   1.530231E-01   7.173549E-03 
  2.696523E+00   1.566539E-01   7.349819E-03 
  2.700371E+00   1.579066E-01   7.364668E-03 
  2.704219E+00   1.477758E-01   7.131117E-03 
  2.708067E+00   1.602784E-01   7.485779E-03 
  2.711915E+00   1.425054E-01   3.774989E-01 
  2.715763E+00   1.371439E-01   3.703294E-01 
  2.719611E+00   1.531512E-01   3.913454E-01 
  2.723459E+00   1.462307E-01   7.033380E-03 
  2.727307E+00   1.284999E-01   3.584688E-01 
  2.731154E+00   1.470772E-01   7.138687E-03 
  2.735002E+00   1.572005E-01   7.343155E-03 
  2.738850E+00   1.398470E-01   6.958861E-03 
  2.742698E+00   1.557446E-01   7.356919E-03 
  2.746546E+00   1.499288E-01   7.171371E-03 
  2.750394E+00   1.407697E-01   6.980083E-03 
  2.754242E+00   1.444705E-01   7.065047E-03 
  2.758090E+00   1.436672E-01   7.152060E-03 
  2.761938E+00   1.456358E-01   7.160717E-03 
  2.765786E+00   1.484609E-01   3.853062E-01 
  2.769634E+00   1.282552E-01   6.585114E-03 
  2.773482E+00   1.390562E-01   3.729024E-01 
  2.777329E+00   1.470036E-01   7.085036E-03 
  2.781177E+00   1.473982E-01   7.197058E-03 
  2.785025E+00   1.503408E-01   7.158405E-03 
  2.788873E+00   1.639768E-01   7.454136E-03 
  2.792721E+00   1.461297E-01   7.138820E-03 
  2.796569E+00   1.533538E-01   7.267239E-03 
  2.800417E+00   1.498615E-01   7.188003E-03 
  2.804265E+00   1.476396E-01   7.218542E-03 
  2.808113E+00   1.521682E-01   7.234361E-03 
  2.811961E+00   1.344811E-01   6.783585E-03 
  2.815809E+00   1.330775E-01   6.856004E-03 
  2.819657E+00   1.492872E-01   7.143449E-03 
  2.823504E+00   1.383807E-01   6.941734E-03 
  2.827352E+00   1.465190E-01   7.127380E-03 
  2.831200E+00   1.559810E-01   7.329102E-03 
  2.835048E+00   1.538525E-01   7.335639E-03 
  2.838896E+00   1.640016E-01   7.620217E-03 
  2.842744E+00   1.490227E-01   7.204474E-03 
  2.846592E+00   1.516681E-01   7.227796E-03 
  2.850440E+00   1.404317E-01   6.922757E-03 
  2.854288E+00   1.520159E-01   7.307480E-03 
  2.858136E+00   1.654479E-01   7.560497E-03 
  2.861984E+00   1.443726E-01   7.054796E-03 
  2.865832E+00   1.484759E-01   7.199612E-03 
  2.869679E+00   1.426242E-01   7.025166E-03 
  2.873527E+00   1.312765E-01   6.803687E-03 
  2.877375E+00   1.533900E-01   7.349620E-03 
  2.881223E+00   1.537131E-01   7.345867E-03 
  2.885071E+00   1.458903E-01   7.119762E-03 
  2.888919E+00   1.639242E-01   7.483308E-03 
  2.892767E+00   1.446996E-01   7.152077E-03 
  2.896615E+00   1.490884E-01   7.204724E-03 
  2.900463E+00   1.420436E-01   7.095936E-03 
  2.904311E+00   1.409819E-01   7.023876E-03 
  2.908159E+00   1.374696E-01   6.888340E-03 
  2.912007E+00   1.570497E-01   7.480552E-03 
  2.915855E+00   1.570445E-01   7.405862E-03 
  2.919702E+00   1.429729E-01   7.136790E-03 
  2.923550E+00   1.415659E-01   7.065646E-03 
  2.927398E+00   1.518461E-01   7.308279E-03 
  2.931246E+00   1.516681E-01   7.287344E-03 
  2.935094E+00   1.446258E-01   7.140070E-03 
  2.938942E+00   1.501733E-01   7.209580E-03 
  2.942790E+00   1.531914E-01   7.242949E-03 
  2.946638E+00   1.378098E-01   7.057902E-03 
  2.950486E+00   1.482611E-01   7.206164E-03 
  2.954334E+00   1.491946E-01   7.291768E-03 
  2.958182E+00   1.479227E-01   3.846072E-01 
  2.962030E+00   1.446203E-01   3.802897E-01 
  2.965877E+00   1.570701E-01   7.396071E-03 
  2.969725E+00   1.541209E-01   3.925823E-01 
  2.973573E+00   1.524880E-01   3.904971E-01 
  2.977421E+00   1.500220E-01   3.873267E-01 
  2.981269E+00   1.381623E-01   3.717019E-01 
  2.985117E+00   1.602347E-01   7.438446E-03 
  2.988965E+00   1.550801E-01   7.371519E-03 
  2.992813E+00   1.474729E-01   3.840221E-01 
  2.996661E+00   1.495642E-01   7.256136E-03 
  3.000509E+00   1.528687E-01   7.428546E-03 
  3.004357E+00   1.395209E-01   6.947509E-03 
  3.008205E+00   1.555609E-01   7.340166E-03 
  3.012052E+00   1.596655E-01   7.458259E-03 
  3.015900E+00   1.463895E-01   7.083833E-03 
  3.019748E+00   1.553686E-01   7.349898E-03 
  3.023596E+00   1.484609E-01   7.263145E-03 
  3.027444E+00   1.393040E-01   3.732345E-01 
  3.031292E+00   1.355664E-01   3.681934E-01 
  3.035140E+00   1.436894E-01   7.098492E-03 
  3.038988E+00   1.341337E-01   6.918496E-03 
  3.042836E+00   1.541896E-01   7.407757E-03 
  3.046684E+00   1.479485E-01   7.095648E-03 
  3.050532E+00   1.425108E-01   7.131909E-03 
  3.054380E+00   1.418082E-01   7.006623E-03 
  3.058227E+00   1.440516E-01   7.104762E-03 
  3.062075E+00   1.456759E-01   7.057562E-03 
  3.065923E+00   1.440516E-01   7.163029E-03 
  3.069771E+00   1.507470E-01   7.231421E-03 
  3.073619E+00   1.534271E-01   7.426976E-03 
  3.077467E+00   1.538255E-01   3.922060E-01 
  3.081315E+00   1.444857E-01   7.078999E-03 
  3.085163E+00   1.522605E-01   7.255043E-03 
  3.089011E+00   1.469511E-01   7.222954E-03 
  3.092859E+00   1.410788E-01   7.128035E-03 
  3.096707E+00   1.367664E-01   7.065513E-03 
  3.100555E+00   1.552070E-01   7.464661E-03 
  3.104403E+00   1.508716E-01   7.210245E-03 
  3.108250E+00   1.524862E-01   3.904949E-01 
  3.112098E+00   1.501175E-01   7.308828E-03 
  3.115946E+00   1.472166E-01   3.836881E-01 
  3.119794E+00   1.491779E-01   3.862355E-01 
  3.123642E+00   1.447395E-01   7.084668E-03 
  3.127490E+00   1.379236E-01   3.713807E-01 
  3.131338E+00   1.429845E-01   3.781330E-01 
  3.135186E+00   1.431037E-01   3.782905E-01 
  3.139034E+00   1.398028E-01   3.739021E-01 
  3.142882E+00   1.323490E-01   3.637980E-01 
  3.146730E+00   1.497060E-01   7.405681E-03 
  3.150578E+00   1.372809E-01   6.912906E-03 
  3.154425E+00   1.554989E-01   7.401541E-03 
  3.158273E+00   1.625503E-01   7.531140E-03 
  3.162121E+00   1.408581E-01   3.753107E-01 
  3.165969E+00   1.656322E-01   7.600052E-03 
  3.169817E+00   1.493868E-01   7.348595E-03 
  3.173665E+00   1.472286E-01   7.196131E-03 
  3.177513E+00   1.535272E-01   7.357211E-03 
  3.181361E+00   1.554335E-01   7.371922E-03 
  3.185209E+00   1.427513E-01   7.097137E-03 
  3.189057E+00   1.534444E-01   3.917199E-01 
  3.192905E+00   1.592002E-01   7.560135E-03 
  3.196753E+00   1.547635E-01   7.356588E-03 
  3.200600E+00   1.545027E-01   7.355890E-03 
  3.204448E+00   1.385915E-01   6.988051E-03 
  3.208296E+00   1.563956E-01   7.444941E-03 
  3.212144E+00   1.535551E-01   7.320093E-03 
  3.215992E+00   1.444174E-01   7.179951E-03 
  3.219840E+00   1.469965E-01   7.208316E-03 
  3.223688E+00   1.656467E-01   7.724338E-03 
  3.227536E+00   1.410788E-01   3.756046E-01 
  3.231384E+00   1.477448E-01   7.243701E-03 
  3.235232E+00   1.473630E-01   7.176265E-03 
  3.239080E+00   1.620200E-01   7.593857E-03 
  3.242928E+00   1.545486E-01   7.462905E-03 
  3.246775E+00   1.495642E-01   7.319552E-03 
  3.250623E+00   1.484891E-01   7.287762E-03 
  3.254471E+00   1.529437E-01   7.387840E-03 
  3.258319E+00   1.515899E-01   7.387956E-03 
  3.262167E+00   1.513135E-01   7.256249E-03 
  3.266015E+00   1.495651E-01   3.867365E-01 
  3.269863E+00   1.456117E-01   7.169405E-03 
  3.273711E+00   1.462496E-01   7.065540E-03 
  3.277559E+00   1.498860E-01   7.246212E-03 
  3.281407E+00   1.558183E-01   3.947382E-01 
  3.285255E+00   1.423917E-01   7.146345E-03 
  3.289103E+00   1.409784E-01   7.075416E-03 
  3.292951E+00   1.515087E-01   7.476213E-03 
  3.296798E+00   1.528164E-01   7.357211E-03 
  3.300646E+00   1.599206E-01   7.686551E-03 
  3.304494E+00   1.428692E-01   7.221216E-03 
  3.308342E+00   1.602353E-01   7.520960E-03 
  3.312190E+00   1.563609E-01   7.389458E-03 
  3.316038E+00   1.472406E-01   7.145181E-03 
  3.319886E+00   1.458473E-01   7.123797E-03 
  3.323734E+00   1.538116E-01   7.520960E-03 
  3.327582E+00   1.569288E-01   7.470280E-03 
  3.331430E+00   1.527410E-01   3.908210E-01 
  3.335278E+00   1.496198E-01   7.381268E-03 
  3.339126E+00   1.412061E-01   7.069059E-03 
  3.342973E+00   1.413075E-01   7.172292E-03 
  3.346821E+00   1.516937E-01   7.329572E-03 
  3.350669E+00   1.546972E-01   7.441642E-03 
  3.354517E+00   1.510829E-01   7.205632E-03 
  3.358365E+00   1.635613E-01   7.627245E-03 
  3.362213E+00   1.636067E-01   7.729969E-03 
  3.366061E+00   1.528425E-01   7.317615E-03 
  3.369909E+00   1.475370E-01   7.285048E-03 
  3.373757E+00   1.562836E-01   7.431451E-03 
  3.377605E+00   1.439473E-01   7.208842E-03 
  3.381453E+00   1.462240E-01   7.248054E-03 
  3.385301E+00   1.515550E-01   7.378658E-03 
  3.389148E+00   1.476525E-01   7.252089E-03 
  3.392996E+00   1.458473E-01   7.190114E-03 
  3.396844E+00   1.528194E-01   7.457547E-03 
  3.400692E+00   1.408427E-01   7.085255E-03 
  3.404540E+00   1.426295E-01   7.116175E-03 
  3.408388E+00   1.437091E-01   7.251869E-03 
  3.412236E+00   1.500691E-01   7.366520E-03 
  3.416084E+00   1.554989E-01   7.438444E-03 
  3.419932E+00   1.457677E-01   7.274063E-03 
  3.423780E+00   1.560833E-01   7.407663E-03 
  3.427628E+00   1.553041E-01   7.402441E-03 
  3.431476E+00   1.513280E-01   7.332897E-03 
  3.435324E+00   1.589658E-01   7.570866E-03 
  3.439171E+00   1.589903E-01   7.481430E-03 
  3.443019E+00   1.654628E-01   4.067712E-01 
  3.446867E+00   1.550754E-01   7.490617E-03 
  3.450715E+00   1.487711E-01   7.283536E-03 
  3.454563E+00   1.547164E-01   7.447485E-03 
  3.458411E+00   1.370867E-01   7.017743E-03 
  3.462259E+00   1.574180E-01   7.579766E-03 
  3.466107E+00   1.402770E-01   7.059159E-03 
  3.469955E+00   1.476478E-01   7.281649E-03 
  3.473803E+00   1.631946E-01   7.660282E-03 
  3.477651E+00   1.498355E-01   7.411591E-03 
  3.481499E+00   1.451255E-01   7.196127E-03 
  3.485346E+00   1.676626E-01   7.790560E-03 
  3.489194E+00   1.464195E-01   7.206062E-03 
  3.493042E+00   1.415427E-01   7.171228E-03 
  3.496890E+00   1.456117E-01   7.217702E-03 
  3.500738E+00   1.434705E-01   7.345247E-03 
  3.504586E+00   1.493694E-01   7.264983E-03 
  3.508434E+00   1.648495E-01   7.700456E-03 
  3.512282E+00   1.454898E-01   7.214193E-03 
  3.516130E+00   1.428716E-01   7.113527E-03 
  3.519978E+00   1.504088E-01   7.400372E-03 
  3.523826E+00   1.530018E-01   7.371055E-03 
  3.527674E+00   1.528724E-01   7.495402E-03 
  3.531521E+00   1.612658E-01   7.570705E-03 
  3.535369E+00   1.598721E-01   7.625310E-03 
  3.539217E+00   1.579769E-01   7.585116E-03 
  3.543065E+00   1.532531E-01   7.402824E-03 
  3.546913E+00   1.561871E-01   7.482398E-03 
  3.550761E+00   1.518446E-01   7.417765E-03 
  3.554609E+00   1.542878E-01   7.430348E-03 
  3.558457E+00   1.529749E-01   7.498877E-03 
  3.562305E+00   1.602808E-01   7.636964E-03 
  3.566153E+00   1.513311E-01   7.597755E-03 
  3.570001E+00   1.517757E-01   7.774960E-03 
  3.573849E+00   1.586770E-01   8.115441E-03 
  3.577696E+00   1.693896E-01   8.547291E-03 
  3.581544E+00   1.612894E-01   8.369936E-03 
  3.585392E+00   1.643336E-01   8.676548E-03 
  3.589240E+00   1.496034E-01   3.867860E-01 
  3.593088E+00   1.575568E-01   8.591575E-03 
  3.596936E+00   1.410987E-01   8.181535E-03 
  3.600784E+00   1.476962E-01   8.537161E-03 
  3.604632E+00   1.569526E-01   8.866587E-03 
  3.608480E+00   1.550564E-01   8.854705E-03 
  3.612328E+00   1.499322E-01   8.907887E-03 
  3.616176E+00   1.502038E-01   9.021205E-03 
  3.620024E+00   1.431229E-01   3.783159E-01 
  3.623872E+00   1.497315E-01   9.074038E-03 
  3.627719E+00   1.414412E-01   9.109949E-03 
  3.631567E+00   1.664686E-01   9.649839E-03 
  3.635415E+00   1.519242E-01   9.535161E-03 
  3.639263E+00   1.344053E-01   8.845896E-03 
  3.643111E+00   1.553364E-01   9.774176E-03 
  3.646959E+00   1.533450E-01   9.538589E-03 
  3.650807E+00   1.503606E-01   9.760841E-03 
  3.654655E+00   1.536556E-01   9.927118E-03 
  3.658503E+00   1.681640E-01   1.039769E-02 
  3.662351E+00   1.585324E-01   1.013748E-02 
  3.666199E+00   1.526582E-01   1.026718E-02 
  3.670047E+00   1.496129E-01   1.004452E-02 
  3.673894E+00   1.344940E-01   9.492949E-03 
  3.677742E+00   1.620320E-01   1.068726E-02 
  3.681590E+00   1.580260E-01   1.066447E-02 
  3.685438E+00   1.460242E-01   1.032899E-02 
  3.689286E+00   1.588121E-01   1.093368E-02 
  3.693134E+00   1.357807E-01   1.003738E-02 
  3.696982E+00   1.426447E-01   1.039552E-02 
  3.700830E+00   1.587102E-01   1.096139E-02 
  3.704678E+00   1.616550E-01   1.117359E-02 
  3.708526E+00   1.687505E-01   1.163143E-02 
  3.712374E+00   1.492244E-01   1.117355E-02 
  3.716222E+00   1.644918E-01   1.179216E-02 
  3.720069E+00   1.531064E-01   1.134432E-02 
  3.723917E+00   1.534344E-01   1.159368E-02 
  3.727765E+00   1.447308E-01   1.122819E-02 
  3.731613E+00   1.633317E-01   1.189605E-02 
  3.735461E+00   1.414731E-01   1.160981E-02 
  3.739309E+00   1.312963E-01   1.120499E-02 
  3.743157E+00   1.648916E-01   1.250379E-02 
  3.747005E+00   1.609091E-01   1.212603E-02 
  3.750853E+00   1.609358E-01   1.262199E-02 
  3.754701E+00   1.690694E-01   1.301632E-02 
  3.758549E+00   1.573803E-01   1.263492E-02 
  3.762397E+00   1.388585E-01   1.226371E-02 
  3.766244E+00   1.483540E-01   1.256938E-02 
  3.770092E+00   1.562303E-01   1.311674E-02 
  3.773940E+00   1.427606E-01   1.274904E-02 
  3.777788E+00   1.317881E-01   1.219093E-02 
  3.781636E+00   1.585989E-01   1.381587E-02 
  3.785484E+00   1.663859E-01   1.373984E-02 
  3.789332E+00   1.679903E-01   1.455545E-02 
  3.793180E+00   1.403039E-01   1.293219E-02 
  3.797028E+00   1.321033E-01   1.270252E-02 
  3.800876E+00   1.708701E-01   1.508606E-02 
  3.804724E+00   1.716444E-01   1.527790E-02 
  3.808572E+00   1.405720E-01   1.388934E-02 
  3.812420E+00   1.620793E-01   1.486632E-02 
  3.816267E+00   1.674640E-01   1.556491E-02 
  3.820115E+00   1.527745E-01   1.507418E-02 
  3.823963E+00   1.540156E-01   1.491894E-02 
  3.827811E+00   1.532259E-01   1.524344E-02 
  3.831659E+00   1.702510E-01   1.597781E-02 
  3.835507E+00   1.672968E-01   1.599691E-02 
  3.839355E+00   1.593692E-01   1.577116E-02 
  3.843203E+00   1.441073E-01   1.604107E-02 
  3.847051E+00   1.625687E-01   1.669106E-02 
  3.850899E+00   1.460902E-01   1.655490E-02 
  3.854747E+00   1.669214E-01   1.679617E-02 
  3.858595E+00   1.175712E-01   1.499659E-02 
  3.862442E+00   1.752009E-01   1.869012E-02 
  3.866290E+00   1.322209E-01   1.636390E-02 
  3.870138E+00   1.609957E-01   1.876640E-02 
  3.873986E+00   1.769110E-01   1.936562E-02 
  3.877834E+00   1.717987E-01   2.027729E-02 
  3.881682E+00   1.722120E-01   1.977049E-02 
  3.885530E+00   1.652761E-01   2.081298E-02 
  3.889378E+00   1.796078E-01   2.115925E-02 
  3.893226E+00   1.488223E-01   2.062379E-02 
  3.897074E+00   1.354458E-01   1.841820E-02 
  3.900922E+00   1.613109E-01   2.171810E-02 
  3.904770E+00   1.674065E-01   2.208957E-02 
  3.908617E+00   1.467396E-01   2.255839E-02 
  3.912465E+00   1.284738E-01   1.987343E-02 
  3.916313E+00   1.659276E-01   2.412935E-02 
  3.920161E+00   1.993484E-01   2.724380E-02 
