

  1.095787E-01   1.912484E+00   2.466461E-01 
  1.149718E-01   2.738091E+00   1.630225E-01 
  1.203649E-01   2.327297E+00   1.208196E-01 
  1.257580E-01   1.934189E+00   9.728215E-02 
  1.311510E-01   1.856472E+00   7.521551E-02 
  1.365441E-01   1.727170E+00   6.574886E-02 
  1.419372E-01   1.637532E+00   5.931529E-02 
  1.473303E-01   1.492961E+00   5.641072E-02 
  1.527234E-01   1.424917E+00   5.226653E-02 
  1.581164E-01   1.290633E+00   4.885792E-02 
  1.635095E-01   1.073066E+00   4.544498E-02 
  1.689026E-01   9.565981E-01   4.000498E-02 
  1.742957E-01   9.144389E-01   3.981637E-02 
  1.796888E-01   8.505287E-01   3.671447E-02 
  1.850819E-01   7.940454E-01   8.910923E-01 
  1.904749E-01   7.624975E-01   8.732110E-01 
  1.958680E-01   7.588988E-01   8.711480E-01 
  2.012611E-01   6.728552E-01   3.145918E-02 
  2.066542E-01   6.746320E-01   8.213598E-01 
  2.120473E-01   5.305755E-01   7.284062E-01 
  2.174403E-01   5.894212E-01   2.768477E-02 
  2.228334E-01   5.424427E-01   2.639860E-02 
  2.282265E-01   5.658091E-01   2.622868E-02 
  2.336196E-01   5.450458E-01   2.585018E-02 
  2.390127E-01   5.039574E-01   2.396049E-02 
  2.444057E-01   5.122006E-01   2.438597E-02 
  2.497988E-01   4.765080E-01   2.260235E-02 
  2.551919E-01   4.972347E-01   2.378700E-02 
  2.605850E-01   4.347795E-01   2.172039E-02 
  2.659781E-01   4.799462E-01   2.285813E-02 
  2.713711E-01   4.719101E-01   2.271864E-02 
  2.767642E-01   4.436228E-01   2.150502E-02 
  2.821573E-01   4.638845E-01   2.209335E-02 
  2.875504E-01   4.159391E-01   2.052652E-02 
  2.929435E-01   4.483261E-01   2.121250E-02 
  2.983365E-01   4.176888E-01   2.052393E-02 
  3.037296E-01   4.156920E-01   2.034533E-02 
  3.091227E-01   4.550139E-01   2.101254E-02 
  3.145158E-01   3.924081E-01   1.994431E-02 
  3.199089E-01   4.056190E-01   1.971450E-02 
  3.253019E-01   3.752616E-01   1.912950E-02 
  3.306950E-01   3.996437E-01   1.979175E-02 
  3.360881E-01   3.948054E-01   1.933169E-02 
  3.414812E-01   3.940336E-01   1.989362E-02 
  3.468743E-01   3.620432E-01   1.842727E-02 
  3.522673E-01   4.056783E-01   1.962193E-02 
  3.576604E-01   3.767763E-01   6.138211E-01 
  3.630535E-01   4.008093E-01   1.888500E-02 
  3.684466E-01   4.093700E-01   1.907956E-02 
  3.738397E-01   3.983053E-01   1.849489E-02 
  3.792328E-01   3.970093E-01   1.889423E-02 
  3.846258E-01   3.977646E-01   1.863585E-02 
  3.900189E-01   3.840643E-01   1.821028E-02 
  3.954120E-01   3.840643E-01   1.824264E-02 
  4.008051E-01   3.796157E-01   1.784150E-02 
  4.061982E-01   3.763939E-01   1.813722E-02 
  4.115912E-01   3.805279E-01   1.793826E-02 
  4.169843E-01   3.690933E-01   6.075305E-01 
  4.223774E-01   3.961164E-01   1.865619E-02 
  4.277705E-01   3.827410E-01   1.760856E-02 
  4.331636E-01   3.991748E-01   1.768700E-02 
  4.385566E-01   3.596511E-01   1.654044E-02 
  4.439497E-01   3.596511E-01   1.667947E-02 
  4.493428E-01   4.119898E-01   1.806093E-02 
  4.547359E-01   4.110101E-01   1.785852E-02 
  4.601290E-01   4.034289E-01   1.755857E-02 
  4.655220E-01   3.898046E-01   1.748226E-02 
  4.709151E-01   3.896414E-01   1.752965E-02 
  4.763082E-01   3.997214E-01   1.736165E-02 
  4.817013E-01   3.754798E-01   1.689276E-02 
  4.870944E-01   4.077257E-01   1.719358E-02 
  4.924874E-01   4.032038E-01   1.732077E-02 
  4.978805E-01   3.985573E-01   1.720596E-02 
  5.032736E-01   4.339378E-01   1.776572E-02 
  5.086667E-01   4.112339E-01   1.691177E-02 
  5.140598E-01   3.831153E-01   1.639077E-02 
  5.194528E-01   3.999146E-01   1.676627E-02 
  5.248459E-01   3.976889E-01   1.706078E-02 
  5.302390E-01   4.036941E-01   1.679743E-02 
  5.356321E-01   4.178005E-01   1.670938E-02 
  5.410252E-01   4.096232E-01   1.692068E-02 
  5.464183E-01   4.175816E-01   1.701056E-02 
  5.518113E-01   4.075785E-01   1.672702E-02 
  5.572044E-01   4.079892E-01   1.694395E-02 
  5.625975E-01   4.112938E-01   1.623437E-02 
  5.679906E-01   4.332423E-01   1.684469E-02 
  5.733837E-01   4.160819E-01   1.639432E-02 
  5.787767E-01   4.180292E-01   1.644353E-02 
  5.841698E-01   3.939776E-01   1.589803E-02 
  5.895629E-01   3.982913E-01   1.559644E-02 
  5.949560E-01   3.887419E-01   1.590612E-02 
  6.003491E-01   4.213734E-01   1.614968E-02 
  6.057421E-01   4.230962E-01   1.654613E-02 
  6.111352E-01   4.092153E-01   1.629311E-02 
  6.165283E-01   4.050655E-01   1.565456E-02 
  6.219214E-01   4.641354E-01   1.685179E-02 
  6.273145E-01   4.395336E-01   1.631867E-02 
  6.327075E-01   4.420841E-01   1.612960E-02 
  6.381006E-01   3.990834E-01   1.539790E-02 
  6.434937E-01   4.280666E-01   1.579778E-02 
  6.488868E-01   4.351160E-01   1.591946E-02 
  6.542799E-01   4.391612E-01   1.611198E-02 
  6.596729E-01   4.230517E-01   1.582615E-02 
  6.650660E-01   4.234281E-01   1.553830E-02 
  6.704591E-01   4.021259E-01   1.510333E-02 
  6.758522E-01   4.408723E-01   1.568358E-02 
  6.812453E-01   4.327965E-01   1.536217E-02 
  6.866383E-01   4.184092E-01   1.537817E-02 
  6.920314E-01   4.286476E-01   1.518100E-02 
  6.974245E-01   4.391492E-01   1.504243E-02 
  7.028176E-01   4.252944E-01   1.538311E-02 
  7.082107E-01   4.351139E-01   1.534915E-02 
  7.136038E-01   4.012203E-01   1.483178E-02 
  7.189968E-01   4.325390E-01   1.530631E-02 
  7.243899E-01   4.137196E-01   1.494609E-02 
  7.297830E-01   4.644375E-01   1.585892E-02 
  7.351761E-01   4.054253E-01   1.456846E-02 
  7.405692E-01   4.201405E-01   1.488317E-02 
  7.459622E-01   4.341481E-01   1.498302E-02 
  7.513553E-01   4.432909E-01   1.506414E-02 
  7.567484E-01   4.480380E-01   1.535333E-02 
  7.621415E-01   4.597292E-01   1.542821E-02 
  7.675346E-01   4.099902E-01   1.456881E-02 
  7.729276E-01   4.689958E-01   1.539190E-02 
  7.783207E-01   4.156807E-01   1.451582E-02 
  7.837138E-01   4.531491E-01   1.526198E-02 
  7.891069E-01   4.243833E-01   1.465751E-02 
  7.945000E-01   4.298445E-01   1.468305E-02 
  7.998930E-01   4.356669E-01   1.476106E-02 
  8.052861E-01   4.285937E-01   1.443233E-02 
  8.106792E-01   4.375633E-01   1.469751E-02 
  8.160723E-01   4.467687E-01   1.472353E-02 
  8.214654E-01   4.261789E-01   1.422374E-02 
  8.268584E-01   4.324945E-01   1.464672E-02 
  8.322515E-01   4.517980E-01   1.465322E-02 
  8.376446E-01   4.289550E-01   1.431682E-02 
  8.430377E-01   4.716951E-01   1.500023E-02 
  8.484308E-01   4.496502E-01   1.448192E-02 
  8.538238E-01   4.629971E-01   1.481542E-02 
  8.592169E-01   4.383675E-01   1.462099E-02 
  8.646100E-01   4.314436E-01   1.430611E-02 
  8.700031E-01   4.351666E-01   1.402213E-02 
  8.753962E-01   4.328508E-01   1.402874E-02 
  8.807893E-01   4.435856E-01   1.401663E-02 
  8.861823E-01   4.465996E-01   1.415398E-02 
  8.915754E-01   4.522565E-01   1.424995E-02 
  8.969685E-01   4.273682E-01   1.381473E-02 
  9.023616E-01   4.539725E-01   1.439234E-02 
  9.077547E-01   4.604574E-01   1.418497E-02 
  9.131477E-01   4.406846E-01   1.368255E-02 
  9.185408E-01   4.323676E-01   1.376772E-02 
  9.239339E-01   4.473901E-01   1.395217E-02 
  9.293270E-01   4.424386E-01   1.382854E-02 
  9.347201E-01   4.174446E-01   1.354366E-02 
  9.401131E-01   4.298985E-01   1.366460E-02 
  9.455062E-01   4.229100E-01   1.376622E-02 
  9.508993E-01   4.440856E-01   1.372864E-02 
  9.562924E-01   3.983029E-01   1.291128E-02 
  9.616855E-01   4.185918E-01   1.334379E-02 
  9.670785E-01   4.351432E-01   1.357151E-02 
  9.724716E-01   4.217061E-01   1.337720E-02 
  9.778647E-01   4.449184E-01   1.332040E-02 
  9.832578E-01   4.194079E-01   1.326015E-02 
  9.886509E-01   4.134854E-01   1.287169E-02 
  9.940439E-01   4.264063E-01   1.347014E-02 
  9.994370E-01   4.242253E-01   1.315289E-02 
  1.004830E+00   4.166807E-01   1.294683E-02 
  1.010223E+00   4.110893E-01   1.276735E-02 
  1.015616E+00   4.142240E-01   1.300815E-02 
  1.021009E+00   4.184236E-01   1.278639E-02 
  1.026402E+00   4.331500E-01   1.321899E-02 
  1.031796E+00   4.133146E-01   1.258458E-02 
  1.037189E+00   4.016750E-01   1.263269E-02 
  1.042582E+00   4.082439E-01   1.265165E-02 
  1.047975E+00   4.052940E-01   1.265372E-02 
  1.053368E+00   4.037240E-01   1.267426E-02 
  1.058761E+00   4.051726E-01   1.232506E-02 
  1.064154E+00   4.131021E-01   1.266045E-02 
  1.069547E+00   4.121799E-01   1.263658E-02 
  1.074940E+00   4.042480E-01   1.246602E-02 
  1.080333E+00   3.753705E-01   1.213913E-02 
  1.085726E+00   4.108608E-01   1.239431E-02 
  1.091119E+00   3.974807E-01   1.201585E-02 
  1.096512E+00   3.852695E-01   1.203101E-02 
  1.101906E+00   4.013379E-01   1.219561E-02 
  1.107299E+00   4.072785E-01   1.246833E-02 
  1.112692E+00   4.017231E-01   1.211487E-02 
  1.118085E+00   3.725859E-01   1.167167E-02 
  1.123478E+00   3.743711E-01   6.118587E-01 
  1.128871E+00   4.001865E-01   1.200793E-02 
  1.134264E+00   3.997312E-01   1.204807E-02 
  1.139657E+00   3.870999E-01   1.197985E-02 
  1.145050E+00   3.835563E-01   1.170666E-02 
  1.150443E+00   3.832750E-01   1.196013E-02 
  1.155836E+00   3.875680E-01   1.182437E-02 
  1.161229E+00   3.846784E-01   1.169865E-02 
  1.166623E+00   3.580622E-01   1.100075E-02 
  1.172016E+00   3.651858E-01   1.136406E-02 
  1.177409E+00   3.669025E-01   1.145377E-02 
  1.182802E+00   3.636008E-01   6.029932E-01 
  1.188195E+00   3.650694E-01   1.132869E-02 
  1.193588E+00   3.705892E-01   1.125585E-02 
  1.198981E+00   3.747567E-01   1.133067E-02 
  1.204374E+00   3.559457E-01   1.105263E-02 
  1.209767E+00   3.647940E-01   1.115242E-02 
  1.215160E+00   3.649076E-01   1.114952E-02 
  1.220553E+00   3.683882E-01   1.136914E-02 
  1.225946E+00   3.593443E-01   1.112083E-02 
  1.231339E+00   3.700922E-01   1.122580E-02 
  1.236733E+00   3.643178E-01   1.110563E-02 
  1.242126E+00   3.557528E-01   5.964501E-01 
  1.247519E+00   3.623653E-01   1.096220E-02 
  1.252912E+00   3.541823E-01   1.092219E-02 
  1.258305E+00   3.505048E-01   5.920345E-01 
  1.263698E+00   3.342010E-01   1.045191E-02 
  1.269091E+00   3.478759E-01   1.058879E-02 
  1.274484E+00   3.443229E-01   1.063195E-02 
  1.279877E+00   3.382736E-01   1.065826E-02 
  1.285270E+00   3.601398E-01   1.072822E-02 
  1.290663E+00   3.262455E-01   1.029728E-02 
  1.296056E+00   3.115521E-01   1.002421E-02 
  1.301450E+00   3.109335E-01   1.012131E-02 
  1.306843E+00   3.413761E-01   1.037672E-02 
  1.312236E+00   3.387805E-01   1.047112E-02 
  1.317629E+00   3.395693E-01   1.041490E-02 
  1.323022E+00   3.286663E-01   1.032005E-02 
  1.328415E+00   3.081109E-01   9.835764E-03 
  1.333808E+00   3.264409E-01   1.006231E-02 
  1.339201E+00   3.277729E-01   1.011368E-02 
  1.344594E+00   2.979083E-01   9.636145E-03 
  1.349987E+00   3.219785E-01   1.009204E-02 
  1.355380E+00   3.288233E-01   1.014927E-02 
  1.360773E+00   3.215928E-01   1.003097E-02 
  1.366167E+00   3.172617E-01   9.915345E-03 
  1.371560E+00   3.247191E-01   1.002732E-02 
  1.376953E+00   3.094984E-01   5.563258E-01 
  1.382346E+00   2.958376E-01   9.488425E-03 
  1.387739E+00   3.003693E-01   9.493630E-03 
  1.393132E+00   3.156261E-01   9.821523E-03 
  1.398525E+00   2.895449E-01   9.306424E-03 
  1.403918E+00   3.192718E-01   1.001418E-02 
  1.409311E+00   3.129172E-01   9.753672E-03 
  1.414704E+00   2.824439E-01   9.272227E-03 
  1.420097E+00   2.877369E-01   9.137271E-03 
  1.425490E+00   2.879647E-01   9.189029E-03 
  1.430883E+00   3.043442E-01   9.437702E-03 
  1.436277E+00   2.908505E-01   9.147577E-03 
  1.441670E+00   2.827962E-01   9.144875E-03 
  1.447063E+00   2.912739E-01   9.266940E-03 
  1.452456E+00   2.851542E-01   9.117932E-03 
  1.457849E+00   2.833203E-01   8.982417E-03 
  1.463242E+00   2.993629E-01   9.213560E-03 
  1.468635E+00   2.616568E-01   5.115240E-01 
  1.474028E+00   2.836900E-01   9.067316E-03 
  1.479421E+00   2.836212E-01   9.004441E-03 
  1.484814E+00   2.795810E-01   5.287542E-01 
  1.490207E+00   2.799810E-01   5.291323E-01 
  1.495600E+00   2.632780E-01   8.680500E-03 
  1.500994E+00   2.791595E-01   8.836116E-03 
  1.506387E+00   2.820848E-01   8.995845E-03 
  1.511780E+00   2.726767E-01   5.221846E-01 
  1.517173E+00   2.548247E-01   8.365528E-03 
  1.522566E+00   2.746157E-01   8.778121E-03 
  1.527959E+00   2.704195E-01   8.638608E-03 
  1.533352E+00   2.564926E-01   5.064510E-01 
  1.538745E+00   2.552372E-01   5.052101E-01 
  1.544138E+00   2.661194E-01   8.573046E-03 
  1.549531E+00   2.723861E-01   8.756124E-03 
  1.554924E+00   2.659606E-01   8.570977E-03 
  1.560317E+00   2.454728E-01   8.240039E-03 
  1.565710E+00   2.628927E-01   8.326824E-03 
  1.571104E+00   2.562701E-01   8.310055E-03 
  1.576497E+00   2.634245E-01   8.457767E-03 
  1.581890E+00   2.623512E-01   8.418266E-03 
  1.587283E+00   2.571370E-01   8.351346E-03 
  1.592676E+00   2.632200E-01   8.384941E-03 
  1.598069E+00   2.585416E-01   8.356764E-03 
  1.603462E+00   2.582734E-01   8.397312E-03 
  1.608855E+00   2.592484E-01   8.268268E-03 
  1.614248E+00   2.531676E-01   8.362969E-03 
  1.619641E+00   2.616631E-01   8.212718E-03 
  1.625034E+00   2.406593E-01   7.974209E-03 
  1.630427E+00   2.452142E-01   8.197671E-03 
  1.635821E+00   2.376030E-01   7.845390E-03 
  1.641214E+00   2.442858E-01   7.991848E-03 
  1.646607E+00   2.420535E-01   7.971441E-03 
  1.652000E+00   2.583629E-01   8.247377E-03 
  1.657393E+00   2.491426E-01   4.991419E-01 
  1.662786E+00   2.374696E-01   7.839561E-03 
  1.668179E+00   2.449713E-01   8.083766E-03 
  1.673572E+00   2.429543E-01   7.899535E-03 
  1.678965E+00   2.462469E-01   7.999492E-03 
  1.684358E+00   2.364851E-01   7.765743E-03 
  1.689751E+00   2.331644E-01   7.694558E-03 
  1.695144E+00   2.378005E-01   7.758491E-03 
  1.700538E+00   2.420704E-01   7.855614E-03 
  1.705931E+00   2.296642E-01   7.547280E-03 
  1.711324E+00   2.314693E-01   7.619004E-03 
  1.716717E+00   2.426212E-01   7.747047E-03 
  1.722110E+00   2.301996E-01   7.460030E-03 
  1.727503E+00   2.215588E-01   7.354293E-03 
  1.732896E+00   2.125953E-01   7.291479E-03 
  1.738289E+00   2.288134E-01   7.528251E-03 
  1.743682E+00   2.373983E-01   7.663471E-03 
  1.749075E+00   2.243303E-01   7.400721E-03 
  1.754468E+00   2.347746E-01   7.539512E-03 
  1.759861E+00   2.112487E-01   7.280175E-03 
  1.765254E+00   2.313508E-01   7.490878E-03 
  1.770648E+00   2.150906E-01   7.232915E-03 
  1.776041E+00   2.195142E-01   7.345598E-03 
  1.781434E+00   2.314318E-01   4.810736E-01 
  1.786827E+00   2.243952E-01   7.341114E-03 
  1.792220E+00   2.231154E-01   4.723510E-01 
  1.797613E+00   2.204751E-01   4.695478E-01 
  1.803006E+00   2.189290E-01   4.678985E-01 
  1.808399E+00   2.236044E-01   7.356688E-03 
  1.813792E+00   2.351414E-01   7.448080E-03 
  1.819185E+00   2.135721E-01   4.621386E-01 
  1.824578E+00   2.218226E-01   7.370750E-03 
  1.829971E+00   2.174196E-01   7.174971E-03 
  1.835365E+00   2.300411E-01   7.367074E-03 
  1.840758E+00   2.121719E-01   7.062630E-03 
  1.846151E+00   2.151621E-01   7.114242E-03 
  1.851544E+00   2.137333E-01   7.012951E-03 
  1.856937E+00   2.162949E-01   7.101317E-03 
  1.862330E+00   2.216355E-01   7.109240E-03 
  1.867723E+00   2.289319E-01   7.349957E-03 
  1.873116E+00   2.170536E-01   7.087036E-03 
  1.878509E+00   2.114827E-01   6.990121E-03 
  1.883902E+00   2.126316E-01   4.611199E-01 
  1.889295E+00   2.160728E-01   4.648364E-01 
  1.894688E+00   2.120548E-01   6.940246E-03 
  1.900081E+00   2.152470E-01   6.986703E-03 
  1.905475E+00   2.044609E-01   6.909356E-03 
  1.910868E+00   2.118944E-01   6.877657E-03 
  1.916261E+00   2.154470E-01   7.030456E-03 
  1.921654E+00   2.309214E-01   7.187362E-03 
  1.927047E+00   2.086395E-01   6.862469E-03 
  1.932440E+00   2.272191E-01   7.112252E-03 
  1.937833E+00   2.140738E-01   6.949069E-03 
  1.943226E+00   2.237528E-01   7.026166E-03 
  1.948619E+00   2.212434E-01   7.141404E-03 
  1.954012E+00   2.176625E-01   6.888981E-03 
  1.959405E+00   2.131418E-01   6.834703E-03 
  1.964798E+00   2.090146E-01   6.754407E-03 
  1.970192E+00   2.075396E-01   6.837140E-03 
  1.975585E+00   2.072358E-01   6.835814E-03 
  1.980978E+00   2.169694E-01   6.842625E-03 
  1.986371E+00   2.277967E-01   6.984211E-03 
  1.991764E+00   2.118391E-01   6.799727E-03 
  1.997157E+00   2.098855E-01   6.666592E-03 
  2.002550E+00   2.118688E-01   6.806148E-03 
  2.007943E+00   2.070753E-01   4.550553E-01 
  2.013336E+00   2.180264E-01   6.892300E-03 
  2.018729E+00   2.082944E-01   6.740338E-03 
  2.024122E+00   2.143777E-01   6.840242E-03 
  2.029515E+00   2.115636E-01   6.687175E-03 
  2.034909E+00   2.157706E-01   6.759692E-03 
  2.040302E+00   2.173495E-01   6.745903E-03 
  2.045695E+00   2.084451E-01   4.565579E-01 
  2.051088E+00   2.199111E-01   6.737859E-03 
  2.056481E+00   2.080898E-01   6.683922E-03 
  2.061874E+00   2.090146E-01   6.619900E-03 
  2.067267E+00   2.092965E-01   6.629444E-03 
  2.072660E+00   2.174257E-01   6.789170E-03 
  2.078053E+00   2.203695E-01   6.768152E-03 
  2.083446E+00   2.008730E-01   6.495166E-03 
  2.088839E+00   2.148670E-01   6.707310E-03 
  2.094232E+00   2.136982E-01   6.719933E-03 
  2.099625E+00   2.170695E-01   6.734543E-03 
  2.105019E+00   2.096306E-01   6.514000E-03 
  2.110412E+00   2.018623E-01   6.466880E-03 
  2.115805E+00   2.186024E-01   6.668010E-03 
  2.121198E+00   2.062590E-01   6.533374E-03 
  2.126591E+00   2.046944E-01   4.524317E-01 
  2.131984E+00   2.127031E-01   4.611975E-01 
  2.137377E+00   2.064308E-01   6.478401E-03 
  2.142770E+00   2.266472E-01   6.880086E-03 
  2.148163E+00   2.160092E-01   6.683097E-03 
  2.153556E+00   2.116527E-01   6.546639E-03 
  2.158949E+00   2.155209E-01   4.642423E-01 
  2.164342E+00   2.116977E-01   6.566097E-03 
  2.169736E+00   2.044099E-01   6.397186E-03 
  2.175129E+00   2.141763E-01   6.564966E-03 
  2.180522E+00   2.055686E-01   6.477502E-03 
  2.185915E+00   2.104187E-01   6.480221E-03 
  2.191308E+00   2.037793E-01   6.338723E-03 
  2.196701E+00   2.181022E-01   6.634440E-03 
  2.202094E+00   2.110940E-01   6.518298E-03 
  2.207487E+00   2.100616E-01   6.399728E-03 
  2.212880E+00   2.160519E-01   6.532378E-03 
  2.218273E+00   2.112437E-01   6.429848E-03 
  2.223666E+00   2.127116E-01   6.498046E-03 
  2.229059E+00   2.097422E-01   6.450638E-03 
  2.234452E+00   2.175378E-01   6.521452E-03 
  2.239846E+00   2.166187E-01   6.496935E-03 
  2.245239E+00   2.134741E-01   6.487872E-03 
  2.250632E+00   2.140279E-01   6.452921E-03 
  2.256025E+00   2.106537E-01   6.448873E-03 
  2.261418E+00   2.105571E-01   6.350969E-03 
  2.266811E+00   2.137385E-01   6.440880E-03 
  2.272204E+00   2.188665E-01   6.479903E-03 
  2.277597E+00   2.302606E-01   6.564765E-03 
  2.282990E+00   2.153659E-01   6.414464E-03 
  2.288383E+00   2.175693E-01   6.456443E-03 
  2.293776E+00   2.180183E-01   6.470969E-03 
  2.299169E+00   2.148452E-01   6.355337E-03 
  2.304563E+00   2.243254E-01   6.482268E-03 
  2.309956E+00   2.196168E-01   6.433950E-03 
  2.315349E+00   2.114669E-01   6.290245E-03 
  2.320742E+00   2.053587E-01   6.241774E-03 
  2.326135E+00   2.191101E-01   6.432354E-03 
  2.331528E+00   2.154400E-01   6.360226E-03 
  2.336921E+00   2.114669E-01   6.326598E-03 
  2.342314E+00   2.147436E-01   6.410104E-03 
  2.347707E+00   2.184815E-01   4.674201E-01 
  2.353100E+00   2.147173E-01   4.633760E-01 
  2.358493E+00   2.289239E-01   4.784599E-01 
  2.363886E+00   2.106041E-01   4.589162E-01 
  2.369280E+00   2.174263E-01   6.645073E-03 
  2.374673E+00   2.132927E-01   6.523570E-03 
  2.380066E+00   2.160952E-01   6.595265E-03 
  2.385459E+00   2.148168E-01   6.590262E-03 
  2.390852E+00   2.218296E-01   6.686094E-03 
  2.396245E+00   2.227546E-01   6.808393E-03 
  2.401638E+00   2.140146E-01   6.671599E-03 
  2.407031E+00   2.081065E-01   6.619559E-03 
  2.412424E+00   2.203127E-01   6.832336E-03 
  2.417817E+00   2.251087E-01   6.794672E-03 
  2.423210E+00   2.251036E-01   6.931460E-03 
  2.428603E+00   2.175678E-01   6.836511E-03 
  2.433996E+00   2.115897E-01   6.787568E-03 
  2.439390E+00   2.170038E-01   6.818632E-03 
  2.444783E+00   2.167718E-01   6.811014E-03 
  2.450176E+00   2.143146E-01   6.959106E-03 
  2.455569E+00   2.235145E-01   7.149151E-03 
  2.460962E+00   2.227103E-01   7.224774E-03 
  2.466355E+00   2.203515E-01   7.262142E-03 
  2.471748E+00   2.112449E-01   7.075405E-03 
  2.477141E+00   2.234574E-01   7.369835E-03 
  2.482534E+00   2.198313E-01   7.300123E-03 
  2.487927E+00   2.124735E-01   7.269583E-03 
  2.493320E+00   2.276048E-01   7.519818E-03 
  2.498713E+00   2.214856E-01   7.537846E-03 
  2.504107E+00   2.220252E-01   7.486298E-03 
  2.509500E+00   2.040946E-01   7.178820E-03 
  2.514893E+00   2.264325E-01   7.622446E-03 
  2.520286E+00   2.110143E-01   7.458501E-03 
  2.525679E+00   2.182909E-01   4.672161E-01 
  2.531072E+00   2.182715E-01   7.451649E-03 
  2.536465E+00   2.055368E-01   7.381584E-03 
  2.541858E+00   2.154816E-01   7.374816E-03 
  2.547251E+00   2.235873E-01   4.728502E-01 
  2.552644E+00   2.183674E-01   7.216284E-03 
  2.558037E+00   2.247110E-01   7.453449E-03 
  2.563430E+00   2.252838E-01   7.426596E-03 
  2.568823E+00   2.306368E-01   7.422201E-03 
  2.574217E+00   2.229224E-01   7.290343E-03 
  2.579610E+00   2.231329E-01   7.237041E-03 
  2.585003E+00   2.209493E-01   7.227058E-03 
  2.590396E+00   2.240433E-01   7.166707E-03 
  2.595789E+00   2.201763E-01   7.165949E-03 
  2.601182E+00   2.267394E-01   7.243238E-03 
  2.606575E+00   2.084771E-01   4.565929E-01 
  2.611968E+00   2.171249E-01   7.068728E-03 
  2.617361E+00   2.299616E-01   7.223187E-03 
  2.622754E+00   2.179527E-01   7.085745E-03 
  2.628147E+00   2.080273E-01   6.881345E-03 
  2.633540E+00   2.265580E-01   7.109153E-03 
  2.638934E+00   2.191899E-01   7.090343E-03 
  2.644327E+00   2.258971E-01   7.099388E-03 
  2.649720E+00   2.363403E-01   7.294838E-03 
  2.655113E+00   2.214808E-01   7.053749E-03 
  2.660506E+00   2.135812E-01   6.872230E-03 
  2.665899E+00   2.189324E-01   4.679022E-01 
  2.671292E+00   2.123148E-01   6.821265E-03 
  2.676685E+00   2.164370E-01   7.021914E-03 
  2.682078E+00   2.354740E-01   7.275438E-03 
  2.687471E+00   2.114605E-01   6.881868E-03 
  2.692864E+00   2.148783E-01   6.946583E-03 
  2.698257E+00   2.242277E-01   7.012728E-03 
  2.703650E+00   2.264572E-01   7.106530E-03 
  2.709044E+00   2.196636E-01   6.943624E-03 
  2.714437E+00   2.326056E-01   7.321950E-03 
  2.719830E+00   2.286393E-01   7.424007E-03 
  2.725223E+00   2.164008E-01   7.211118E-03 
  2.730616E+00   2.055416E-01   6.995264E-03 
  2.736009E+00   2.126704E-01   7.134023E-03 
  2.741402E+00   2.136558E-01   7.123209E-03 
  2.746795E+00   2.080469E-01   7.042826E-03 
  2.752188E+00   2.151384E-01   7.160861E-03 
  2.757581E+00   2.113713E-01   7.123134E-03 
  2.762974E+00   2.166595E-01   7.266977E-03 
  2.768367E+00   2.073094E-01   7.111111E-03 
  2.773761E+00   2.131650E-01   7.226004E-03 
  2.779154E+00   2.119585E-01   7.202623E-03 
  2.784547E+00   2.273405E-01   7.632120E-03 
  2.789940E+00   2.181877E-01   4.671056E-01 
  2.795333E+00   2.260855E-01   7.509799E-03 
  2.800726E+00   2.141246E-01   7.258490E-03 
  2.806119E+00   2.212512E-01   7.365469E-03 
  2.811512E+00   2.135512E-01   7.189374E-03 
  2.816905E+00   2.135366E-01   7.330942E-03 
  2.822298E+00   2.145150E-01   7.358428E-03 
  2.827691E+00   2.164555E-01   7.369180E-03 
  2.833084E+00   2.182334E-01   7.337778E-03 
  2.838478E+00   2.236557E-01   7.464701E-03 
  2.843871E+00   2.230104E-01   7.487955E-03 
  2.849264E+00   2.268303E-01   7.646684E-03 
  2.854657E+00   2.178285E-01   7.326040E-03 
  2.860050E+00   2.198461E-01   7.430309E-03 
  2.865443E+00   2.191856E-01   7.461642E-03 
  2.870836E+00   2.316899E-01   7.586588E-03 
  2.876229E+00   2.188546E-01   7.440670E-03 
  2.881622E+00   2.218149E-01   7.431694E-03 
  2.887015E+00   2.118391E-01   7.380257E-03 
  2.892408E+00   2.110390E-01   7.333921E-03 
  2.897801E+00   2.145963E-01   7.468967E-03 
  2.903194E+00   2.157708E-01   7.438406E-03 
  2.908588E+00   2.175668E-01   7.420194E-03 
  2.913981E+00   2.212186E-01   7.669706E-03 
  2.919374E+00   2.166198E-01   7.433307E-03 
  2.924767E+00   2.295011E-01   7.658214E-03 
  2.930160E+00   2.194138E-01   7.542981E-03 
  2.935553E+00   2.141501E-01   7.465626E-03 
  2.940946E+00   2.165725E-01   7.541891E-03 
  2.946339E+00   2.179143E-01   7.487113E-03 
  2.951732E+00   2.089281E-01   7.425489E-03 
  2.957125E+00   2.092733E-01   7.329308E-03 
  2.962518E+00   2.203197E-01   7.628989E-03 
  2.967911E+00   2.101487E-01   7.377920E-03 
  2.973305E+00   2.186944E-01   7.481069E-03 
  2.978698E+00   2.180223E-01   7.588350E-03 
  2.984091E+00   2.223061E-01   7.626472E-03 
  2.989484E+00   2.181590E-01   7.561749E-03 
  2.994877E+00   2.205483E-01   7.685018E-03 
  3.000270E+00   2.107535E-01   7.312648E-03 
  3.005663E+00   2.149496E-01   7.442593E-03 
  3.011056E+00   2.239442E-01   7.638407E-03 
  3.016449E+00   2.099686E-01   7.369843E-03 
  3.021842E+00   2.195443E-01   7.616364E-03 
  3.027235E+00   2.229314E-01   7.654990E-03 
  3.032628E+00   2.325024E-01   7.876552E-03 
  3.038021E+00   2.154309E-01   7.467983E-03 
  3.043415E+00   2.168920E-01   7.627419E-03 
  3.048808E+00   2.360667E-01   7.819648E-03 
  3.054201E+00   2.293355E-01   7.810448E-03 
  3.059594E+00   2.207152E-01   7.618970E-03 
  3.064987E+00   2.074312E-01   7.354765E-03 
  3.070380E+00   2.194917E-01   4.684995E-01 
  3.075773E+00   2.288215E-01   7.707678E-03 
  3.081166E+00   2.101601E-01   7.448401E-03 
  3.086559E+00   2.289708E-01   7.767749E-03 
  3.091952E+00   2.192779E-01   7.677767E-03 
  3.097345E+00   2.300740E-01   7.768506E-03 
  3.102738E+00   2.262557E-01   7.679957E-03 
  3.108132E+00   2.167886E-01   7.517807E-03 
  3.113525E+00   2.221893E-01   7.761443E-03 
  3.118918E+00   2.262255E-01   7.721849E-03 
  3.124311E+00   2.258104E-01   7.686332E-03 
  3.129704E+00   2.191167E-01   7.638768E-03 
  3.135097E+00   2.334056E-01   7.828537E-03 
  3.140490E+00   2.150095E-01   7.523921E-03 
  3.145883E+00   2.279196E-01   7.621932E-03 
  3.151276E+00   2.134391E-01   7.544044E-03 
  3.156669E+00   2.228360E-01   4.720550E-01 
  3.162062E+00   2.124716E-01   7.551120E-03 
  3.167455E+00   2.263580E-01   7.728740E-03 
  3.172849E+00   2.291638E-01   7.818775E-03 
  3.178242E+00   2.088375E-01   7.474215E-03 
  3.183635E+00   2.249472E-01   7.824051E-03 
  3.189028E+00   2.394659E-01   8.122327E-03 
  3.194421E+00   2.253271E-01   7.773467E-03 
  3.199814E+00   2.280645E-01   7.747136E-03 
  3.205207E+00   2.270610E-01   7.768686E-03 
  3.210600E+00   2.159462E-01   7.535356E-03 
  3.215993E+00   2.304359E-01   7.818292E-03 
  3.221386E+00   2.327947E-01   7.884354E-03 
  3.226779E+00   2.347367E-01   7.938985E-03 
  3.232172E+00   2.207065E-01   7.738802E-03 
  3.237565E+00   2.264026E-01   7.773467E-03 
  3.242959E+00   2.302981E-01   7.914654E-03 
  3.248352E+00   2.304751E-01   4.800782E-01 
  3.253745E+00   2.389253E-01   4.887999E-01 
  3.259138E+00   2.148858E-01   4.635578E-01 
  3.264531E+00   2.196823E-01   7.780019E-03 
  3.269924E+00   2.312156E-01   7.909977E-03 
  3.275317E+00   2.230933E-01   7.856252E-03 
  3.280710E+00   2.237528E-01   7.682253E-03 
  3.286103E+00   2.288303E-01   7.857405E-03 
  3.291496E+00   2.115459E-01   4.599412E-01 
  3.296889E+00   2.139007E-01   7.544310E-03 
  3.302282E+00   2.191951E-01   7.662101E-03 
  3.307676E+00   2.277188E-01   7.813816E-03 
  3.313069E+00   2.328401E-01   7.930544E-03 
  3.318462E+00   2.311167E-01   7.905764E-03 
  3.323855E+00   2.269016E-01   7.803786E-03 
  3.329248E+00   2.313313E-01   7.966685E-03 
  3.334641E+00   2.238267E-01   7.837634E-03 
  3.340034E+00   2.217796E-01   7.732089E-03 
  3.345427E+00   2.396087E-01   8.112797E-03 
  3.350820E+00   2.166791E-01   7.629382E-03 
  3.356213E+00   2.256490E-01   7.755820E-03 
  3.361606E+00   2.273715E-01   7.878475E-03 
  3.366999E+00   2.316624E-01   4.813132E-01 
  3.372392E+00   2.181142E-01   7.731244E-03 
  3.377786E+00   2.179127E-01   7.702237E-03 
  3.383179E+00   2.229307E-01   7.821602E-03 
  3.388572E+00   2.369865E-01   8.070114E-03 
  3.393965E+00   2.314814E-01   7.998512E-03 
  3.399358E+00   2.173059E-01   7.716736E-03 
  3.404751E+00   2.421421E-01   8.078022E-03 
  3.410144E+00   2.181851E-01   7.744401E-03 
  3.415537E+00   2.254689E-01   4.748357E-01 
  3.420930E+00   2.199252E-01   7.732065E-03 
  3.426323E+00   2.357469E-01   7.967171E-03 
  3.431716E+00   2.106475E-01   7.591109E-03 
  3.437109E+00   2.213728E-01   7.662856E-03 
  3.442503E+00   2.143301E-01   7.663160E-03 
  3.447896E+00   2.211666E-01   7.731332E-03 
  3.453289E+00   2.305625E-01   7.831211E-03 
  3.458682E+00   2.255534E-01   7.718910E-03 
  3.464075E+00   2.190617E-01   7.584256E-03 
  3.469468E+00   2.364790E-01   7.935634E-03 
  3.474861E+00   2.147118E-01   7.614044E-03 
  3.480254E+00   2.241337E-01   7.713474E-03 
  3.485647E+00   2.298984E-01   7.808254E-03 
  3.491040E+00   2.245136E-01   7.670510E-03 
  3.496433E+00   2.315158E-01   7.870418E-03 
  3.501826E+00   2.479072E-01   8.119876E-03 
  3.507220E+00   2.307796E-01   7.847402E-03 
  3.512613E+00   2.322972E-01   7.816800E-03 
  3.518006E+00   2.268874E-01   7.803133E-03 
  3.523399E+00   2.206559E-01   7.625405E-03 
  3.528792E+00   2.427691E-01   7.999494E-03 
  3.534185E+00   2.330302E-01   7.853922E-03 
  3.539578E+00   2.219671E-01   7.734071E-03 
  3.544971E+00   2.283776E-01   7.880905E-03 
  3.550364E+00   2.451502E-01   7.928445E-03 
  3.555757E+00   2.218488E-01   7.545425E-03 
  3.561150E+00   2.341526E-01   7.851746E-03 
  3.566543E+00   2.262420E-01   7.702743E-03 
  3.571936E+00   2.318949E-01   7.826526E-03 
  3.577330E+00   2.373095E-01   7.953327E-03 
  3.582723E+00   2.264916E-01   7.765047E-03 
  3.588116E+00   2.204903E-01   7.703360E-03 
  3.593509E+00   2.226537E-01   7.634121E-03 
  3.598902E+00   2.330159E-01   7.897243E-03 
  3.604295E+00   2.212013E-01   7.699846E-03 
  3.609688E+00   2.345511E-01   7.825039E-03 
  3.615081E+00   2.460222E-01   7.998853E-03 
  3.620474E+00   2.342345E-01   7.778067E-03 
  3.625867E+00   2.447126E-01   7.982417E-03 
  3.631260E+00   2.194391E-01   7.570724E-03 
  3.636653E+00   2.345589E-01   7.793654E-03 
  3.642047E+00   2.301078E-01   7.736338E-03 
  3.647440E+00   2.396148E-01   7.795052E-03 
  3.652833E+00   2.356021E-01   4.853886E-01 
  3.658226E+00   2.131129E-01   7.395265E-03 
  3.663619E+00   2.355340E-01   7.831723E-03 
  3.669012E+00   2.445625E-01   7.899537E-03 
  3.674405E+00   2.394779E-01   7.861680E-03 
  3.679798E+00   2.311777E-01   7.738780E-03 
  3.685191E+00   2.291413E-01   7.522273E-03 
  3.690584E+00   2.373294E-01   7.873275E-03 
  3.695977E+00   2.328436E-01   7.702705E-03 
  3.701370E+00   2.310839E-01   7.679264E-03 
  3.706763E+00   2.294249E-01   4.789832E-01 
  3.712157E+00   2.114988E-01   7.400201E-03 
  3.717550E+00   2.260274E-01   7.532844E-03 
  3.722943E+00   2.288839E-01   7.707279E-03 
  3.728336E+00   2.433114E-01   7.882548E-03 
  3.733729E+00   2.280159E-01   7.686104E-03 
  3.739122E+00   2.325309E-01   7.772994E-03 
  3.744515E+00   2.270064E-01   7.615977E-03 
  3.749908E+00   2.358284E-01   7.747499E-03 
  3.755301E+00   2.447694E-01   7.936185E-03 
  3.760694E+00   2.296288E-01   7.525286E-03 
  3.766087E+00   2.375166E-01   7.713220E-03 
  3.771480E+00   2.424060E-01   7.859633E-03 
  3.776874E+00   2.269980E-01   7.495590E-03 
  3.782267E+00   2.334082E-01   7.827301E-03 
  3.787660E+00   2.545272E-01   5.045069E-01 
  3.793053E+00   2.447063E-01   7.941588E-03 
  3.798446E+00   2.395563E-01   7.826425E-03 
  3.803839E+00   2.392667E-01   7.813773E-03 
  3.809232E+00   2.504053E-01   7.979250E-03 
  3.814625E+00   2.280623E-01   4.775587E-01 
  3.820018E+00   2.495950E-01   7.950389E-03 
  3.825411E+00   2.413294E-01   4.912529E-01 
  3.830804E+00   2.463386E-01   7.864736E-03 
  3.836197E+00   2.420214E-01   7.854193E-03 
  3.841591E+00   2.179797E-01   7.377006E-03 
  3.846984E+00   2.500402E-01   8.006333E-03 
  3.852377E+00   2.406576E-01   4.905686E-01 
  3.857770E+00   2.350767E-01   7.811788E-03 
  3.863163E+00   2.415070E-01   4.914336E-01 
  3.868556E+00   2.483239E-01   7.997694E-03 
  3.873949E+00   2.494388E-01   4.994385E-01 
  3.879342E+00   2.431920E-01   7.838459E-03 
  3.884735E+00   2.223433E-01   4.715329E-01 
  3.890128E+00   2.360424E-01   4.858419E-01 
  3.895521E+00   2.413682E-01   7.799642E-03 
  3.900914E+00   2.389962E-01   7.852896E-03 
  3.906307E+00   2.386394E-01   7.870073E-03 
  3.911701E+00   2.384533E-01   7.934641E-03 
  3.917094E+00   2.524227E-01   8.042432E-03 
  3.922487E+00   2.336552E-01   7.847299E-03 
  3.927880E+00   2.467987E-01   7.953331E-03 
  3.933273E+00   2.499911E-01   8.043315E-03 
  3.938666E+00   2.422669E-01   7.880493E-03 
  3.944059E+00   2.316550E-01   7.590636E-03 
  3.949452E+00   2.342493E-01   7.654896E-03 
  3.954845E+00   2.365029E-01   7.804632E-03 
  3.960238E+00   2.326880E-01   7.827119E-03 
  3.965631E+00   2.352060E-01   7.870911E-03 
  3.971024E+00   2.463202E-01   4.963065E-01 
  3.976418E+00   2.485298E-01   8.069729E-03 
  3.981811E+00   2.521131E-01   8.028664E-03 
  3.987204E+00   2.483779E-01   7.955873E-03 
  3.992597E+00   2.324208E-01   7.742019E-03 
  3.997990E+00   2.423735E-01   7.916344E-03 
  4.003383E+00   2.391709E-01   4.890511E-01 
  4.008776E+00   2.308661E-01   7.755496E-03 
  4.014169E+00   2.476111E-01   8.040721E-03 
  4.019562E+00   2.371479E-01   7.851727E-03 
  4.024955E+00   2.353369E-01   7.809326E-03 
  4.030348E+00   2.376740E-01   7.814207E-03 
  4.035741E+00   2.519049E-01   8.027602E-03 
  4.041134E+00   2.452970E-01   7.976167E-03 
  4.046528E+00   2.429276E-01   4.928768E-01 
  4.051921E+00   2.434192E-01   7.913661E-03 
  4.057314E+00   2.492971E-01   8.048990E-03 
  4.062707E+00   2.341657E-01   7.801669E-03 
  4.068100E+00   2.526464E-01   8.035385E-03 
  4.073493E+00   2.316997E-01   7.682135E-03 
  4.078886E+00   2.407766E-01   7.835610E-03 
  4.084279E+00   2.201158E-01   7.556796E-03 
  4.089672E+00   2.385154E-01   7.902069E-03 
  4.095065E+00   2.346171E-01   7.798451E-03 
  4.100458E+00   2.459301E-01   7.925129E-03 
  4.105851E+00   2.641279E-01   8.320794E-03 
  4.111245E+00   2.617001E-01   8.256326E-03 
  4.116638E+00   2.524360E-01   8.125254E-03 
  4.122031E+00   2.428360E-01   7.954829E-03 
  4.127424E+00   2.365808E-01   7.874361E-03 
  4.132817E+00   2.312389E-01   7.775898E-03 
  4.138210E+00   2.494634E-01   8.111978E-03 
  4.143603E+00   2.428182E-01   7.895058E-03 
  4.148996E+00   2.512311E-01   8.043489E-03 
  4.154389E+00   2.571758E-01   8.044873E-03 
  4.159782E+00   2.474068E-01   8.081319E-03 
  4.165175E+00   2.460385E-01   8.034869E-03 
  4.170568E+00   2.504542E-01   8.088356E-03 
  4.175962E+00   2.632229E-01   8.304368E-03 
  4.181355E+00   2.533908E-01   8.171953E-03 
  4.186748E+00   2.499314E-01   8.059478E-03 
  4.192141E+00   2.428876E-01   8.012909E-03 
  4.197534E+00   2.474338E-01   8.164072E-03 
  4.202927E+00   2.464894E-01   7.994064E-03 
  4.208320E+00   2.499979E-01   4.999979E-01 
  4.213713E+00   2.415703E-01   7.900554E-03 
  4.219106E+00   2.418523E-01   7.916344E-03 
  4.224499E+00   2.533299E-01   8.113306E-03 
  4.229892E+00   2.449553E-01   7.947469E-03 
  4.235285E+00   2.597753E-01   8.323121E-03 
  4.240678E+00   2.361220E-01   7.832470E-03 
  4.246072E+00   2.558024E-01   8.182892E-03 
  4.251465E+00   2.493508E-01   4.993503E-01 
  4.256858E+00   2.575639E-01   5.075075E-01 
  4.262251E+00   2.401106E-01   7.946755E-03 
  4.267644E+00   2.585640E-01   8.209347E-03 
  4.273037E+00   2.600571E-01   5.099579E-01 
  4.278430E+00   2.508175E-01   8.116374E-03 
  4.283823E+00   2.591781E-01   8.143676E-03 
  4.289216E+00   2.521807E-01   8.072197E-03 
  4.294609E+00   2.359279E-01   7.898170E-03 
  4.300002E+00   2.499737E-01   8.182276E-03 
  4.305395E+00   2.628943E-01   8.278489E-03 
  4.310789E+00   2.561608E-01   8.163152E-03 
  4.316182E+00   2.459616E-01   8.089332E-03 
  4.321575E+00   2.380979E-01   4.879528E-01 
  4.326968E+00   2.533003E-01   8.140547E-03 
  4.332361E+00   2.565179E-01   5.064760E-01 
  4.337754E+00   2.474491E-01   8.002606E-03 
  4.343147E+00   2.526893E-01   8.103160E-03 
  4.348540E+00   2.512902E-01   8.106064E-03 
  4.353933E+00   2.525956E-01   8.199721E-03 
  4.359326E+00   2.451363E-01   8.115403E-03 
  4.364719E+00   2.398918E-01   7.881463E-03 
  4.370112E+00   2.483916E-01   8.108295E-03 
  4.375505E+00   2.527209E-01   8.139306E-03 
  4.380899E+00   2.488186E-01   8.108770E-03 
  4.386292E+00   2.610030E-01   8.362644E-03 
  4.391685E+00   2.649037E-01   8.335400E-03 
  4.397078E+00   2.566137E-01   8.236492E-03 
  4.402471E+00   2.576287E-01   5.075714E-01 
  4.407864E+00   2.517044E-01   8.062433E-03 
  4.413257E+00   2.611801E-01   8.192554E-03 
  4.418650E+00   2.409279E-01   7.928553E-03 
  4.424043E+00   2.749870E-01   8.532490E-03 
  4.429436E+00   2.522559E-01   8.058509E-03 
  4.434829E+00   2.648629E-01   8.346538E-03 
  4.440222E+00   2.648811E-01   8.304574E-03 
  4.445616E+00   2.746273E-01   8.541378E-03 
  4.451009E+00   2.544872E-01   8.276871E-03 
  4.456402E+00   2.498706E-01   7.994207E-03 
  4.461795E+00   2.513422E-01   8.103529E-03 
  4.467188E+00   2.786861E-01   8.578397E-03 
  4.472581E+00   2.555599E-01   8.179173E-03 
  4.477974E+00   2.678328E-01   8.339450E-03 
  4.483367E+00   2.576965E-01   8.206105E-03 
  4.488760E+00   2.686572E-01   8.457213E-03 
  4.494153E+00   2.616195E-01   8.343944E-03 
  4.499546E+00   2.543718E-01   8.239751E-03 
  4.504939E+00   2.685441E-01   8.428204E-03 
  4.510333E+00   2.563983E-01   8.296667E-03 
  4.515726E+00   2.635827E-01   8.403143E-03 
  4.521119E+00   2.556287E-01   8.266620E-03 
  4.526512E+00   2.598349E-01   8.211610E-03 
  4.531905E+00   2.708766E-01   5.204581E-01 
  4.537298E+00   2.651665E-01   8.344141E-03 
  4.542691E+00   2.614445E-01   8.347937E-03 
  4.548084E+00   2.606514E-01   8.309247E-03 
  4.553477E+00   2.587884E-01   8.288331E-03 
  4.558870E+00   2.706607E-01   8.442035E-03 
  4.564263E+00   2.674079E-01   8.275333E-03 
  4.569656E+00   2.674469E-01   8.337312E-03 
  4.575049E+00   2.653285E-01   8.366230E-03 
  4.580443E+00   2.593657E-01   5.092796E-01 
  4.585836E+00   2.543869E-01   5.043679E-01 
  4.591229E+00   2.672774E-01   8.512963E-03 
  4.596622E+00   2.675246E-01   8.366055E-03 
  4.602015E+00   2.727429E-01   8.510263E-03 
  4.607408E+00   2.697869E-01   8.411608E-03 
  4.612801E+00   2.488728E-01   8.138357E-03 
  4.618194E+00   2.734978E-01   8.525952E-03 
  4.623587E+00   2.522499E-01   8.182629E-03 
  4.628980E+00   2.651651E-01   8.392721E-03 
  4.634373E+00   2.632627E-01   8.404515E-03 
  4.639766E+00   2.691130E-01   8.419460E-03 
  4.645160E+00   2.742654E-01   8.498028E-03 
  4.650553E+00   2.720732E-01   8.515195E-03 
  4.655946E+00   2.668327E-01   8.248739E-03 
  4.661339E+00   2.642693E-01   8.407105E-03 
  4.666732E+00   2.771831E-01   8.521453E-03 
  4.672125E+00   2.671429E-01   8.462303E-03 
  4.677518E+00   2.843694E-01   8.903169E-03 
  4.682911E+00   2.537783E-01   8.149793E-03 
  4.688304E+00   2.616231E-01   8.271536E-03 
  4.693697E+00   2.643680E-01   5.141673E-01 
  4.699090E+00   2.474612E-01   8.087806E-03 
  4.704483E+00   2.721843E-01   8.563505E-03 
  4.709876E+00   2.627383E-01   8.226135E-03 
  4.715270E+00   2.669774E-01   8.234393E-03 
  4.720663E+00   2.595658E-01   8.155211E-03 
  4.726056E+00   2.731018E-01   8.515500E-03 
  4.731449E+00   2.594209E-01   8.181127E-03 
  4.736842E+00   2.621118E-01   8.313251E-03 
  4.742235E+00   2.661978E-01   8.538770E-03 
  4.747628E+00   2.513489E-01   5.013471E-01 
  4.753021E+00   2.601621E-01   5.100609E-01 
  4.758414E+00   2.837891E-01   8.737290E-03 
  4.763807E+00   2.847535E-01   8.678408E-03 
  4.769200E+00   2.782142E-01   8.679292E-03 
  4.774593E+00   2.597906E-01   5.096966E-01 
  4.779987E+00   2.577789E-01   5.077193E-01 
  4.785380E+00   2.771831E-01   8.634457E-03 
  4.790773E+00   2.708532E-01   8.487167E-03 
  4.796166E+00   2.778042E-01   8.591350E-03 
  4.801559E+00   2.676342E-01   8.546186E-03 
  4.806952E+00   2.900011E-01   8.722574E-03 
  4.812345E+00   2.688470E-01   8.441362E-03 
  4.817738E+00   2.656828E-01   8.446142E-03 
  4.823131E+00   2.761661E-01   8.607215E-03 
  4.828524E+00   2.902196E-01   8.696807E-03 
  4.833917E+00   2.799017E-01   8.654876E-03 
  4.839310E+00   2.800339E-01   8.679838E-03 
  4.844704E+00   2.831470E-01   8.631828E-03 
  4.850097E+00   2.772751E-01   8.545054E-03 
  4.855490E+00   2.647518E-01   8.536725E-03 
  4.860883E+00   2.787157E-01   8.587202E-03 
  4.866276E+00   2.919273E-01   8.880008E-03 
  4.871669E+00   2.691531E-01   8.546064E-03 
  4.877062E+00   2.763559E-01   8.642675E-03 
  4.882455E+00   2.857482E-01   8.738300E-03 
  4.887848E+00   2.775220E-01   8.509335E-03 
  4.893241E+00   2.935269E-01   8.911966E-03 
  4.898634E+00   2.740970E-01   8.622244E-03 
  4.904027E+00   2.763288E-01   8.462543E-03 
  4.909420E+00   2.607824E-01   8.390992E-03 
  4.914814E+00   2.784797E-01   8.706766E-03 
  4.920207E+00   2.666003E-01   5.163335E-01 
  4.925600E+00   2.852623E-01   8.629689E-03 
  4.930993E+00   2.720224E-01   8.490124E-03 
  4.936386E+00   2.720578E-01   8.478661E-03 
  4.941779E+00   2.724305E-01   8.560214E-03 
  4.947172E+00   2.926739E-01   8.855338E-03 
  4.952565E+00   2.781804E-01   8.730176E-03 
  4.957958E+00   2.690773E-01   5.187266E-01 
  4.963351E+00   2.740651E-01   5.235122E-01 
  4.968744E+00   2.797133E-01   5.288793E-01 
  4.974137E+00   2.652470E-01   8.448207E-03 
  4.979531E+00   2.776449E-01   8.566241E-03 
  4.984924E+00   2.808689E-01   8.624081E-03 
  4.990317E+00   2.712762E-01   8.459281E-03 
  4.995710E+00   2.781199E-01   8.643074E-03 
  5.001103E+00   2.835211E-01   8.713859E-03 
  5.006496E+00   2.756002E-01   8.587368E-03 
  5.011889E+00   2.983128E-01   8.923541E-03 
  5.017282E+00   2.840707E-01   8.830865E-03 
  5.022675E+00   2.827582E-01   8.691679E-03 
  5.028068E+00   2.785106E-01   8.522810E-03 
  5.033461E+00   2.779487E-01   8.563487E-03 
  5.038854E+00   2.794318E-01   8.533067E-03 
  5.044247E+00   2.919822E-01   8.886195E-03 
  5.049641E+00   2.924066E-01   8.822559E-03 
  5.055034E+00   2.912806E-01   8.936267E-03 
  5.060427E+00   2.777061E-01   5.269783E-01 
  5.065820E+00   2.747660E-01   5.241813E-01 
  5.071213E+00   2.888055E-01   8.859324E-03 
  5.076606E+00   2.792852E-01   8.707625E-03 
  5.081999E+00   2.825436E-01   8.872390E-03 
  5.087392E+00   2.785093E-01   8.587705E-03 
  5.092785E+00   2.976127E-01   9.157407E-03 
  5.098178E+00   2.804116E-01   9.086495E-03 
  5.103571E+00   2.869884E-01   9.304602E-03 
  5.108964E+00   2.885287E-01   9.412243E-03 
  5.114358E+00   2.934617E-01   9.739459E-03 
  5.119751E+00   3.001378E-01   1.001013E-02 
  5.125144E+00   2.881012E-01   9.797467E-03 
  5.130537E+00   2.857859E-01   9.953697E-03 
  5.135930E+00   2.931911E-01   1.022207E-02 
  5.141323E+00   3.022205E-01   1.035634E-02 
  5.146716E+00   2.868392E-01   1.024638E-02 
  5.152109E+00   3.146551E-01   1.093265E-02 
  5.157502E+00   2.938545E-01   1.060011E-02 
  5.162895E+00   2.821305E-01   1.053307E-02 
  5.168288E+00   2.721739E-01   1.037541E-02 
  5.173681E+00   2.814387E-01   1.055469E-02 
  5.179075E+00   2.994403E-01   1.121985E-02 
  5.184468E+00   2.886258E-01   1.092960E-02 
  5.189861E+00   2.953843E-01   1.106446E-02 
  5.195254E+00   2.914063E-01   1.117787E-02 
  5.200647E+00   2.749414E-01   1.085431E-02 
  5.206040E+00   3.004397E-01   1.168832E-02 
  5.211433E+00   3.167305E-01   1.181421E-02 
  5.216826E+00   2.861360E-01   1.159788E-02 
  5.222219E+00   2.936907E-01   1.180534E-02 
  5.227612E+00   2.873951E-01   1.194101E-02 
  5.233005E+00   2.938345E-01   1.205267E-02 
  5.238398E+00   2.892524E-01   1.199892E-02 
  5.243791E+00   2.901096E-01   1.214424E-02 
  5.249185E+00   3.011664E-01   1.247296E-02 
  5.254578E+00   3.025486E-01   1.254934E-02 
  5.259971E+00   3.033391E-01   1.264473E-02 
  5.265364E+00   2.918997E-01   1.253549E-02 
  5.270757E+00   2.852217E-01   1.265921E-02 
  5.276150E+00   3.012050E-01   1.289706E-02 
  5.281543E+00   2.975317E-01   1.295983E-02 
  5.286936E+00   2.684025E-01   1.247518E-02 
  5.292329E+00   2.904078E-01   1.316680E-02 
  5.297722E+00   2.912564E-01   1.333583E-02 
  5.303115E+00   2.933931E-01   1.366497E-02 
  5.308508E+00   3.010558E-01   1.368275E-02 
  5.313902E+00   2.938872E-01   1.375724E-02 
  5.319295E+00   2.630774E-01   1.311724E-02 
  5.324688E+00   2.971243E-01   1.368694E-02 
  5.330081E+00   2.812278E-01   1.360826E-02 
  5.335474E+00   3.263878E-01   1.502677E-02 
  5.340867E+00   3.015983E-01   1.462681E-02 
  5.346260E+00   3.170132E-01   1.489273E-02 
  5.351653E+00   3.200688E-01   1.527408E-02 
  5.357046E+00   3.113547E-01   1.508993E-02 
  5.362439E+00   2.725630E-01   1.398518E-02 
  5.367832E+00   3.089338E-01   1.545855E-02 
  5.373225E+00   3.081560E-01   1.539913E-02 
  5.378618E+00   3.071398E-01   1.566684E-02 
  5.384012E+00   2.923490E-01   1.571820E-02 
  5.389405E+00   3.052496E-01   1.561554E-02 
  5.394798E+00   2.951286E-01   1.589000E-02 
  5.400191E+00   3.024162E-01   1.598217E-02 
  5.405584E+00   3.161492E-01   1.661380E-02 
  5.410977E+00   3.037521E-01   1.649426E-02 
  5.416370E+00   3.171781E-01   1.689566E-02 
  5.421763E+00   2.939268E-01   1.657258E-02 
  5.427156E+00   3.096272E-01   1.722293E-02 
  5.432549E+00   3.018379E-01   1.739334E-02 
  5.437942E+00   3.155252E-01   1.780290E-02 
  5.443335E+00   2.913435E-01   1.717734E-02 
  5.448729E+00   3.261895E-01   1.856961E-02 
  5.454122E+00   3.442386E-01   1.877231E-02 
  5.459515E+00   3.257083E-01   1.882985E-02 
  5.464908E+00   3.135219E-01   1.897521E-02 
  5.470301E+00   3.250062E-01   1.920550E-02 
  5.475694E+00   3.086611E-01   1.900796E-02 
  5.481087E+00   2.920641E-01   1.860845E-02 
  5.486480E+00   3.236355E-01   2.004201E-02 
  5.491873E+00   2.982282E-01   1.928169E-02 
  5.497266E+00   2.989703E-01   2.027453E-02 
