
  7.609070E-02   5.091540E+00   4.878336E-01 
  7.993862E-02   6.058443E+00   2.254102E-01 
  8.378654E-02   5.679026E+00   1.588333E-01 
  8.763446E-02   4.928006E+00   1.351616E-01 
  9.148238E-02   4.308226E+00   1.187207E-01 
  9.533030E-02   4.014484E+00   1.107773E-01 
  9.917822E-02   3.527167E+00   1.028636E-01 
  1.030261E-01   3.297112E+00   9.725931E-02 
  1.068741E-01   2.786713E+00   8.568292E-02 
  1.107220E-01   2.521889E+00   7.981585E-02 
  1.145699E-01   2.237743E+00   7.324317E-02 
  1.184178E-01   2.273277E+00   1.507739E+00 
  1.222657E-01   1.924952E+00   6.564458E-02 
  1.261136E-01   1.799833E+00   6.376439E-02 
  1.299616E-01   1.806469E+00   6.199769E-02 
  1.338095E-01   1.578996E+00   5.791734E-02 
  1.376574E-01   1.500117E+00   5.253066E-02 
  1.415053E-01   1.392796E+00   5.335916E-02 
  1.453532E-01   1.228113E+00   1.108202E+00 
  1.492012E-01   1.163757E+00   4.593042E-02 
  1.530491E-01   1.134850E+00   4.373773E-02 
  1.568970E-01   1.003009E+00   4.090720E-02 
  1.607449E-01   9.842764E-01   3.979615E-02 
  1.645928E-01   9.950717E-01   4.092598E-02 
  1.684407E-01   8.945444E-01   3.675499E-02 
  1.722887E-01   7.733495E-01   3.496181E-02 
  1.761366E-01   7.566037E-01   3.428770E-02 
  1.799845E-01   7.775463E-01   3.357536E-02 
  1.838324E-01   7.189983E-01   3.235222E-02 
  1.876803E-01   6.307469E-01   3.027139E-02 
  1.915283E-01   5.804331E-01   2.868284E-02 
  1.953762E-01   6.320622E-01   2.995776E-02 
  1.992241E-01   6.543627E-01   3.030696E-02 
  2.030720E-01   5.873638E-01   2.806981E-02 
  2.069199E-01   5.717206E-01   2.808415E-02 
  2.107679E-01   5.891936E-01   2.807488E-02 
  2.146158E-01   5.595440E-01   2.711909E-02 
  2.184637E-01   5.591240E-01   2.760244E-02 
  2.223116E-01   4.964106E-01   2.548080E-02 
  2.261595E-01   5.382009E-01   2.639944E-02 
  2.300074E-01   4.690613E-01   2.480959E-02 
  2.338554E-01   4.613234E-01   2.420367E-02 
  2.377033E-01   4.120368E-01   2.286380E-02 
  2.415512E-01   4.113504E-01   6.413661E-01 
  2.453991E-01   4.211683E-01   2.220055E-02 
  2.492470E-01   4.127714E-01   2.282867E-02 
  2.530950E-01   3.905474E-01   6.249379E-01 
  2.569429E-01   3.950202E-01   2.195456E-02 
  2.607908E-01   4.380230E-01   2.301673E-02 
  2.646387E-01   4.009873E-01   2.198698E-02 
  2.684866E-01   3.785328E-01   2.069001E-02 
  2.723345E-01   4.017915E-01   2.152898E-02 
  2.761825E-01   3.345750E-01   1.937732E-02 
  2.800304E-01   3.468961E-01   1.937276E-02 
  2.838783E-01   3.206629E-01   1.881920E-02 
  2.877262E-01   3.665869E-01   2.037429E-02 
  2.915741E-01   3.526886E-01   1.980296E-02 
  2.954221E-01   3.311464E-01   1.918726E-02 
  2.992700E-01   3.499067E-01   1.953417E-02 
  3.031179E-01   3.686641E-01   2.012315E-02 
  3.069658E-01   3.314020E-01   1.865684E-02 
  3.108137E-01   3.010568E-01   1.763507E-02 
  3.146616E-01   2.833809E-01   1.720509E-02 
  3.185096E-01   2.910124E-01   1.761443E-02 
  3.223575E-01   2.898993E-01   1.675740E-02 
  3.262054E-01   2.885510E-01   1.692695E-02 
  3.300533E-01   2.706322E-01   1.658096E-02 
  3.339012E-01   2.656574E-01   1.601255E-02 
  3.377492E-01   3.128712E-01   1.753864E-02 
  3.415971E-01   2.620265E-01   1.586324E-02 
  3.454450E-01   2.733495E-01   1.655559E-02 
  3.492929E-01   2.363806E-01   1.473090E-02 
  3.531408E-01   2.781994E-01   1.662720E-02 
  3.569888E-01   2.847012E-01   1.635945E-02 
  3.608367E-01   2.677049E-01   1.574559E-02 
  3.646846E-01   2.590332E-01   1.533921E-02 
  3.685325E-01   2.456526E-01   1.500390E-02 
  3.723804E-01   2.438273E-01   1.486950E-02 
  3.762283E-01   2.459202E-01   1.514298E-02 
  3.800763E-01   2.566985E-01   1.521676E-02 
  3.839242E-01   2.739125E-01   1.564214E-02 
  3.877721E-01   2.566985E-01   1.518648E-02 
  3.916200E-01   2.233244E-01   1.409904E-02 
  3.954679E-01   2.597346E-01   1.501021E-02 
  3.993159E-01   2.314480E-01   1.415681E-02 
  4.031638E-01   2.493784E-01   1.468722E-02 
  4.070117E-01   2.170747E-01   1.352455E-02 
  4.108596E-01   2.271137E-01   1.382303E-02 
  4.147075E-01   2.037675E-01   1.293446E-02 
  4.185554E-01   2.465500E-01   1.453874E-02 
  4.224034E-01   2.428575E-01   1.415643E-02 
  4.262513E-01   2.464238E-01   1.451073E-02 
  4.300992E-01   2.343215E-01   1.412825E-02 
  4.339471E-01   2.088837E-01   1.315683E-02 
  4.377950E-01   2.272651E-01   1.336878E-02 
  4.416430E-01   2.234491E-01   1.323527E-02 
  4.454909E-01   2.270012E-01   1.325833E-02 
  4.493388E-01   2.299765E-01   1.345981E-02 
  4.531867E-01   2.286489E-01   1.363871E-02 
  4.570346E-01   2.366056E-01   1.349751E-02 
  4.608825E-01   2.517077E-01   1.397886E-02 
  4.647305E-01   2.396884E-01   1.341554E-02 
  4.685784E-01   2.083870E-01   1.274625E-02 
  4.724263E-01   2.244496E-01   1.276296E-02 
  4.762742E-01   2.203853E-01   1.306980E-02 
  4.801221E-01   2.161671E-01   1.269896E-02 
  4.839701E-01   2.389375E-01   1.341024E-02 
  4.878180E-01   2.109698E-01   1.235186E-02 
  4.916659E-01   2.385427E-01   1.332882E-02 
  4.955138E-01   2.291294E-01   1.298642E-02 
  4.993617E-01   1.913145E-01   1.174834E-02 
  5.032097E-01   2.256342E-01   1.298339E-02 
  5.070576E-01   2.154113E-01   1.245453E-02 
  5.109055E-01   2.244927E-01   1.271770E-02 
  5.147534E-01   2.441565E-01   1.316950E-02 
  5.186013E-01   2.186052E-01   1.258837E-02 
  5.224492E-01   1.976381E-01   4.445651E-01 
  5.262972E-01   2.241351E-01   1.233213E-02 
  5.301451E-01   2.157593E-01   1.215223E-02 
  5.339930E-01   2.188090E-01   1.215582E-02 
  5.378409E-01   2.364355E-01   1.258963E-02 
  5.416888E-01   2.211965E-01   1.232896E-02 
  5.455368E-01   2.572587E-01   1.325438E-02 
  5.493847E-01   2.127017E-01   1.195969E-02 
  5.532326E-01   2.254149E-01   1.224540E-02 
  5.570805E-01   2.080066E-01   1.173971E-02 
  5.609284E-01   2.095006E-01   1.173504E-02 
  5.647763E-01   2.331118E-01   1.253425E-02 
  5.686243E-01   2.375210E-01   1.234194E-02 
  5.724722E-01   2.338001E-01   1.235652E-02 
  5.763201E-01   2.056342E-01   1.129883E-02 
  5.801680E-01   2.173815E-01   1.217822E-02 
  5.840159E-01   2.355164E-01   1.205949E-02 
  5.878639E-01   2.425803E-01   1.258868E-02 
  5.917118E-01   2.195600E-01   1.202808E-02 
  5.955597E-01   2.449410E-01   1.234442E-02 
  5.994076E-01   2.366045E-01   1.233691E-02 
  6.032555E-01   2.181928E-01   1.160853E-02 
  6.071034E-01   2.258742E-01   1.185461E-02 
  6.109514E-01   2.352677E-01   1.193706E-02 
  6.147993E-01   2.332088E-01   1.190475E-02 
  6.186472E-01   2.326806E-01   1.179860E-02 
  6.224951E-01   2.495207E-01   1.237914E-02 
  6.263430E-01   2.283300E-01   1.173068E-02 
  6.301910E-01   2.175441E-01   1.135593E-02 
  6.340389E-01   2.363910E-01   1.194969E-02 
  6.378868E-01   2.267488E-01   1.167997E-02 
  6.417347E-01   2.287449E-01   1.184783E-02 
  6.455826E-01   2.292613E-01   1.158981E-02 
  6.494306E-01   2.517945E-01   1.189166E-02 
  6.532785E-01   2.317608E-01   1.152645E-02 
  6.571264E-01   2.192213E-01   1.139612E-02 
  6.609743E-01   2.425161E-01   1.182685E-02 
  6.648222E-01   2.003557E-01   1.077563E-02 
  6.686701E-01   2.362945E-01   1.177516E-02 
  6.725181E-01   2.219735E-01   1.136146E-02 
  6.763660E-01   2.256955E-01   1.112991E-02 
  6.802139E-01   2.428685E-01   1.189252E-02 
  6.840618E-01   2.302576E-01   1.122274E-02 
  6.879097E-01   2.352446E-01   1.132701E-02 
  6.917577E-01   2.438932E-01   1.175977E-02 
  6.956056E-01   2.383849E-01   1.136269E-02 
  6.994535E-01   2.465784E-01   1.176296E-02 
  7.033014E-01   2.487618E-01   1.184380E-02 
  7.071493E-01   2.426786E-01   1.147819E-02 
  7.109972E-01   2.401306E-01   1.131056E-02 
  7.148452E-01   2.505916E-01   1.162080E-02 
  7.186931E-01   2.433006E-01   1.143939E-02 
  7.225410E-01   2.346064E-01   1.115533E-02 
  7.263889E-01   2.483439E-01   1.180347E-02 
  7.302368E-01   2.619235E-01   1.172967E-02 
  7.340848E-01   2.608698E-01   1.157238E-02 
  7.379327E-01   2.741116E-01   5.235566E-01 
  7.417806E-01   2.508003E-01   1.133827E-02 
  7.456285E-01   2.608842E-01   1.156069E-02 
  7.494764E-01   2.545534E-01   1.140734E-02 
  7.533243E-01   2.368235E-01   4.866451E-01 
  7.571723E-01   2.694562E-01   1.158821E-02 
  7.610202E-01   2.588017E-01   5.087255E-01 
  7.648681E-01   2.645402E-01   1.151717E-02 
  7.687160E-01   2.746685E-01   1.191329E-02 
  7.725639E-01   2.521768E-01   1.109623E-02 
  7.764119E-01   2.493714E-01   1.117876E-02 
  7.802598E-01   2.857140E-01   1.189377E-02 
  7.841077E-01   2.497378E-01   1.131009E-02 
  7.879556E-01   2.779027E-01   1.165905E-02 
  7.918035E-01   2.732532E-01   1.159954E-02 
  7.956515E-01   2.483042E-01   1.105078E-02 
  7.994994E-01   2.603289E-01   1.108162E-02 
  8.033473E-01   2.693257E-01   1.133671E-02 
  8.071952E-01   2.505118E-01   1.099016E-02 
  8.110431E-01   2.752078E-01   1.132659E-02 
  8.148910E-01   2.955699E-01   1.173055E-02 
  8.187390E-01   2.676035E-01   1.125672E-02 
  8.225869E-01   2.826234E-01   5.316234E-01 
  8.264348E-01   2.645735E-01   5.143671E-01 
  8.302827E-01   2.761805E-01   1.131605E-02 
  8.341306E-01   2.734787E-01   1.123885E-02 
  8.379786E-01   2.729172E-01   1.121258E-02 
  8.418265E-01   2.710013E-01   1.114417E-02 
  8.456744E-01   2.819079E-01   1.159826E-02 
  8.495223E-01   2.839723E-01   1.137290E-02 
  8.533702E-01   2.631047E-01   1.081464E-02 
  8.572181E-01   2.977341E-01   1.165631E-02 
  8.610661E-01   2.900812E-01   5.385919E-01 
  8.649140E-01   2.724861E-01   1.110957E-02 
  8.687619E-01   2.906701E-01   1.150580E-02 
  8.726098E-01   2.943878E-01   1.167126E-02 
  8.764577E-01   2.699942E-01   5.196096E-01 
  8.803057E-01   2.770851E-01   1.106630E-02 
  8.841536E-01   2.848414E-01   1.133449E-02 
  8.880015E-01   2.628597E-01   1.095199E-02 
  8.918494E-01   2.809523E-01   1.114349E-02 
  8.956973E-01   2.742394E-01   5.236787E-01 
  8.995453E-01   2.959450E-01   1.134173E-02 
  9.033932E-01   2.794644E-01   1.107775E-02 
  9.072411E-01   2.687180E-01   1.064018E-02 
  9.110890E-01   2.939216E-01   1.124388E-02 
  9.149369E-01   2.856211E-01   1.102133E-02 
  9.187848E-01   2.942308E-01   1.117850E-02 
  9.226328E-01   2.801853E-01   1.082845E-02 
  9.264807E-01   2.740049E-01   1.080570E-02 
  9.303286E-01   2.844811E-01   1.098045E-02 
  9.341765E-01   2.740476E-01   1.057805E-02 
  9.380244E-01   2.978369E-01   1.124915E-02 
  9.418724E-01   2.950610E-01   1.099266E-02 
  9.457203E-01   2.849734E-01   1.102017E-02 
  9.495682E-01   2.911419E-01   1.108810E-02 
  9.534161E-01   3.055153E-01   1.122633E-02 
  9.572640E-01   2.851338E-01   1.083060E-02 
  9.611119E-01   2.748706E-01   5.242810E-01 
  9.649599E-01   3.030643E-01   1.131329E-02 
  9.688078E-01   2.733832E-01   1.065083E-02 
  9.726557E-01   2.961647E-01   1.114171E-02 
  9.765036E-01   3.040867E-01   1.102104E-02 
  9.803515E-01   2.987308E-01   1.094795E-02 
  9.841995E-01   2.772741E-01   1.054240E-02 
  9.880474E-01   2.937058E-01   1.080944E-02 
  9.918953E-01   3.091738E-01   5.560340E-01 
  9.957432E-01   2.880287E-01   1.081823E-02 
  9.995911E-01   3.006659E-01   1.092473E-02 
  1.003439E+00   2.905179E-01   1.057039E-02 
  1.007287E+00   3.063005E-01   1.120180E-02 
  1.011135E+00   2.911495E-01   1.063447E-02 
  1.014983E+00   3.017328E-01   1.085243E-02 
  1.018831E+00   3.078409E-01   1.092092E-02 
  1.022679E+00   2.907658E-01   1.066264E-02 
  1.026527E+00   3.113216E-01   1.091211E-02 
  1.030374E+00   2.835596E-01   1.045281E-02 
  1.034222E+00   2.863135E-01   1.034832E-02 
  1.038070E+00   3.018875E-01   1.088402E-02 
  1.041918E+00   3.106638E-01   1.090669E-02 
  1.045766E+00   3.290686E-01   1.133221E-02 
  1.049614E+00   2.846507E-01   1.043767E-02 
  1.053462E+00   2.998012E-01   1.059927E-02 
  1.057310E+00   3.026997E-01   1.064894E-02 
  1.061158E+00   2.761199E-01   5.254711E-01 
  1.065006E+00   2.915056E-01   1.045238E-02 
  1.068854E+00   2.864652E-01   1.040070E-02 
  1.072702E+00   2.974188E-01   1.048962E-02 
  1.076549E+00   2.988623E-01   1.050630E-02 
  1.080397E+00   2.908428E-01   1.033314E-02 
  1.084245E+00   3.106788E-01   1.068583E-02 
  1.088093E+00   3.001694E-01   1.040395E-02 
  1.091941E+00   2.960049E-01   1.049630E-02 
  1.095789E+00   2.879386E-01   1.017085E-02 
  1.099637E+00   3.027696E-01   1.050269E-02 
  1.103485E+00   3.004373E-01   5.481216E-01 
  1.107333E+00   2.904872E-01   1.030972E-02 
  1.111181E+00   2.862488E-01   1.008434E-02 
  1.115029E+00   2.925790E-01   1.028681E-02 
  1.118877E+00   2.893638E-01   5.379255E-01 
  1.122725E+00   3.037300E-01   5.511170E-01 
  1.126572E+00   2.813754E-01   1.004996E-02 
  1.130420E+00   2.982893E-01   1.030505E-02 
  1.134268E+00   2.870962E-01   1.011881E-02 
  1.138116E+00   2.877965E-01   5.364667E-01 
  1.141964E+00   3.047369E-01   5.520298E-01 
  1.145812E+00   2.978311E-01   1.024374E-02 
  1.149660E+00   3.025679E-01   1.038824E-02 
  1.153508E+00   3.082308E-01   1.040226E-02 
  1.157356E+00   2.923690E-01   1.005920E-02 
  1.161204E+00   2.924948E-01   1.015699E-02 
  1.165052E+00   2.958909E-01   1.012450E-02 
  1.168900E+00   2.826728E-01   9.978527E-03 
  1.172747E+00   2.972262E-01   9.983857E-03 
  1.176595E+00   2.910780E-01   5.395164E-01 
  1.180443E+00   3.002497E-01   5.479505E-01 
  1.184291E+00   2.939610E-01   1.013150E-02 
  1.188139E+00   3.110181E-01   1.036742E-02 
  1.191987E+00   2.967662E-01   9.968369E-03 
  1.195835E+00   2.992296E-01   1.002131E-02 
  1.199683E+00   3.093259E-01   1.015454E-02 
  1.203531E+00   2.885699E-01   9.834720E-03 
  1.207379E+00   2.768860E-01   9.664330E-03 
  1.211227E+00   2.860932E-01   9.878663E-03 
  1.215075E+00   2.943343E-01   9.872150E-03 
  1.218922E+00   2.879848E-01   9.653858E-03 
  1.222770E+00   2.987214E-01   9.949474E-03 
  1.226618E+00   3.050422E-01   5.523063E-01 
  1.230466E+00   2.896398E-01   9.652653E-03 
  1.234314E+00   2.977793E-01   9.983822E-03 
  1.238162E+00   2.812727E-01   9.581152E-03 
  1.242010E+00   2.860138E-01   9.632462E-03 
  1.245858E+00   2.927636E-01   5.410763E-01 
  1.249706E+00   2.861361E-01   9.603561E-03 
  1.253554E+00   3.036305E-01   9.983102E-03 
  1.257402E+00   2.858312E-01   9.654410E-03 
  1.261250E+00   2.806631E-01   9.541049E-03 
  1.265098E+00   3.003285E-01   9.806812E-03 
  1.268945E+00   2.848574E-01   9.649875E-03 
  1.272793E+00   2.889273E-01   9.700974E-03 
  1.276641E+00   3.052193E-01   9.895853E-03 
  1.280489E+00   2.950094E-01   9.640645E-03 
  1.284337E+00   2.874247E-01   9.459495E-03 
  1.288185E+00   2.879608E-01   9.654017E-03 
  1.292033E+00   2.945260E-01   9.577136E-03 
  1.295881E+00   2.893254E-01   9.549070E-03 
  1.299729E+00   2.937847E-01   9.525863E-03 
  1.303577E+00   3.066980E-01   9.807098E-03 
  1.307425E+00   2.965001E-01   9.532225E-03 
  1.311273E+00   2.798775E-01   9.361918E-03 
  1.315120E+00   2.854473E-01   9.429227E-03 
  1.318968E+00   2.917479E-01   9.440822E-03 
  1.322816E+00   2.686012E-01   9.156942E-03 
  1.326664E+00   2.905619E-01   9.297699E-03 
  1.330512E+00   2.916672E-01   9.537007E-03 
  1.334360E+00   2.799591E-01   9.191508E-03 
  1.338208E+00   2.735479E-01   9.215814E-03 
  1.342056E+00   2.680674E-01   8.846321E-03 
  1.345904E+00   2.833393E-01   9.280893E-03 
  1.349752E+00   2.792091E-01   9.062329E-03 
  1.353600E+00   2.914928E-01   9.438840E-03 
  1.357448E+00   2.749547E-01   9.067503E-03 
  1.361295E+00   2.859013E-01   9.374882E-03 
  1.365143E+00   2.795414E-01   5.287168E-01 
  1.368991E+00   2.645037E-01   8.973221E-03 
  1.372839E+00   2.940583E-01   9.397329E-03 
  1.376687E+00   2.664761E-01   8.769270E-03 
  1.380535E+00   2.731901E-01   8.897512E-03 
  1.384383E+00   2.597822E-01   5.096884E-01 
  1.388231E+00   2.745642E-01   9.032477E-03 
  1.392079E+00   2.724233E-01   5.219419E-01 
  1.395927E+00   2.881016E-01   9.211751E-03 
  1.399775E+00   2.805630E-01   9.059127E-03 
  1.403623E+00   2.828099E-01   9.183455E-03 
  1.407470E+00   2.790918E-01   9.014303E-03 
  1.411318E+00   2.789208E-01   8.923325E-03 
  1.415166E+00   2.771033E-01   9.025499E-03 
  1.419014E+00   2.841596E-01   9.016878E-03 
  1.422862E+00   2.642645E-01   8.749143E-03 
  1.426710E+00   2.847226E-01   8.996694E-03 
  1.430558E+00   2.771019E-01   9.084343E-03 
  1.434406E+00   2.903494E-01   5.388408E-01 
  1.438254E+00   2.554511E-01   8.591556E-03 
  1.442102E+00   2.676453E-01   8.758892E-03 
  1.445950E+00   2.618119E-01   5.116756E-01 
  1.449798E+00   2.862647E-01   9.084429E-03 
  1.453646E+00   2.639071E-01   8.577221E-03 
  1.457493E+00   2.615407E-01   8.495613E-03 
  1.461341E+00   2.686371E-01   5.183022E-01 
  1.465189E+00   2.696516E-01   8.826505E-03 
  1.469037E+00   2.651644E-01   8.701214E-03 
  1.472885E+00   2.631085E-01   8.628201E-03 
  1.476733E+00   2.640706E-01   8.646907E-03 
  1.480581E+00   2.547786E-01   8.353265E-03 
  1.484429E+00   2.548964E-01   8.443675E-03 
  1.488277E+00   2.657284E-01   8.432757E-03 
  1.492125E+00   2.564949E-01   8.481005E-03 
  1.495973E+00   2.547019E-01   8.392537E-03 
  1.499821E+00   2.393459E-01   8.133532E-03 
  1.503668E+00   2.784026E-01   8.673489E-03 
  1.507516E+00   2.683362E-01   8.533737E-03 
  1.511364E+00   2.549600E-01   8.263659E-03 
  1.515212E+00   2.429512E-01   8.200278E-03 
  1.519060E+00   2.591497E-01   8.327532E-03 
  1.522908E+00   2.515614E-01   8.286396E-03 
  1.526756E+00   2.623339E-01   8.343265E-03 
  1.530604E+00   2.638454E-01   8.350037E-03 
  1.534452E+00   2.530442E-01   8.234457E-03 
  1.538300E+00   2.542472E-01   8.275022E-03 
  1.542148E+00   2.379051E-01   7.906793E-03 
  1.545996E+00   2.698969E-01   8.535970E-03 
  1.549843E+00   2.466400E-01   8.117514E-03 
  1.553691E+00   2.456515E-01   8.087594E-03 
  1.557539E+00   2.543855E-01   8.167756E-03 
  1.561387E+00   2.597844E-01   8.429815E-03 
  1.565235E+00   2.576053E-01   8.245320E-03 
  1.569083E+00   2.496873E-01   4.996872E-01 
  1.572931E+00   2.429412E-01   7.964518E-03 
  1.576779E+00   2.449360E-01   8.075804E-03 
  1.580627E+00   2.356990E-01   7.805996E-03 
  1.584475E+00   2.486610E-01   8.023707E-03 
  1.588323E+00   2.316194E-01   4.812686E-01 
  1.592171E+00   2.496549E-01   7.981271E-03 
  1.596018E+00   2.402163E-01   7.968734E-03 
  1.599866E+00   2.509721E-01   7.998907E-03 
  1.603714E+00   2.387913E-01   7.890278E-03 
  1.607562E+00   2.436184E-01   7.895783E-03 
  1.611410E+00   2.350414E-01   7.744133E-03 
  1.615258E+00   2.397688E-01   7.799679E-03 
  1.619106E+00   2.473623E-01   7.919170E-03 
  1.622954E+00   2.452182E-01   7.778666E-03 
  1.626802E+00   2.533349E-01   8.098801E-03 
  1.630650E+00   2.200914E-01   7.440940E-03 
  1.634498E+00   2.334257E-01   7.754151E-03 
  1.638346E+00   2.467463E-01   8.013111E-03 
  1.642194E+00   2.534097E-01   8.081407E-03 
  1.646041E+00   2.456041E-01   8.069930E-03 
  1.649889E+00   2.314868E-01   4.811307E-01 
  1.653737E+00   2.419425E-01   8.203406E-03 
  1.657585E+00   2.391011E-01   4.889796E-01 
  1.661433E+00   2.230599E-01   7.779108E-03 
  1.665281E+00   2.291610E-01   7.954840E-03 
  1.669129E+00   2.427090E-01   8.244457E-03 
  1.672977E+00   2.314149E-01   8.141358E-03 
  1.676825E+00   2.267787E-01   7.962944E-03 
  1.680673E+00   2.265061E-01   8.096806E-03 
  1.684521E+00   2.276960E-01   8.059623E-03 
  1.688369E+00   2.165741E-01   7.878165E-03 
  1.692216E+00   2.195787E-01   8.031241E-03 
  1.696064E+00   2.428485E-01   8.458199E-03 
  1.699912E+00   2.274438E-01   8.118658E-03 
  1.703760E+00   2.312440E-01   8.194754E-03 
  1.707608E+00   2.227382E-01   8.070447E-03 
  1.711456E+00   2.195144E-01   4.685236E-01 
  1.715304E+00   2.216941E-01   8.170786E-03 
  1.719152E+00   2.489402E-01   4.989390E-01 
  1.723000E+00   2.272718E-01   8.542247E-03 
  1.726848E+00   2.097723E-01   8.121788E-03 
  1.730696E+00   2.390901E-01   8.903878E-03 
  1.734544E+00   2.395650E-01   8.864079E-03 
  1.738391E+00   2.378919E-01   8.979111E-03 
  1.742239E+00   2.218687E-01   8.649766E-03 
  1.746087E+00   2.349633E-01   8.966099E-03 
  1.749935E+00   2.279826E-01   8.881379E-03 
  1.753783E+00   2.208995E-01   8.664015E-03 
  1.757631E+00   2.187253E-01   8.835967E-03 
  1.761479E+00   2.143773E-01   8.656733E-03 
  1.765327E+00   2.189484E-01   8.838786E-03 
  1.769175E+00   2.029701E-01   4.505220E-01 
  1.773023E+00   2.196550E-01   4.686737E-01 
  1.776871E+00   2.204365E-01   8.548614E-03 
  1.780719E+00   2.079498E-01   4.560151E-01 
  1.784566E+00   2.205325E-01   8.336918E-03 
  1.788414E+00   2.181179E-01   8.333856E-03 
  1.792262E+00   2.205555E-01   8.480260E-03 
  1.796110E+00   2.127403E-01   8.193508E-03 
  1.799958E+00   1.996495E-01   7.984126E-03 
  1.803806E+00   2.157249E-01   8.385099E-03 
  1.807654E+00   2.143083E-01   8.209709E-03 
  1.811502E+00   2.135355E-01   8.198005E-03 
  1.815350E+00   1.951189E-01   4.417227E-01 
  1.819198E+00   2.143304E-01   8.145913E-03 
  1.823046E+00   2.151083E-01   8.113379E-03 
  1.826894E+00   2.120019E-01   8.089149E-03 
  1.830742E+00   2.063731E-01   7.814079E-03 
  1.834589E+00   2.278091E-01   8.435466E-03 
  1.838437E+00   1.988646E-01   4.459423E-01 
  1.842285E+00   1.976644E-01   4.445946E-01 
  1.846133E+00   2.155631E-01   4.642878E-01 
  1.849981E+00   2.080677E-01   7.915079E-03 
  1.853829E+00   2.166215E-01   8.135806E-03 
  1.857677E+00   2.146491E-01   8.114478E-03 
  1.861525E+00   1.990246E-01   4.461217E-01 
  1.865373E+00   1.912144E-01   7.529806E-03 
  1.869221E+00   2.073995E-01   8.025021E-03 
  1.873069E+00   1.997933E-01   7.718150E-03 
  1.876917E+00   2.216004E-01   8.136325E-03 
  1.880764E+00   2.075755E-01   7.927938E-03 
  1.884612E+00   2.017701E-01   7.784267E-03 
  1.888460E+00   2.042924E-01   7.719728E-03 
  1.892308E+00   2.081067E-01   7.792673E-03 
  1.896156E+00   1.993447E-01   7.583875E-03 
  1.900004E+00   1.961070E-01   7.796669E-03 
  1.903852E+00   1.955394E-01   7.884911E-03 
  1.907700E+00   1.996960E-01   7.933413E-03 
  1.911548E+00   1.889290E-01   7.723007E-03 
  1.915396E+00   1.909401E-01   7.778385E-03 
  1.919244E+00   2.108420E-01   8.236555E-03 
  1.923092E+00   2.058770E-01   8.169939E-03 
  1.926939E+00   2.073231E-01   8.165115E-03 
  1.930787E+00   1.991940E-01   8.080283E-03 
  1.934635E+00   2.049318E-01   8.596548E-03 
  1.938483E+00   1.878626E-01   7.834425E-03 
  1.942331E+00   1.879776E-01   7.911678E-03 
  1.946179E+00   1.986868E-01   8.158099E-03 
  1.950027E+00   1.952011E-01   8.051463E-03 
  1.953875E+00   1.890516E-01   7.849438E-03 
  1.957723E+00   2.027596E-01   8.262362E-03 
  1.961571E+00   1.977822E-01   8.261370E-03 
  1.965419E+00   1.908072E-01   8.047924E-03 
  1.969267E+00   1.961661E-01   8.140342E-03 
  1.973114E+00   1.977156E-01   8.131728E-03 
  1.976962E+00   1.881248E-01   8.069285E-03 
  1.980810E+00   2.071972E-01   8.443798E-03 
  1.984658E+00   1.885269E-01   7.880167E-03 
  1.988506E+00   1.851752E-01   8.045669E-03 
  1.992354E+00   1.789467E-01   7.879076E-03 
  1.996202E+00   1.809661E-01   7.928629E-03 
  2.000050E+00   1.855540E-01   7.905881E-03 
  2.003898E+00   1.992685E-01   8.387391E-03 
  2.007746E+00   1.783769E-01   7.854600E-03 
  2.011594E+00   1.919782E-01   8.180597E-03 
  2.015442E+00   1.937325E-01   8.112894E-03 
  2.019290E+00   2.032634E-01   8.311871E-03 
  2.023137E+00   1.744053E-01   7.827858E-03 
  2.026985E+00   1.934791E-01   8.186069E-03 
  2.030833E+00   1.779712E-01   7.890570E-03 
  2.034681E+00   1.799942E-01   7.805374E-03 
  2.038529E+00   1.788123E-01   7.844028E-03 
  2.042377E+00   1.791060E-01   7.830305E-03 
  2.046225E+00   1.811611E-01   8.077030E-03 
  2.050073E+00   1.775830E-01   7.964136E-03 
  2.053921E+00   1.892692E-01   8.023418E-03 
  2.057769E+00   1.896594E-01   8.064269E-03 
  2.061617E+00   1.844902E-01   8.011389E-03 
  2.065465E+00   1.833884E-01   8.048402E-03 
  2.069312E+00   1.741256E-01   7.767155E-03 
  2.073160E+00   1.843356E-01   8.012758E-03 
  2.077008E+00   1.828997E-01   7.948772E-03 
  2.080856E+00   1.806332E-01   7.954575E-03 
  2.084704E+00   1.776444E-01   7.803734E-03 
  2.088552E+00   1.854488E-01   8.035680E-03 
  2.092400E+00   1.669174E-01   7.663302E-03 
  2.096248E+00   1.841334E-01   8.018219E-03 
  2.100096E+00   1.597590E-01   7.489618E-03 
  2.103944E+00   1.862356E-01   8.208216E-03 
  2.107792E+00   1.663818E-01   4.078992E-01 
  2.111640E+00   1.878485E-01   8.140893E-03 
  2.115487E+00   1.783206E-01   7.894591E-03 
  2.119335E+00   1.864544E-01   8.127548E-03 
  2.123183E+00   1.699119E-01   4.122037E-01 
  2.127031E+00   1.736843E-01   4.167545E-01 
  2.130879E+00   1.719028E-01   4.146117E-01 
  2.134727E+00   1.672647E-01   7.700007E-03 
  2.138575E+00   1.820676E-01   4.266937E-01 
  2.142423E+00   1.620882E-01   4.026018E-01 
  2.146271E+00   1.676214E-01   7.778658E-03 
  2.150119E+00   1.934960E-01   8.288403E-03 
  2.153967E+00   1.585170E-01   7.494849E-03 
  2.157815E+00   1.817589E-01   8.095027E-03 
  2.161662E+00   1.709048E-01   7.721364E-03 
  2.165510E+00   1.686609E-01   7.747606E-03 
  2.169358E+00   1.674423E-01   4.091972E-01 
  2.173206E+00   1.650112E-01   7.650556E-03 
  2.177054E+00   1.662511E-01   7.688361E-03 
  2.180902E+00   1.666660E-01   7.752659E-03 
  2.184750E+00   1.761808E-01   7.892289E-03 
  2.188598E+00   1.672818E-01   7.796881E-03 
  2.192446E+00   1.646524E-01   7.704430E-03 
  2.196294E+00   1.705189E-01   7.818872E-03 
  2.200142E+00   1.701659E-01   7.806401E-03 
  2.203990E+00   1.572845E-01   7.414923E-03 
  2.207838E+00   1.777369E-01   8.000225E-03 
  2.211685E+00   1.720362E-01   7.899177E-03 
  2.215533E+00   1.709671E-01   7.806915E-03 
  2.219381E+00   1.598039E-01   7.530082E-03 
  2.223229E+00   1.680387E-01   7.755758E-03 
  2.227077E+00   1.529548E-01   3.910943E-01 
  2.230925E+00   1.608836E-01   4.011030E-01 
  2.234773E+00   1.417758E-01   3.765313E-01 
  2.238621E+00   1.597513E-01   7.497228E-03 
  2.242469E+00   1.636402E-01   4.045247E-01 
  2.246317E+00   1.622007E-01   4.027415E-01 
  2.250165E+00   1.806559E-01   8.043157E-03 
  2.254013E+00   1.521411E-01   7.586329E-03 
  2.257860E+00   1.666423E-01   7.655602E-03 
  2.261708E+00   1.652520E-01   7.820331E-03 
  2.265556E+00   1.718205E-01   7.926518E-03 
  2.269404E+00   1.614674E-01   7.656688E-03 
  2.273252E+00   1.684557E-01   7.828725E-03 
  2.277100E+00   1.564624E-01   7.550063E-03 
  2.280948E+00   1.528023E-01   3.908993E-01 
  2.284796E+00   1.598213E-01   7.615239E-03 
  2.288644E+00   1.568297E-01   7.592061E-03 
  2.292492E+00   1.582614E-01   7.649524E-03 
  2.296340E+00   1.822288E-01   8.138760E-03 
  2.300188E+00   1.630531E-01   7.647257E-03 
  2.304035E+00   1.661223E-01   7.738875E-03 
  2.307883E+00   1.649099E-01   7.730407E-03 
  2.311731E+00   1.540228E-01   7.511666E-03 
  2.315579E+00   1.708624E-01   7.812474E-03 
  2.319427E+00   1.485088E-01   7.533478E-03 
  2.323275E+00   1.669253E-01   7.835266E-03 
  2.327123E+00   1.505504E-01   7.352510E-03 
  2.330971E+00   1.559556E-01   7.486466E-03 
  2.334819E+00   1.564274E-01   7.623722E-03 
  2.338667E+00   1.541509E-01   7.440689E-03 
  2.342515E+00   1.518383E-01   7.503842E-03 
  2.346363E+00   1.562967E-01   7.548531E-03 
  2.350211E+00   1.533625E-01   3.916152E-01 
  2.354058E+00   1.549191E-01   7.541258E-03 
  2.357906E+00   1.697404E-01   7.952340E-03 
  2.361754E+00   1.616518E-01   7.872873E-03 
  2.365602E+00   1.593604E-01   7.638237E-03 
  2.369450E+00   1.438566E-01   7.290693E-03 
  2.373298E+00   1.636315E-01   7.758109E-03 
  2.377146E+00   1.458000E-01   7.270327E-03 
  2.380994E+00   1.659816E-01   4.074084E-01 
  2.384842E+00   1.555237E-01   7.624404E-03 
  2.388690E+00   1.642100E-01   7.682687E-03 
  2.392538E+00   1.622051E-01   7.645296E-03 
  2.396386E+00   1.493953E-01   7.374110E-03 
  2.400233E+00   1.504928E-01   7.445286E-03 
  2.404081E+00   1.652520E-01   7.737237E-03 
  2.407929E+00   1.543628E-01   7.479660E-03 
  2.411777E+00   1.559687E-01   7.507638E-03 
  2.415625E+00   1.507336E-01   7.425767E-03 
  2.419473E+00   1.511281E-01   7.336852E-03 
  2.423321E+00   1.644828E-01   7.713400E-03 
  2.427169E+00   1.519484E-01   7.410499E-03 
  2.431017E+00   1.688652E-01   7.860406E-03 
  2.434865E+00   1.576180E-01   7.537326E-03 
  2.438713E+00   1.512539E-01   7.335454E-03 
  2.442561E+00   1.482865E-01   7.287797E-03 
  2.446408E+00   1.549670E-01   7.626490E-03 
  2.450256E+00   1.475766E-01   7.271660E-03 
  2.454104E+00   1.654531E-01   7.661788E-03 
  2.457952E+00   1.588725E-01   7.473899E-03 
  2.461800E+00   1.474888E-01   7.199107E-03 
  2.465648E+00   1.592326E-01   7.567711E-03 
  2.469496E+00   1.694166E-01   7.761700E-03 
  2.473344E+00   1.517832E-01   7.340388E-03 
  2.477192E+00   1.498202E-01   7.327945E-03 
  2.481040E+00   1.611583E-01   7.514349E-03 
  2.484888E+00   1.545069E-01   7.438595E-03 
  2.488736E+00   1.517385E-01   7.312710E-03 
  2.492583E+00   1.528956E-01   7.378143E-03 
  2.496431E+00   1.495125E-01   7.236146E-03 
  2.500279E+00   1.571111E-01   7.357962E-03 
  2.504127E+00   1.644306E-01   7.778610E-03 
  2.507975E+00   1.366455E-01   6.957645E-03 
  2.511823E+00   1.574160E-01   7.503100E-03 
  2.515671E+00   1.636348E-01   7.503182E-03 
  2.519519E+00   1.487578E-01   7.343769E-03 
  2.523367E+00   1.568546E-01   7.360367E-03 
  2.527215E+00   1.533498E-01   7.436055E-03 
  2.531063E+00   1.634881E-01   7.658860E-03 
  2.534911E+00   1.564066E-01   7.456089E-03 
  2.538759E+00   1.494263E-01   3.865570E-01 
  2.542606E+00   1.418647E-01   7.039375E-03 
  2.546454E+00   1.646637E-01   7.700597E-03 
  2.550302E+00   1.617316E-01   4.021587E-01 
  2.554150E+00   1.621376E-01   7.672388E-03 
  2.557998E+00   1.467219E-01   7.137440E-03 
  2.561846E+00   1.522216E-01   7.355397E-03 
  2.565694E+00   1.416451E-01   6.892933E-03 
  2.569542E+00   1.579448E-01   7.462190E-03 
  2.573390E+00   1.501196E-01   7.144862E-03 
  2.577238E+00   1.563192E-01   7.270608E-03 
  2.581086E+00   1.658077E-01   7.581603E-03 
  2.584934E+00   1.534720E-01   7.301940E-03 
  2.588781E+00   1.456939E-01   7.061575E-03 
  2.592629E+00   1.560406E-01   7.375628E-03 
  2.596477E+00   1.536914E-01   7.265322E-03 
  2.600325E+00   1.479455E-01   7.110964E-03 
  2.604173E+00   1.517031E-01   7.343520E-03 
  2.608021E+00   1.545491E-01   7.374306E-03 
  2.611869E+00   1.484874E-01   7.294862E-03 
  2.615717E+00   1.570033E-01   7.303305E-03 
  2.619565E+00   1.439511E-01   7.027675E-03 
  2.623413E+00   1.622084E-01   7.475161E-03 
  2.627261E+00   1.547248E-01   7.275250E-03 
  2.631109E+00   1.454726E-01   7.088155E-03 
  2.634956E+00   1.591574E-01   7.320134E-03 
  2.638804E+00   1.501564E-01   7.279855E-03 
  2.642652E+00   1.535946E-01   7.328613E-03 
  2.646500E+00   1.451229E-01   7.113986E-03 
  2.650348E+00   1.575758E-01   7.336063E-03 
  2.654196E+00   1.584007E-01   7.285331E-03 
  2.658044E+00   1.503355E-01   7.337509E-03 
  2.661892E+00   1.528615E-01   7.175330E-03 
  2.665740E+00   1.389412E-01   3.727481E-01 
  2.669588E+00   1.497456E-01   7.152973E-03 
  2.673436E+00   1.425669E-01   3.775803E-01 
  2.677284E+00   1.478005E-01   7.210534E-03 
  2.681131E+00   1.504405E-01   7.184245E-03 
  2.684979E+00   1.403490E-01   6.957556E-03 
  2.688827E+00   1.615149E-01   7.494644E-03 
  2.692675E+00   1.423528E-01   6.948194E-03 
  2.696523E+00   1.545115E-01   7.391540E-03 
  2.700371E+00   1.568208E-01   7.458879E-03 
  2.704219E+00   1.445318E-01   7.026650E-03 
  2.708067E+00   1.453761E-01   7.168382E-03 
  2.711915E+00   1.526618E-01   7.346861E-03 
  2.715763E+00   1.421962E-01   3.770891E-01 
  2.719611E+00   1.541126E-01   7.449628E-03 
  2.723459E+00   1.531110E-01   3.912940E-01 
  2.727307E+00   1.513133E-01   7.351933E-03 
  2.731154E+00   1.517906E-01   7.199640E-03 
  2.735002E+00   1.568194E-01   7.374855E-03 
  2.738850E+00   1.532903E-01   7.266931E-03 
  2.742698E+00   1.452329E-01   7.155806E-03 
  2.746546E+00   1.491039E-01   7.208250E-03 
  2.750394E+00   1.423222E-01   7.035941E-03 
  2.754242E+00   1.551381E-01   7.264753E-03 
  2.758090E+00   1.501564E-01   7.282270E-03 
  2.761938E+00   1.570452E-01   7.379357E-03 
  2.765786E+00   1.447847E-01   7.200061E-03 
  2.769634E+00   1.510811E-01   7.207153E-03 
  2.773482E+00   1.531195E-01   7.294945E-03 
  2.777329E+00   1.552357E-01   7.280501E-03 
  2.781177E+00   1.518271E-01   7.310830E-03 
  2.785025E+00   1.467446E-01   3.830726E-01 
  2.788873E+00   1.481721E-01   3.849313E-01 
  2.792721E+00   1.512650E-01   7.379689E-03 
  2.796569E+00   1.602493E-01   7.489101E-03 
  2.800417E+00   1.426659E-01   3.777113E-01 
  2.804265E+00   1.319637E-01   6.857480E-03 
  2.808113E+00   1.343276E-01   6.758196E-03 
  2.811961E+00   1.415263E-01   6.979556E-03 
  2.815809E+00   1.616906E-01   7.633486E-03 
  2.819657E+00   1.439553E-01   3.794144E-01 
  2.823504E+00   1.445594E-01   7.124698E-03 
  2.827352E+00   1.456888E-01   7.013951E-03 
  2.831200E+00   1.365761E-01   7.006112E-03 
  2.835048E+00   1.544657E-01   7.278861E-03 
  2.838896E+00   1.487911E-01   7.204729E-03 
  2.842744E+00   1.527590E-01   3.908440E-01 
  2.846592E+00   1.431398E-01   7.096393E-03 
  2.850440E+00   1.479100E-01   7.144314E-03 
  2.854288E+00   1.378773E-01   6.965094E-03 
  2.858136E+00   1.377651E-01   6.880786E-03 
  2.861984E+00   1.410221E-01   7.013231E-03 
  2.865832E+00   1.472656E-01   7.195452E-03 
  2.869679E+00   1.663503E-01   7.611743E-03 
  2.873527E+00   1.447876E-01   7.131724E-03 
  2.877375E+00   1.504516E-01   3.878809E-01 
  2.881223E+00   1.472566E-01   3.837403E-01 
  2.885071E+00   1.545457E-01   3.931230E-01 
  2.888919E+00   1.467599E-01   3.830926E-01 
  2.892767E+00   1.557106E-01   7.320970E-03 
  2.896615E+00   1.514278E-01   3.891372E-01 
  2.900463E+00   1.555456E-01   7.378268E-03 
  2.904311E+00   1.564043E-01   7.402830E-03 
  2.908159E+00   1.404163E-01   7.015336E-03 
  2.912007E+00   1.580387E-01   7.453560E-03 
  2.915855E+00   1.583854E-01   7.442154E-03 
  2.919702E+00   1.470072E-01   7.217340E-03 
  2.923550E+00   1.495565E-01   7.360912E-03 
  2.927398E+00   1.384912E-01   6.960670E-03 
  2.931246E+00   1.389298E-01   6.986519E-03 
  2.935094E+00   1.440819E-01   7.113884E-03 
  2.938942E+00   1.514556E-01   3.891730E-01 
  2.942790E+00   1.307030E-01   6.725515E-03 
  2.946638E+00   1.599589E-01   7.635687E-03 
  2.950486E+00   1.534339E-01   7.350291E-03 
  2.954334E+00   1.437258E-01   7.236889E-03 
  2.958182E+00   1.602233E-01   7.657774E-03 
  2.962030E+00   1.281112E-01   6.699865E-03 
  2.965877E+00   1.391781E-01   6.996371E-03 
  2.969725E+00   1.440807E-01   3.795797E-01 
  2.973573E+00   1.594079E-01   7.431782E-03 
  2.977421E+00   1.452650E-01   3.811365E-01 
  2.981269E+00   1.599589E-01   7.482863E-03 
  2.985117E+00   1.527236E-01   7.367433E-03 
  2.988965E+00   1.475177E-01   7.226385E-03 
  2.992813E+00   1.447993E-01   7.315944E-03 
  2.996661E+00   1.444376E-01   3.800495E-01 
  3.000509E+00   1.566955E-01   7.465949E-03 
  3.004357E+00   1.632957E-01   7.525396E-03 
  3.008205E+00   1.447934E-01   7.192242E-03 
  3.012052E+00   1.582037E-01   7.552667E-03 
  3.015900E+00   1.547546E-01   7.519159E-03 
  3.019748E+00   1.513412E-01   7.384364E-03 
  3.023596E+00   1.536130E-01   7.537319E-03 
  3.027444E+00   1.595373E-01   3.994212E-01 
  3.031292E+00   1.591551E-01   7.547002E-03 
  3.035140E+00   1.445594E-01   3.802096E-01 
  3.038988E+00   1.609785E-01   7.606546E-03 
  3.042836E+00   1.579801E-01   7.522183E-03 
  3.046684E+00   1.471102E-01   3.835494E-01 
  3.050532E+00   1.523729E-01   7.421123E-03 
  3.054380E+00   1.546724E-01   7.366388E-03 
  3.058227E+00   1.506624E-01   7.296352E-03 
  3.062075E+00   1.582759E-01   7.451244E-03 
  3.065923E+00   1.589129E-01   7.567205E-03 
  3.069771E+00   1.442010E-01   3.797380E-01 
  3.073619E+00   1.515060E-01   7.380186E-03 
  3.077467E+00   1.365936E-01   3.695857E-01 
  3.081315E+00   1.524070E-01   7.309701E-03 
  3.085163E+00   1.389865E-01   7.013424E-03 
  3.089011E+00   1.418390E-01   7.050220E-03 
  3.092859E+00   1.408389E-01   7.052850E-03 
  3.096707E+00   1.446713E-01   7.264389E-03 
  3.100555E+00   1.464797E-01   7.259439E-03 
  3.104403E+00   1.582177E-01   3.977659E-01 
  3.108250E+00   1.509137E-01   7.436115E-03 
  3.112098E+00   1.456454E-01   7.237177E-03 
  3.115946E+00   1.399283E-01   7.094281E-03 
  3.119794E+00   1.515136E-01   7.396659E-03 
  3.123642E+00   1.509477E-01   7.356417E-03 
  3.127490E+00   1.444376E-01   7.122774E-03 
  3.131338E+00   1.546083E-01   7.457086E-03 
  3.135186E+00   1.694569E-01   7.704878E-03 
  3.139034E+00   1.506099E-01   7.273273E-03 
  3.142882E+00   1.486718E-01   7.310462E-03 
  3.146730E+00   1.549105E-01   7.406514E-03 
  3.150578E+00   1.478031E-01   7.305778E-03 
  3.154425E+00   1.485347E-01   7.513086E-03 
  3.158273E+00   1.523039E-01   7.347085E-03 
  3.162121E+00   1.570522E-01   7.416337E-03 
  3.165969E+00   1.406331E-01   7.074709E-03 
  3.169817E+00   1.456403E-01   7.225463E-03 
  3.173665E+00   1.599077E-01   7.538044E-03 
  3.177513E+00   1.544797E-01   7.423739E-03 
  3.181361E+00   1.520972E-01   7.443516E-03 
  3.185209E+00   1.555748E-01   7.551138E-03 
  3.189057E+00   1.476395E-01   7.316857E-03 
  3.192905E+00   1.631023E-01   7.685020E-03 
  3.196753E+00   1.483160E-01   7.185200E-03 
  3.200600E+00   1.405243E-01   7.042360E-03 
  3.204448E+00   1.376189E-01   6.955518E-03 
  3.208296E+00   1.456252E-01   7.195669E-03 
  3.212144E+00   1.444460E-01   7.211986E-03 
  3.215992E+00   1.442084E-01   7.264298E-03 
  3.219840E+00   1.468226E-01   7.196773E-03 
  3.223688E+00   1.436075E-01   7.318826E-03 
  3.227536E+00   1.491448E-01   3.861927E-01 
  3.231384E+00   1.583642E-01   7.480769E-03 
  3.235232E+00   1.489794E-01   7.269114E-03 
  3.239080E+00   1.416162E-01   7.074385E-03 
  3.242928E+00   1.387518E-01   7.103139E-03 
  3.246775E+00   1.380340E-01   7.030798E-03 
  3.250623E+00   1.530126E-01   7.442238E-03 
  3.254471E+00   1.488688E-01   7.302648E-03 
  3.258319E+00   1.517999E-01   7.422179E-03 
  3.262167E+00   1.673622E-01   7.780287E-03 
  3.266015E+00   1.443310E-01   7.163230E-03 
  3.269863E+00   1.497415E-01   7.408491E-03 
  3.273711E+00   1.489132E-01   7.230447E-03 
  3.277559E+00   1.497262E-01   7.348488E-03 
  3.281407E+00   1.357679E-01   3.684670E-01 
  3.285255E+00   1.396083E-01   3.736420E-01 
  3.289103E+00   1.446766E-01   3.803638E-01 
  3.292951E+00   1.433656E-01   7.150618E-03 
  3.296798E+00   1.491033E-01   7.375375E-03 
  3.300646E+00   1.620126E-01   7.637038E-03 
  3.304494E+00   1.484226E-01   7.275195E-03 
  3.308342E+00   1.515258E-01   7.454749E-03 
  3.312190E+00   1.406478E-01   7.049946E-03 
  3.316038E+00   1.524339E-01   7.395348E-03 
  3.319886E+00   1.478136E-01   7.251506E-03 
  3.323734E+00   1.497262E-01   7.438595E-03 
  3.327582E+00   1.442084E-01   7.200113E-03 
  3.331430E+00   1.472067E-01   7.321998E-03 
  3.335278E+00   1.621963E-01   7.649249E-03 
  3.339126E+00   1.510211E-01   7.259728E-03 
  3.342973E+00   1.494393E-01   7.320898E-03 
  3.346821E+00   1.526281E-01   7.423539E-03 
  3.350669E+00   1.436075E-01   7.090464E-03 
  3.354517E+00   1.657010E-01   7.718648E-03 
  3.358365E+00   1.470665E-01   7.324518E-03 
  3.362213E+00   1.399811E-01   7.082534E-03 
  3.366061E+00   1.394155E-01   6.959494E-03 
  3.369909E+00   1.346773E-01   6.915331E-03 
  3.373757E+00   1.434868E-01   7.171357E-03 
  3.377605E+00   1.535032E-01   7.542172E-03 
  3.381453E+00   1.420374E-01   7.179199E-03 
  3.385301E+00   1.353389E-01   7.066911E-03 
  3.389148E+00   1.524504E-01   7.301781E-03 
  3.392996E+00   1.445689E-01   7.188499E-03 
  3.396844E+00   1.508605E-01   7.414301E-03 
  3.400692E+00   1.568266E-01   7.452291E-03 
  3.404540E+00   1.578724E-01   7.490573E-03 
  3.408388E+00   1.485595E-01   7.359804E-03 
  3.412236E+00   1.509875E-01   7.473615E-03 
  3.416084E+00   1.586293E-01   7.513086E-03 
  3.419932E+00   1.637929E-01   4.047133E-01 
  3.423780E+00   1.466094E-01   7.182488E-03 
  3.427628E+00   1.419349E-01   7.098969E-03 
  3.431476E+00   1.632928E-01   7.507127E-03 
  3.435324E+00   1.423874E-01   7.376689E-03 
  3.439171E+00   1.549670E-01   7.546528E-03 
  3.443019E+00   1.559687E-01   3.949287E-01 
  3.446867E+00   1.513310E-01   7.469829E-03 
  3.450715E+00   1.453070E-01   7.411205E-03 
  3.454563E+00   1.484347E-01   7.457285E-03 
  3.458411E+00   1.470123E-01   7.315412E-03 
  3.462259E+00   1.508240E-01   7.432303E-03 
  3.466107E+00   1.596034E-01   7.447802E-03 
  3.469955E+00   1.398728E-01   7.167643E-03 
  3.473803E+00   1.537360E-01   3.920919E-01 
  3.477651E+00   1.540209E-01   7.479917E-03 
  3.481499E+00   1.589513E-01   7.540966E-03 
  3.485346E+00   1.463032E-01   7.275379E-03 
  3.489194E+00   1.648739E-01   7.670555E-03 
  3.493042E+00   1.563292E-01   7.510405E-03 
  3.496890E+00   1.652569E-01   7.685735E-03 
  3.500738E+00   1.512231E-01   7.387647E-03 
  3.504586E+00   1.445617E-01   7.197300E-03 
  3.508434E+00   1.492699E-01   7.334923E-03 
  3.512282E+00   1.622345E-01   7.645378E-03 
  3.516130E+00   1.542541E-01   7.527559E-03 
  3.519978E+00   1.386597E-01   7.056051E-03 
  3.523826E+00   1.590505E-01   7.622129E-03 
  3.527674E+00   1.377758E-01   7.107814E-03 
  3.531521E+00   1.510771E-01   7.361589E-03 
  3.535369E+00   1.524223E-01   7.360069E-03 
  3.539217E+00   1.453937E-01   7.247260E-03 
  3.543065E+00   1.433668E-01   7.112036E-03 
  3.546913E+00   1.538912E-01   7.379859E-03 
  3.550761E+00   1.437282E-01   7.216108E-03 
  3.554609E+00   1.625128E-01   7.644718E-03 
  3.558457E+00   1.651972E-01   7.738437E-03 
  3.562305E+00   1.562004E-01   7.587511E-03 
  3.566153E+00   1.468274E-01   7.574444E-03 
  3.570001E+00   1.559520E-01   7.980466E-03 
  3.573849E+00   1.528725E-01   7.960323E-03 
  3.577696E+00   1.602959E-01   8.380413E-03 
  3.581544E+00   1.582342E-01   8.424762E-03 
  3.585392E+00   1.518093E-01   8.428015E-03 
  3.589240E+00   1.648082E-01   8.672878E-03 
  3.593088E+00   1.579361E-01   8.695647E-03 
  3.596936E+00   1.462156E-01   8.333785E-03 
  3.600784E+00   1.569819E-01   8.893370E-03 
  3.604632E+00   1.526577E-01   8.732306E-03 
  3.608480E+00   1.392924E-01   8.479267E-03 
  3.612328E+00   1.469678E-01   8.725067E-03 
  3.616176E+00   1.466516E-01   8.889681E-03 
  3.620024E+00   1.526406E-01   9.197392E-03 
  3.623872E+00   1.465685E-01   9.079056E-03 
  3.627719E+00   1.518520E-01   9.295136E-03 
  3.631567E+00   1.439870E-01   9.098269E-03 
  3.635415E+00   1.628353E-01   9.948734E-03 
  3.639263E+00   1.555912E-01   9.596682E-03 
  3.643111E+00   1.361474E-01   9.103462E-03 
  3.646959E+00   1.699970E-01   1.016661E-02 
  3.650807E+00   1.636999E-01   1.012925E-02 
  3.654655E+00   1.453223E-01   9.481608E-03 
  3.658503E+00   1.579033E-01   1.008773E-02 
  3.662351E+00   1.652379E-01   1.029880E-02 
  3.666199E+00   1.424821E-01   9.695316E-03 
  3.670047E+00   1.604490E-01   1.029331E-02 
  3.673894E+00   1.644576E-01   1.076405E-02 
  3.677742E+00   1.577561E-01   1.045529E-02 
  3.681590E+00   1.280824E-01   9.512472E-03 
  3.685438E+00   1.326172E-01   9.763549E-03 
  3.689286E+00   1.735155E-01   1.134306E-02 
  3.693134E+00   1.592505E-01   1.085268E-02 
  3.696982E+00   1.453931E-01   1.056377E-02 
  3.700830E+00   1.688251E-01   1.156366E-02 
  3.704678E+00   1.520087E-01   1.090938E-02 
  3.708526E+00   1.545700E-01   1.151891E-02 
  3.712374E+00   1.455370E-01   1.094352E-02 
  3.716222E+00   1.532002E-01   1.136029E-02 
  3.720069E+00   1.501481E-01   1.144573E-02 
  3.723917E+00   1.688121E-01   1.216482E-02 
  3.727765E+00   1.335816E-01   1.067352E-02 
  3.731613E+00   1.611059E-01   1.217193E-02 
  3.735461E+00   1.510195E-01   1.190111E-02 
  3.739309E+00   1.342824E-01   1.127866E-02 
  3.743157E+00   1.254540E-01   1.098428E-02 
  3.747005E+00   1.700107E-01   1.286694E-02 
  3.750853E+00   1.713271E-01   1.301386E-02 
  3.754701E+00   1.362086E-01   1.171055E-02 
  3.758549E+00   1.442947E-01   1.198171E-02 
  3.762397E+00   1.432512E-01   1.244081E-02 
  3.766244E+00   1.750880E-01   1.339248E-02 
  3.770092E+00   1.542587E-01   1.295718E-02 
  3.773940E+00   1.395151E-01   1.260631E-02 
  3.777788E+00   1.501004E-01   1.312863E-02 
  3.781636E+00   1.587856E-01   1.372969E-02 
  3.785484E+00   1.535252E-01   1.357688E-02 
  3.789332E+00   1.585330E-01   1.394143E-02 
  3.793180E+00   1.591896E-01   1.406873E-02 
  3.797028E+00   1.282507E-01   1.291430E-02 
  3.800876E+00   1.682901E-01   1.501788E-02 
  3.804724E+00   1.809195E-01   1.515495E-02 
  3.808572E+00   1.459016E-01   1.430428E-02 
  3.812420E+00   1.385282E-01   1.355272E-02 
  3.816267E+00   1.646000E-01   1.529172E-02 
  3.820115E+00   1.645503E-01   1.552540E-02 
  3.823963E+00   1.567960E-01   1.513779E-02 
  3.827811E+00   1.482904E-01   1.514548E-02 
  3.831659E+00   1.529733E-01   1.558720E-02 
  3.835507E+00   1.605347E-01   1.693341E-02 
  3.839355E+00   1.988412E-01   1.793424E-02 
  3.843203E+00   1.695607E-01   1.707821E-02 
  3.847051E+00   1.482588E-01   1.613489E-02 
  3.850899E+00   1.622579E-01   1.748135E-02 
  3.854747E+00   1.249024E-01   1.525284E-02 
  3.858595E+00   1.561238E-01   1.743778E-02 
  3.862442E+00   1.409604E-01   1.669523E-02 
  3.866290E+00   1.333499E-01   1.639396E-02 
  3.870138E+00   1.515456E-01   1.792739E-02 
  3.873986E+00   1.457834E-01   1.833422E-02 
  3.877834E+00   1.615585E-01   1.932818E-02 
  3.881682E+00   1.714268E-01   1.988454E-02 
  3.885530E+00   1.384787E-01   1.894401E-02 
  3.889378E+00   1.174971E-01   1.715995E-02 
  3.893226E+00   1.945651E-01   2.339692E-02 
  3.897074E+00   1.392293E-01   1.881278E-02 
  3.900922E+00   1.867902E-01   2.344749E-02 
  3.904770E+00   1.688359E-01   2.167223E-02 
  3.908617E+00   1.874572E-01   2.464192E-02 
  3.912465E+00   2.299880E-01   2.723958E-02 
  3.916313E+00   1.673443E-01   2.485085E-02 
  3.920161E+00   1.651487E-01   2.373717E-02 
