
SAXS 
     1000         0         0         0         0         0         0         0 
  0.000000E+00   3.499999E+02   0.000000E+00   0.000000E+00   1.340000E-01 
  0.000000E+00   0.000000E+00   0.000000E+00   0.000000E+00   0.000000E+00 
  2.261171E-01   3.502888E+01   5.341855E+00 
  2.360959E-01   3.192313E+01   4.228321E+00 
  2.460748E-01   2.800274E+01   2.504641E+00 
  2.560536E-01   2.464241E+01   2.060702E+00 
  2.660325E-01   2.826123E+01   1.973850E+00 
  2.760113E-01   2.688263E+01   1.683456E+00 
  2.859902E-01   2.566465E+01   1.494254E+00 
  2.959690E-01   2.534019E+01   1.364270E+00 
  3.059479E-01   2.468941E+01   1.243835E+00 
  3.159268E-01   2.544889E+01   1.254447E+00 
  3.259056E-01   2.257905E+01   1.153736E+00 
  3.358845E-01   2.372189E+01   1.135343E+00 
  3.458633E-01   2.500195E+01   1.175993E+00 
  3.558422E-01   2.425069E+01   1.114906E+00 
  3.658210E-01   2.326773E+01   1.088419E+00 
  3.757999E-01   2.214895E+01   1.038861E+00 
  3.857787E-01   2.219750E+01   1.004834E+00 
  3.957576E-01   2.340801E+01   1.034497E+00 
  4.057364E-01   2.049426E+01   9.373854E-01 
  4.157153E-01   2.139019E+01   9.767720E-01 
  4.256941E-01   2.244220E+01   1.418104E+01 
  4.356730E-01   2.185658E+01   1.399479E+01 
  4.456519E-01   2.057858E+01   1.357947E+01 
  4.556307E-01   2.146035E+01   9.047994E-01 
  4.656096E-01   2.091371E+01   1.368960E+01 
  4.755884E-01   1.991143E+01   1.335754E+01 
  4.855673E-01   2.181779E+01   1.398236E+01 
  4.955461E-01   2.081464E+01   1.365714E+01 
  5.055250E-01   2.022498E+01   8.415686E-01 
  5.155038E-01   2.043636E+01   8.430100E-01 
  5.254827E-01   1.906349E+01   8.121319E-01 
  5.354615E-01   1.934735E+01   8.103713E-01 
  5.454404E-01   2.034288E+01   8.297204E-01 
  5.554192E-01   1.937749E+01   7.917429E-01 
  5.653981E-01   1.939120E+01   8.161117E-01 
  5.753769E-01   1.888529E+01   7.788162E-01 
  5.853558E-01   1.874536E+01   7.858466E-01 
  5.953347E-01   1.927556E+01   7.882361E-01 
  6.053135E-01   1.863000E+01   7.574173E-01 
  6.152924E-01   1.900098E+01   7.882937E-01 
  6.252712E-01   1.835735E+01   7.557602E-01 
  6.352501E-01   1.801413E+01   7.447928E-01 
  6.452289E-01   1.769011E+01   7.347441E-01 
  6.552078E-01   1.875213E+01   7.485536E-01 
  6.651866E-01   1.843290E+01   7.632547E-01 
  6.751655E-01   1.818531E+01   7.297513E-01 
  6.851443E-01   1.738049E+01   7.229332E-01 
  6.951232E-01   1.768923E+01   7.083855E-01 
  7.051020E-01   1.636462E+01   6.933911E-01 
  7.150809E-01   1.675219E+01   6.982744E-01 
  7.250597E-01   1.749640E+01   1.252130E+01 
  7.350386E-01   1.760684E+01   1.256076E+01 
  7.450175E-01   1.494374E+01   1.157191E+01 
  7.549963E-01   1.645082E+01   6.809962E-01 
  7.649752E-01   1.518951E+01   6.464380E-01 
  7.749540E-01   1.576571E+01   6.545677E-01 
  7.849329E-01   1.718636E+01   6.841783E-01 
  7.949117E-01   1.651399E+01   6.550488E-01 
  8.048906E-01   1.569793E+01   6.551501E-01 
  8.148694E-01   1.511661E+01   6.266037E-01 
  8.248483E-01   1.615548E+01   6.469648E-01 
  8.348271E-01   1.524128E+01   6.293109E-01 
  8.448060E-01   1.505326E+01   6.181632E-01 
  8.547848E-01   1.474192E+01   6.144815E-01 
  8.647637E-01   1.535431E+01   6.216779E-01 
  8.747426E-01   1.515248E+01   6.103910E-01 
  8.847214E-01   1.450809E+01   6.034569E-01 
  8.947003E-01   1.449944E+01   5.968714E-01 
  9.046791E-01   1.429333E+01   5.916852E-01 
  9.146580E-01   1.475715E+01   5.900217E-01 
  9.246368E-01   1.248293E+01   5.468872E-01 
  9.346157E-01   1.368220E+01   5.740923E-01 
  9.445945E-01   1.340865E+01   5.596074E-01 
  9.545734E-01   1.317581E+01   5.589999E-01 
  9.645522E-01   1.335738E+01   5.505868E-01 
  9.745311E-01   1.282772E+01   5.449974E-01 
  9.845099E-01   1.257790E+01   1.061645E+01 
  9.944888E-01   1.273294E+01   1.068168E+01 
  1.004468E+00   1.209718E+01   5.234373E-01 
  1.014447E+00   1.187703E+01   1.031643E+01 
  1.024425E+00   1.137987E+01   1.009820E+01 
  1.034404E+00   1.171460E+01   1.024564E+01 
  1.044383E+00   1.296767E+01   5.260988E-01 
  1.054362E+00   1.257986E+01   5.222415E-01 
  1.064341E+00   1.157660E+01   4.972023E-01 
  1.074320E+00   1.203441E+01   5.103729E-01 
  1.084298E+00   1.066366E+01   4.764170E-01 
  1.094277E+00   1.155097E+01   4.911971E-01 
  1.104256E+00   1.121893E+01   4.854360E-01 
  1.114235E+00   1.165944E+01   1.022149E+01 
  1.124214E+00   1.104278E+01   9.947512E+00 
  1.134193E+00   1.050829E+01   4.670948E-01 
  1.144172E+00   1.056315E+01   4.571123E-01 
  1.154150E+00   1.052286E+01   4.650493E-01 
  1.164129E+00   1.053003E+01   4.580177E-01 
  1.174108E+00   1.055962E+01   4.565324E-01 
  1.184087E+00   1.056419E+01   4.608133E-01 
  1.194066E+00   9.501620E+00   4.283661E-01 
  1.204045E+00   1.053703E+01   4.591920E-01 
  1.214024E+00   9.801319E+00   4.337716E-01 
  1.224002E+00   8.941812E+00   4.128945E-01 
  1.233981E+00   9.580955E+00   4.256899E-01 
  1.243960E+00   9.471838E+00   4.250581E-01 
  1.253939E+00   9.730051E+00   4.325535E-01 
  1.263918E+00   8.887277E+00   4.043851E-01 
  1.273897E+00   9.280238E+00   4.175376E-01 
  1.283876E+00   8.993997E+00   8.977422E+00 
  1.293854E+00   8.776117E+00   8.868016E+00 
  1.303833E+00   8.023719E+00   3.871361E-01 
  1.313812E+00   8.939668E+00   3.975896E-01 
  1.323791E+00   8.050219E+00   3.829099E-01 
  1.333770E+00   9.385061E+00   4.072769E-01 
  1.343749E+00   7.511961E+00   3.684991E-01 
  1.353728E+00   8.384949E+00   3.873626E-01 
  1.363706E+00   8.237839E+00   3.757850E-01 
  1.373685E+00   7.985255E+00   3.757777E-01 
  1.383664E+00   7.755674E+00   3.671922E-01 
  1.393643E+00   8.805486E+00   3.899135E-01 
  1.403622E+00   8.276975E+00   3.809786E-01 
  1.413601E+00   6.997539E+00   7.918591E+00 
  1.423579E+00   7.697820E+00   8.305373E+00 
  1.433558E+00   8.323212E+00   3.737232E-01 
  1.443537E+00   7.110999E+00   3.473950E-01 
  1.453516E+00   6.647222E+00   3.313025E-01 
  1.463495E+00   7.168702E+00   3.433185E-01 
  1.473474E+00   6.473432E+00   3.307249E-01 
  1.483453E+00   6.909476E+00   3.326017E-01 
  1.493431E+00   7.155451E+00   3.442668E-01 
  1.503410E+00   7.000483E+00   3.365928E-01 
  1.513389E+00   6.298401E+00   3.187031E-01 
  1.523368E+00   6.938936E+00   3.375582E-01 
  1.533347E+00   6.467817E+00   3.153869E-01 
  1.543326E+00   6.693358E+00   7.744570E+00 
  1.553305E+00   5.916376E+00   7.281203E+00 
  1.563283E+00   6.448072E+00   3.180133E-01 
  1.573262E+00   6.327214E+00   3.187605E-01 
  1.583241E+00   6.437882E+00   3.126068E-01 
  1.593220E+00   6.240001E+00   3.113934E-01 
  1.603199E+00   5.814545E+00   2.994643E-01 
  1.613178E+00   5.635191E+00   2.945561E-01 
  1.623157E+00   6.401931E+00   3.121741E-01 
  1.633135E+00   6.194372E+00   3.025714E-01 
  1.643114E+00   5.364335E+00   2.859200E-01 
  1.653093E+00   5.797866E+00   2.933757E-01 
  1.663072E+00   5.879173E+00   2.965651E-01 
  1.673051E+00   5.677707E+00   2.910458E-01 
  1.683030E+00   5.192418E+00   2.732852E-01 
  1.693009E+00   5.080848E+00   2.769522E-01 
  1.702987E+00   4.821736E+00   2.646272E-01 
  1.712966E+00   4.772324E+00   2.639101E-01 
  1.722945E+00   5.015201E+00   2.692301E-01 
  1.732924E+00   5.561433E+00   2.812538E-01 
  1.742903E+00   5.708946E+00   2.872482E-01 
  1.752882E+00   5.066664E+00   2.659309E-01 
  1.762861E+00   4.946404E+00   2.663055E-01 
  1.772839E+00   5.113711E+00   2.674587E-01 
  1.782818E+00   5.130984E+00   2.692621E-01 
  1.792797E+00   5.118883E+00   2.693699E-01 
  1.802776E+00   4.955970E+00   2.611588E-01 
  1.812755E+00   5.235909E+00   2.687521E-01 
  1.822734E+00   4.405424E+00   2.451243E-01 
  1.832712E+00   4.958905E+00   6.666044E+00 
  1.842691E+00   4.887751E+00   6.618046E+00 
  1.852670E+00   4.643364E+00   6.450474E+00 
  1.862649E+00   4.243915E+00   6.166782E+00 
  1.872628E+00   4.720462E+00   2.508897E-01 
  1.882607E+00   4.350513E+00   2.414865E-01 
  1.892586E+00   4.642871E+00   2.511296E-01 
  1.902564E+00   4.210190E+00   6.142230E+00 
  1.912543E+00   3.801745E+00   5.836692E+00 
  1.922522E+00   4.153876E+00   2.329378E-01 
  1.932501E+00   4.018739E+00   2.286181E-01 
  1.942480E+00   4.126720E+00   2.325143E-01 
  1.952459E+00   3.807107E+00   2.195985E-01 
  1.962438E+00   4.349814E+00   2.383683E-01 
  1.972416E+00   3.955587E+00   2.250255E-01 
  1.982395E+00   4.300191E+00   2.352960E-01 
  1.992374E+00   4.122773E+00   2.300675E-01 
  2.002353E+00   3.532006E+00   2.100741E-01 
  2.012332E+00   4.244359E+00   2.323518E-01 
  2.022311E+00   3.673097E+00   2.127768E-01 
  2.032290E+00   3.591892E+00   2.125565E-01 
  2.042268E+00   4.106344E+00   2.261559E-01 
  2.052247E+00   4.442333E+00   2.339103E-01 
  2.062226E+00   4.091052E+00   2.260422E-01 
  2.072205E+00   4.008045E+00   2.212254E-01 
  2.082184E+00   4.209415E+00   2.267719E-01 
  2.092163E+00   4.001874E+00   2.211148E-01 
  2.102142E+00   3.747942E+00   2.139063E-01 
  2.112120E+00   3.792913E+00   2.145389E-01 
  2.122099E+00   3.563015E+00   2.056694E-01 
  2.132078E+00   4.196958E+00   2.247606E-01 
  2.142057E+00   3.639680E+00   5.710930E+00 
  2.152036E+00   3.725838E+00   5.778130E+00 
  2.162015E+00   3.608343E+00   2.081335E-01 
  2.171994E+00   3.788905E+00   5.826827E+00 
  2.181972E+00   3.845759E+00   5.870381E+00 
  2.191951E+00   3.685484E+00   5.746753E+00 
  2.201930E+00   3.797760E+00   5.833632E+00 
  2.211909E+00   3.852362E+00   2.120268E-01 
  2.221888E+00   3.607123E+00   2.027369E-01 
  2.231867E+00   3.805778E+00   2.095012E-01 
  2.241845E+00   3.889499E+00   2.105909E-01 
  2.251824E+00   3.644398E+00   2.052992E-01 
  2.261803E+00   3.547962E+00   2.008638E-01 
  2.271782E+00   3.750543E+00   2.052206E-01 
  2.281761E+00   3.843954E+00   2.093561E-01 
  2.291740E+00   3.176736E+00   1.876606E-01 
  2.301719E+00   3.395115E+00   1.944037E-01 
  2.311697E+00   3.486757E+00   1.968689E-01 
  2.321676E+00   3.184850E+00   1.887596E-01 
  2.331655E+00   3.704125E+00   2.026807E-01 
  2.341634E+00   3.748652E+00   2.013658E-01 
  2.351613E+00   3.579942E+00   1.987140E-01 
  2.361592E+00   3.634681E+00   1.997069E-01 
  2.371571E+00   3.706893E+00   2.014615E-01 
  2.381549E+00   3.478929E+00   1.955318E-01 
  2.391528E+00   3.342449E+00   1.875650E-01 
  2.401507E+00   3.642933E+00   1.988685E-01 
  2.411486E+00   3.341526E+00   1.894806E-01 
  2.421465E+00   3.626769E+00   1.961132E-01 
  2.431444E+00   3.727128E+00   1.993487E-01 
  2.441423E+00   3.683099E+00   1.968360E-01 
  2.451401E+00   3.107297E+00   1.830220E-01 
  2.461380E+00   3.278725E+00   1.848286E-01 
  2.471359E+00   3.419115E+00   1.903743E-01 
  2.481338E+00   3.102245E+00   1.803143E-01 
  2.491317E+00   3.613026E+00   1.924219E-01 
  2.501296E+00   3.292262E+00   1.854624E-01 
  2.511275E+00   3.606959E+00   1.925252E-01 
  2.521253E+00   3.146678E+00   5.310085E+00 
  2.531232E+00   3.413668E+00   5.530773E+00 
  2.541211E+00   3.259249E+00   1.831848E-01 
  2.551190E+00   3.258314E+00   1.828437E-01 
  2.561169E+00   3.468727E+00   1.859433E-01 
  2.571148E+00   3.190847E+00   1.803573E-01 
  2.581127E+00   3.243656E+00   1.808855E-01 
  2.591105E+00   3.396542E+00   1.842034E-01 
  2.601084E+00   3.262162E+00   1.812312E-01 
  2.611063E+00   3.430397E+00   1.841214E-01 
  2.621042E+00   3.157737E+00   1.774794E-01 
  2.631021E+00   3.594363E+00   1.897032E-01 
  2.641000E+00   3.201862E+00   1.777277E-01 
  2.650978E+00   3.007874E+00   1.717916E-01 
  2.660957E+00   3.342007E+00   1.810318E-01 
  2.670936E+00   3.310138E+00   1.803671E-01 
  2.680915E+00   2.781226E+00   1.638694E-01 
  2.690894E+00   3.283063E+00   1.816067E-01 
  2.700873E+00   3.450953E+00   1.829505E-01 
  2.710852E+00   3.187374E+00   5.344312E+00 
  2.720830E+00   3.555067E+00   5.644158E+00 
  2.730809E+00   3.445043E+00   5.556133E+00 
  2.740788E+00   3.246277E+00   1.772000E-01 
  2.750767E+00   3.289460E+00   5.429222E+00 
  2.760746E+00   3.200313E+00   5.355148E+00 
  2.770725E+00   3.505931E+00   1.832278E-01 
  2.780704E+00   3.371876E+00   1.764921E-01 
  2.790682E+00   3.272750E+00   1.759135E-01 
  2.800661E+00   3.383762E+00   1.780927E-01 
  2.810640E+00   3.038745E+00   1.677558E-01 
  2.820619E+00   3.476593E+00   1.813384E-01 
  2.830598E+00   3.168668E+00   1.700735E-01 
  2.840577E+00   3.309351E+00   1.759994E-01 
  2.850556E+00   3.204359E+00   1.711433E-01 
  2.860534E+00   3.542588E+00   1.795604E-01 
  2.870513E+00   3.569570E+00   5.655659E+00 
  2.880492E+00   3.259967E+00   5.404828E+00 
  2.890471E+00   3.368181E+00   5.493802E+00 
  2.900450E+00   3.325263E+00   5.458688E+00 
  2.910429E+00   3.256691E+00   5.402111E+00 
  2.920408E+00   3.294018E+00   1.719181E-01 
  2.930386E+00   3.341679E+00   1.733605E-01 
  2.940365E+00   3.174353E+00   1.686862E-01 
  2.950344E+00   3.348078E+00   1.712755E-01 
  2.960323E+00   3.329352E+00   1.729539E-01 
  2.970302E+00   3.396261E+00   1.736406E-01 
  2.980281E+00   3.349050E+00   1.722291E-01 
  2.990260E+00   3.498669E+00   1.769797E-01 
  3.000238E+00   3.225572E+00   1.664436E-01 
  3.010217E+00   3.251544E+00   1.702679E-01 
  3.020196E+00   3.365499E+00   1.706535E-01 
  3.030175E+00   3.415900E+00   1.723793E-01 
  3.040154E+00   3.169155E+00   5.329016E+00 
  3.050133E+00   3.555690E+00   5.644652E+00 
  3.060111E+00   3.506661E+00   1.761624E-01 
  3.070090E+00   3.579317E+00   5.663375E+00 
  3.080069E+00   3.436009E+00   5.548843E+00 
  3.090048E+00   3.277613E+00   1.682085E-01 
  3.100027E+00   3.430349E+00   1.705225E-01 
  3.110006E+00   3.209125E+00   1.659131E-01 
  3.119985E+00   3.366765E+00   1.673618E-01 
  3.129963E+00   3.142653E+00   1.632285E-01 
  3.139942E+00   3.629659E+00   1.746077E-01 
  3.149921E+00   3.395084E+00   1.687695E-01 
  3.159900E+00   3.322744E+00   1.682014E-01 
  3.169879E+00   3.346814E+00   5.476348E+00 
  3.179858E+00   3.486657E+00   5.589589E+00 
  3.189837E+00   3.442167E+00   1.688308E-01 
  3.199815E+00   3.313555E+00   1.649453E-01 
  3.209794E+00   3.339963E+00   1.666734E-01 
  3.219773E+00   3.086793E+00   1.577934E-01 
  3.229752E+00   3.420514E+00   1.692904E-01 
  3.239731E+00   3.579490E+00   1.703437E-01 
  3.249710E+00   3.509269E+00   1.692320E-01 
  3.259689E+00   3.446740E+00   1.670814E-01 
  3.269667E+00   3.616498E+00   1.704833E-01 
  3.279646E+00   3.361354E+00   1.660054E-01 
  3.289625E+00   3.302882E+00   1.621944E-01 
  3.299604E+00   3.157948E+00   1.590951E-01 
  3.309583E+00   3.260251E+00   1.618671E-01 
  3.319562E+00   3.461468E+00   1.662400E-01 
  3.329541E+00   3.518568E+00   1.681006E-01 
  3.339519E+00   3.490846E+00   1.649270E-01 
  3.349498E+00   3.336769E+00   1.632926E-01 
  3.359477E+00   3.701611E+00   5.759312E+00 
  3.369456E+00   3.353352E+00   5.481695E+00 
  3.379435E+00   3.593986E+00   5.674969E+00 
  3.389414E+00   3.578234E+00   5.662519E+00 
  3.399392E+00   3.600099E+00   1.685454E-01 
  3.409371E+00   3.396852E+00   1.629490E-01 
  3.419350E+00   3.378997E+00   5.502616E+00 
  3.429329E+00   3.539546E+00   5.631824E+00 
  3.439308E+00   3.587446E+00   5.669803E+00 
  3.449287E+00   3.449589E+00   1.635848E-01 
  3.459266E+00   3.156346E+00   1.546260E-01 
  3.469244E+00   3.104412E+00   1.535859E-01 
  3.479223E+00   3.270528E+00   5.413575E+00 
  3.489202E+00   3.510826E+00   5.608928E+00 
  3.499181E+00   3.610369E+00   5.687888E+00 
  3.509160E+00   3.294418E+00   5.433312E+00 
  3.519139E+00   3.591875E+00   1.645157E-01 
  3.529118E+00   3.336688E+00   1.583307E-01 
  3.539096E+00   3.280388E+00   1.573182E-01 
  3.549075E+00   3.420737E+00   1.610547E-01 
  3.559054E+00   3.518246E+00   1.607528E-01 
  3.569033E+00   3.324878E+00   1.584065E-01 
  3.579012E+00   3.568099E+00   1.623541E-01 
  3.588991E+00   3.191566E+00   1.545084E-01 
  3.598970E+00   3.268258E+00   1.552925E-01 
  3.608948E+00   3.505915E+00   1.611068E-01 
  3.618927E+00   3.127376E+00   1.527382E-01 
  3.628906E+00   3.621868E+00   1.616519E-01 
  3.638885E+00   3.092123E+00   1.504009E-01 
  3.648864E+00   3.359422E+00   1.561256E-01 
  3.658843E+00   3.582887E+00   1.620766E-01 
  3.668822E+00   3.618221E+00   5.694070E+00 
  3.678800E+00   3.226199E+00   5.376762E+00 
  3.688779E+00   3.340897E+00   1.566029E-01 
  3.698758E+00   3.716421E+00   1.625573E-01 
  3.708737E+00   3.239813E+00   1.532172E-01 
  3.718716E+00   3.216135E+00   1.522471E-01 
  3.728695E+00   3.548820E+00   1.589178E-01 
  3.738674E+00   3.471252E+00   1.586784E-01 
  3.748652E+00   3.350466E+00   1.537104E-01 
  3.758631E+00   3.279938E+00   5.421358E+00 
  3.768610E+00   3.334507E+00   5.466270E+00 
  3.778589E+00   3.159256E+00   5.320687E+00 
  3.788568E+00   3.237710E+00   1.527558E-01 
  3.798547E+00   3.356356E+00   1.523164E-01 
  3.808525E+00   3.068890E+00   5.244039E+00 
  3.818504E+00   3.330309E+00   5.462828E+00 
  3.828483E+00   3.243051E+00   1.509523E-01 
  3.838462E+00   3.362250E+00   5.488962E+00 
  3.848441E+00   3.204151E+00   5.358358E+00 
  3.858420E+00   3.423069E+00   1.543739E-01 
  3.868399E+00   3.428033E+00   1.533063E-01 
  3.878377E+00   3.457227E+00   1.546612E-01 
  3.888356E+00   3.600805E+00   1.572656E-01 
  3.898335E+00   3.069955E+00   1.449512E-01 
  3.908314E+00   3.007896E+00   1.448852E-01 
  3.918293E+00   3.333716E+00   1.499060E-01 
  3.928272E+00   3.303172E+00   1.501442E-01 
  3.938251E+00   3.402458E+00   1.508765E-01 
  3.948229E+00   3.508777E+00   1.538701E-01 
  3.958208E+00   3.173189E+00   1.472925E-01 
  3.968187E+00   3.577623E+00   1.551738E-01 
  3.978166E+00   3.234527E+00   1.477331E-01 
  3.988145E+00   3.309560E+00   5.445783E+00 
  3.998124E+00   3.466765E+00   5.573621E+00 
  4.008103E+00   3.184477E+00   1.450308E-01 
  4.018081E+00   3.571016E+00   1.543711E-01 
  4.028060E+00   3.161087E+00   1.455008E-01 
  4.038039E+00   3.440819E+00   1.505832E-01 
  4.048018E+00   3.037810E+00   1.419476E-01 
  4.057997E+00   3.136957E+00   5.301876E+00 
  4.067976E+00   3.304158E+00   5.441338E+00 
  4.077955E+00   3.287881E+00   5.427918E+00 
  4.087933E+00   3.342234E+00   5.472600E+00 
  4.097912E+00   3.482282E+00   1.520254E-01 
  4.107891E+00   3.152331E+00   1.421817E-01 
  4.117870E+00   3.538364E+00   1.525326E-01 
  4.127849E+00   3.292571E+00   1.461475E-01 
  4.137828E+00   3.279437E+00   1.452786E-01 
  4.147807E+00   3.416870E+00   1.502387E-01 
  4.157785E+00   3.494362E+00   1.489079E-01 
  4.167764E+00   3.219182E+00   1.445103E-01 
  4.177743E+00   3.507980E+00   5.606655E+00 
  4.187722E+00   3.392014E+00   5.513204E+00 
  4.197701E+00   3.317981E+00   5.452708E+00 
  4.207680E+00   3.013884E+00   1.379788E-01 
  4.217658E+00   3.507213E+00   1.502159E-01 
  4.227637E+00   3.167391E+00   1.411315E-01 
  4.237616E+00   3.116387E+00   1.405884E-01 
  4.247595E+00   3.416374E+00   1.468814E-01 
  4.257574E+00   3.487511E+00   1.481540E-01 
  4.267553E+00   3.291777E+00   5.431133E+00 
  4.277532E+00   3.454284E+00   5.563579E+00 
  4.287510E+00   3.375958E+00   5.500141E+00 
  4.297489E+00   3.295969E+00   5.434591E+00 
  4.307468E+00   3.426036E+00   5.540784E+00 
  4.317447E+00   3.022271E+00   1.372342E-01 
  4.327426E+00   3.230877E+00   1.417102E-01 
  4.337405E+00   3.515088E+00   1.475313E-01 
  4.347384E+00   3.199790E+00   1.398847E-01 
  4.357362E+00   3.381204E+00   1.452190E-01 
  4.367341E+00   3.386041E+00   1.445965E-01 
  4.377320E+00   3.222469E+00   1.408925E-01 
  4.387299E+00   3.499594E+00   1.466385E-01 
  4.397278E+00   3.543538E+00   1.459246E-01 
  4.407257E+00   3.317064E+00   1.429928E-01 
  4.417236E+00   3.412417E+00   1.427901E-01 
  4.427214E+00   3.327627E+00   1.427127E-01 
  4.437193E+00   3.301567E+00   1.413353E-01 
  4.447172E+00   3.473783E+00   1.453020E-01 
  4.457151E+00   3.458499E+00   5.566973E+00 
  4.467130E+00   3.331031E+00   5.463421E+00 
  4.477109E+00   3.521297E+00   1.461434E-01 
  4.487088E+00   3.294212E+00   1.402669E-01 
  4.497066E+00   3.513091E+00   1.444946E-01 
  4.507045E+00   3.123263E+00   1.376862E-01 
  4.517024E+00   3.457172E+00   1.420744E-01 
  4.527003E+00   3.237478E+00   1.396918E-01 
  4.536982E+00   3.440368E+00   5.552361E+00 
  4.546961E+00   3.387981E+00   5.509925E+00 
  4.556940E+00   3.119188E+00   5.286839E+00 
  4.566918E+00   3.257432E+00   1.383950E-01 
  4.576897E+00   3.393517E+00   1.420236E-01 
  4.586876E+00   3.470746E+00   1.418629E-01 
  4.596855E+00   3.268430E+00   1.387465E-01 
  4.606834E+00   3.233758E+00   1.365829E-01 
  4.616813E+00   3.312988E+00   1.398595E-01 
  4.626791E+00   3.404667E+00   1.409923E-01 
  4.636770E+00   3.491415E+00   1.415816E-01 
  4.646749E+00   3.556366E+00   1.439931E-01 
  4.656728E+00   3.323900E+00   1.381747E-01 
  4.666707E+00   3.386506E+00   1.400530E-01 
  4.676686E+00   3.163866E+00   1.341103E-01 
  4.686665E+00   3.354879E+00   1.387594E-01 
  4.696643E+00   3.492055E+00   1.428533E-01 
  4.706622E+00   3.345394E+00   5.475186E+00 
  4.716601E+00   3.653374E+00   5.721664E+00 
  4.726580E+00   3.266598E+00   1.402399E-01 
  4.736559E+00   3.397127E+00   1.447067E-01 
  4.746538E+00   3.425348E+00   1.453246E-01 
  4.756517E+00   3.573311E+00   1.481032E-01 
  4.766495E+00   3.602247E+00   1.518004E-01 
  4.776474E+00   3.180516E+00   1.413574E-01 
  4.786453E+00   3.145840E+00   1.413950E-01 
  4.796432E+00   3.403361E+00   1.469530E-01 
  4.806411E+00   3.036066E+00   1.394511E-01 
  4.816390E+00   3.068402E+00   5.243622E+00 
  4.826369E+00   3.360329E+00   5.487394E+00 
  4.836347E+00   3.307130E+00   5.443784E+00 
  4.846326E+00   3.394272E+00   5.515039E+00 
  4.856305E+00   3.262371E+00   1.474269E-01 
  4.866284E+00   3.220193E+00   1.448479E-01 
  4.876263E+00   3.263991E+00   1.465218E-01 
  4.886242E+00   3.317700E+00   1.526190E-01 
  4.896221E+00   3.454645E+00   1.553248E-01 
  4.906199E+00   3.366987E+00   1.557122E-01 
  4.916178E+00   3.528702E+00   1.587445E-01 
  4.926157E+00   3.459248E+00   1.587010E-01 
  4.936136E+00   3.219306E+00   1.555891E-01 
  4.946115E+00   3.268517E+00   1.549426E-01 
  4.956094E+00   3.527122E+00   1.630968E-01 
  4.966073E+00   3.696831E+00   1.664969E-01 
  4.976051E+00   3.189310E+00   1.561358E-01 
  4.986030E+00   3.273199E+00   1.581713E-01 
  4.996009E+00   3.348938E+00   1.596901E-01 
  5.005988E+00   3.251069E+00   1.599513E-01 
  5.015967E+00   3.452527E+00   1.645928E-01 
  5.025946E+00   3.221179E+00   1.594721E-01 
  5.035924E+00   3.538041E+00   1.653794E-01 
  5.045903E+00   3.497555E+00   1.678412E-01 
  5.055882E+00   3.279505E+00   1.622483E-01 
  5.065861E+00   3.496106E+00   1.677480E-01 
  5.075840E+00   3.398108E+00   1.666060E-01 
  5.085819E+00   3.519573E+00   5.615912E+00 
  5.095798E+00   3.513221E+00   5.610841E+00 
  5.105776E+00   3.488315E+00   5.590918E+00 
  5.115755E+00   3.822409E+00   5.852533E+00 
  5.125734E+00   3.443788E+00   5.555120E+00 
  5.135713E+00   3.056893E+00   5.233779E+00 
  5.145692E+00   3.456548E+00   5.565402E+00 
  5.155671E+00   3.402024E+00   5.521333E+00 
  5.165650E+00   3.595988E+00   5.676549E+00 
  5.175628E+00   3.482064E+00   5.585906E+00 
  5.185607E+00   3.373841E+00   5.498416E+00 
  5.195586E+00   3.394740E+00   5.515419E+00 
  5.205565E+00   3.594260E+00   5.675185E+00 
  5.215544E+00   3.402120E+00   5.521411E+00 
  5.225523E+00   3.556989E+00   5.645684E+00 
  5.235502E+00   3.677268E+00   5.740344E+00 
  5.245480E+00   3.633317E+00   5.705936E+00 
  5.255459E+00   3.385534E+00   5.507935E+00 
  5.265438E+00   3.580240E+00   5.664106E+00 
  5.275417E+00   3.520935E+00   5.616998E+00 
  5.285396E+00   3.610974E+00   5.688365E+00 
  5.295375E+00   3.311777E+00   5.447607E+00 
  5.305354E+00   3.521081E+00   5.617115E+00 
  5.315332E+00   3.617310E+00   5.693354E+00 
  5.325311E+00   3.440645E+00   5.552585E+00 
  5.335290E+00   3.378306E+00   5.502053E+00 
  5.345269E+00   3.403269E+00   5.522344E+00 
  5.355248E+00   3.402376E+00   5.521619E+00 
  5.365227E+00   3.569562E+00   5.655652E+00 
  5.375205E+00   3.383704E+00   5.506447E+00 
  5.385184E+00   3.497851E+00   5.598554E+00 
  5.395163E+00   3.836312E+00   5.863166E+00 
  5.405142E+00   3.472949E+00   5.578590E+00 
  5.415121E+00   3.264620E+00   5.408684E+00 
  5.425100E+00   3.411858E+00   5.529307E+00 
  5.435079E+00   3.733699E+00   5.784221E+00 
  5.445057E+00   3.538511E+00   5.631000E+00 
  5.455036E+00   3.742097E+00   5.790723E+00 
  5.465015E+00   3.673886E+00   5.737704E+00 
  5.474994E+00   3.310253E+00   5.446354E+00 
  5.484973E+00   3.618000E+00   5.693896E+00 
  5.494952E+00   3.684833E+00   5.746245E+00 
  5.504931E+00   3.716063E+00   5.770545E+00 
  5.514909E+00   3.437746E+00   5.550245E+00 
  5.524888E+00   3.636973E+00   5.708807E+00 
  5.534867E+00   3.597882E+00   5.678044E+00 
  5.544846E+00   3.486651E+00   5.589584E+00 
  5.554825E+00   3.409905E+00   5.527724E+00 
  5.564804E+00   3.523651E+00   5.619164E+00 
  5.574783E+00   3.725207E+00   5.777640E+00 
  5.584761E+00   3.650274E+00   5.719235E+00 
  5.594740E+00   3.653687E+00   5.721908E+00 
  5.604719E+00   3.639307E+00   5.710638E+00 
  5.614698E+00   3.364040E+00   5.490423E+00 
  5.624677E+00   3.535189E+00   5.628356E+00 
  5.634656E+00   3.764970E+00   5.808393E+00 
  5.644635E+00   3.587425E+00   5.669786E+00 
  5.654613E+00   3.708576E+00   5.764728E+00 
  5.664592E+00   4.093755E+00   6.056702E+00 
  5.674571E+00   3.639448E+00   5.710748E+00 
  5.684550E+00   3.551015E+00   5.640941E+00 
  5.694529E+00   3.520670E+00   5.616786E+00 
  5.704508E+00   3.635600E+00   5.707729E+00 
  5.714487E+00   3.781444E+00   5.821087E+00 
  5.724465E+00   3.791201E+00   5.828592E+00 
  5.734444E+00   3.723880E+00   5.776611E+00 
  5.744423E+00   3.694827E+00   5.754033E+00 
  5.754402E+00   3.523599E+00   5.619123E+00 
  5.764381E+00   3.666715E+00   5.732101E+00 
  5.774360E+00   3.829462E+00   5.857929E+00 
  5.784338E+00   3.732679E+00   5.783432E+00 
  5.794317E+00   3.555727E+00   5.644682E+00 
  5.804296E+00   3.672873E+00   5.736912E+00 
  5.814275E+00   3.732386E+00   5.783205E+00 
  5.824254E+00   3.655721E+00   5.723501E+00 
  5.834233E+00   3.707680E+00   5.764032E+00 
  5.844212E+00   3.776198E+00   5.817048E+00 
  5.854190E+00   3.640978E+00   5.711949E+00 
  5.864169E+00   3.284066E+00   5.424769E+00 
  5.874148E+00   4.023315E+00   6.004368E+00 
  5.884127E+00   3.843327E+00   5.868524E+00 
  5.894106E+00   3.438996E+00   5.551254E+00 
  5.904085E+00   3.688493E+00   5.749098E+00 
  5.914064E+00   3.354914E+00   5.482971E+00 
  5.924042E+00   3.585919E+00   5.668596E+00 
  5.934021E+00   3.601906E+00   5.681218E+00 
  5.944000E+00   3.781538E+00   5.821159E+00 
  5.953979E+00   3.752517E+00   5.798780E+00 
  5.963958E+00   3.613335E+00   5.690224E+00 
  5.973937E+00   3.703829E+00   5.761038E+00 
  5.983916E+00   3.524450E+00   5.619801E+00 
  5.993894E+00   3.868823E+00   5.887958E+00 
  6.003873E+00   3.709689E+00   5.765594E+00 
  6.013852E+00   3.775537E+00   5.816539E+00 
  6.023831E+00   3.621654E+00   5.696771E+00 
  6.033810E+00   3.900046E+00   5.911669E+00 
  6.043789E+00   3.930098E+00   5.934402E+00 
  6.053768E+00   3.879570E+00   5.896130E+00 
  6.063746E+00   3.689961E+00   5.750243E+00 
  6.073725E+00   3.702974E+00   5.760373E+00 
  6.083704E+00   3.741026E+00   5.789894E+00 
  6.093683E+00   3.565011E+00   5.652046E+00 
  6.103662E+00   3.989088E+00   5.978773E+00 
  6.113641E+00   3.659760E+00   5.726662E+00 
  6.123620E+00   3.988931E+00   5.978655E+00 
  6.133598E+00   4.048989E+00   6.023495E+00 
  6.143577E+00   3.707892E+00   5.764197E+00 
  6.153556E+00   4.021938E+00   6.003340E+00 
  6.163535E+00   3.713733E+00   5.768735E+00 
  6.173514E+00   3.817334E+00   5.848646E+00 
  6.183493E+00   3.602127E+00   5.681392E+00 
  6.193471E+00   3.618974E+00   5.694663E+00 
  6.203450E+00   3.952260E+00   5.951111E+00 
  6.213429E+00   3.795677E+00   5.832032E+00 
  6.223408E+00   3.558494E+00   5.646878E+00 
  6.233387E+00   4.174119E+00   6.115862E+00 
  6.243366E+00   3.553591E+00   5.642986E+00 
  6.253345E+00   3.719731E+00   5.773392E+00 
  6.263323E+00   3.929064E+00   5.933621E+00 
  6.273302E+00   3.879886E+00   5.896370E+00 
  6.283281E+00   3.944779E+00   5.945476E+00 
  6.293260E+00   4.021545E+00   6.003047E+00 
  6.303239E+00   4.026640E+00   6.006848E+00 
  6.313218E+00   3.762445E+00   5.806446E+00 
  6.323197E+00   3.710838E+00   5.766486E+00 
  6.333175E+00   4.152765E+00   6.100198E+00 
  6.343154E+00   4.056995E+00   6.029447E+00 
  6.353133E+00   3.709917E+00   5.765771E+00 
  6.363112E+00   4.039250E+00   6.016247E+00 
  6.373091E+00   3.611100E+00   5.688464E+00 
  6.383070E+00   3.888683E+00   5.903051E+00 
  6.393049E+00   4.010198E+00   5.994572E+00 
  6.403027E+00   3.827024E+00   5.856065E+00 
  6.413006E+00   3.687498E+00   5.748323E+00 
  6.422985E+00   3.891913E+00   5.905502E+00 
  6.432964E+00   4.269310E+00   6.185205E+00 
  6.442943E+00   3.947787E+00   5.947742E+00 
  6.452922E+00   3.713062E+00   5.768214E+00 
  6.462901E+00   3.786378E+00   5.824883E+00 
  6.472879E+00   3.760928E+00   5.805275E+00 
  6.482858E+00   4.191111E+00   6.128298E+00 
  6.492837E+00   4.165597E+00   6.109616E+00 
  6.502816E+00   3.989705E+00   5.979235E+00 
  6.512795E+00   3.907938E+00   5.917648E+00 
  6.522774E+00   3.857789E+00   5.879556E+00 
  6.532753E+00   3.894663E+00   5.907588E+00 
  6.542731E+00   4.185493E+00   6.124189E+00 
  6.552710E+00   3.922371E+00   5.928565E+00 
  6.562689E+00   4.038658E+00   6.015806E+00 
  6.572668E+00   3.889817E+00   5.903912E+00 
  6.582647E+00   4.015677E+00   5.998665E+00 
  6.592626E+00   3.630388E+00   5.703636E+00 
  6.602604E+00   4.320748E+00   6.222354E+00 
  6.612583E+00   4.204213E+00   6.137869E+00 
  6.622562E+00   3.888277E+00   5.902743E+00 
  6.632541E+00   4.244273E+00   6.167042E+00 
  6.642520E+00   4.011917E+00   5.995857E+00 
  6.652499E+00   3.885823E+00   5.900880E+00 
  6.662478E+00   4.220763E+00   6.149938E+00 
  6.672456E+00   4.204265E+00   6.137907E+00 
  6.682435E+00   4.176886E+00   6.117889E+00 
  6.692414E+00   4.011139E+00   5.995275E+00 
  6.702393E+00   3.879691E+00   5.896222E+00 
  6.712372E+00   3.959457E+00   5.956527E+00 
  6.722351E+00   3.861849E+00   5.882649E+00 
  6.732330E+00   3.888558E+00   5.902956E+00 
  6.742308E+00   3.772563E+00   5.814247E+00 
  6.752287E+00   4.455408E+00   6.318573E+00 
  6.762266E+00   4.207140E+00   6.140005E+00 
  6.772245E+00   4.072074E+00   6.040642E+00 
  6.782224E+00   4.229866E+00   6.156566E+00 
  6.792203E+00   4.002088E+00   5.988507E+00 
  6.802182E+00   4.419926E+00   6.293363E+00 
  6.812160E+00   4.108809E+00   6.067827E+00 
  6.822139E+00   4.400750E+00   6.279696E+00 
  6.832118E+00   3.911830E+00   5.920594E+00 
  6.842097E+00   3.985904E+00   5.976386E+00 
  6.852076E+00   3.958341E+00   5.955687E+00 
  6.862055E+00   3.956497E+00   5.954299E+00 
  6.872034E+00   3.881693E+00   5.897743E+00 
  6.882012E+00   4.329193E+00   6.228432E+00 
  6.891991E+00   4.180106E+00   6.120246E+00 
  6.901970E+00   4.221749E+00   6.150656E+00 
  6.911949E+00   4.111939E+00   6.070138E+00 
  6.921928E+00   3.818325E+00   5.849405E+00 
  6.931907E+00   4.243027E+00   6.166137E+00 
  6.941886E+00   4.520247E+00   6.364383E+00 
  6.951864E+00   4.327567E+00   6.227262E+00 
  6.961843E+00   3.933769E+00   5.937173E+00 
  6.971822E+00   4.298049E+00   6.205988E+00 
  6.981801E+00   4.209603E+00   6.141802E+00 
  6.991780E+00   4.200562E+00   6.135204E+00 
  7.001759E+00   4.454512E+00   6.317938E+00 
  7.011737E+00   4.176588E+00   6.117671E+00 
  7.021716E+00   4.149625E+00   6.097891E+00 
  7.031695E+00   4.246991E+00   6.169016E+00 
  7.041674E+00   4.298659E+00   6.206428E+00 
  7.051653E+00   4.148902E+00   6.097360E+00 
  7.061632E+00   4.744951E+00   6.520654E+00 
  7.071611E+00   4.052504E+00   6.026109E+00 
  7.081589E+00   4.364177E+00   6.253547E+00 
  7.091568E+00   4.414715E+00   6.289652E+00 
  7.101547E+00   4.500387E+00   6.350387E+00 
  7.111526E+00   4.006599E+00   5.991882E+00 
  7.121505E+00   4.179042E+00   6.119467E+00 
  7.131484E+00   3.967704E+00   5.962727E+00 
  7.141463E+00   3.677326E+00   5.740389E+00 
  7.151441E+00   4.155815E+00   6.102438E+00 
  7.161420E+00   4.232144E+00   6.158224E+00 
  7.171399E+00   4.284369E+00   6.196104E+00 
  7.181378E+00   4.122631E+00   6.078025E+00 
  7.191357E+00   3.926623E+00   5.931778E+00 
  7.201336E+00   4.141250E+00   6.091735E+00 
  7.211315E+00   4.275252E+00   6.189508E+00 
  7.221293E+00   4.236482E+00   6.161379E+00 
  7.231272E+00   3.977221E+00   5.969873E+00 
  7.241251E+00   4.211374E+00   6.143094E+00 
  7.251230E+00   4.110902E+00   6.069373E+00 
  7.261209E+00   4.246779E+00   6.168863E+00 
  7.271188E+00   4.215879E+00   6.146379E+00 
  7.281167E+00   4.361489E+00   6.251621E+00 
  7.291145E+00   4.211842E+00   6.143435E+00 
  7.301124E+00   4.336622E+00   6.233774E+00 
  7.311103E+00   4.392494E+00   6.273802E+00 
  7.321082E+00   4.521796E+00   6.365474E+00 
  7.331061E+00   4.478883E+00   6.335197E+00 
  7.341040E+00   4.565004E+00   6.395815E+00 
  7.351019E+00   3.999745E+00   5.986754E+00 
  7.360997E+00   4.249141E+00   6.170578E+00 
  7.370976E+00   3.965731E+00   5.961244E+00 
  7.380955E+00   4.367176E+00   6.255695E+00 
  7.390934E+00   4.608230E+00   1.891094E-01 
  7.400913E+00   4.387580E+00   1.842610E-01 
  7.410892E+00   4.196613E+00   1.797433E-01 
  7.420870E+00   4.463236E+00   1.868526E-01 
  7.430849E+00   4.562038E+00   1.856943E-01 
  7.440828E+00   4.597933E+00   1.897770E-01 
  7.450807E+00   4.056137E+00   1.763337E-01 
  7.460786E+00   4.409924E+00   6.286238E+00 
  7.470765E+00   4.367766E+00   6.256118E+00 
  7.480744E+00   4.921865E+00   1.958989E-01 
  7.490722E+00   4.638299E+00   1.895662E-01 
  7.500701E+00   4.460423E+00   1.854200E-01 
  7.510680E+00   4.457304E+00   1.857839E-01 
  7.520659E+00   4.588892E+00   6.412527E+00 
  7.530638E+00   4.238612E+00   6.162928E+00 
  7.540617E+00   4.283848E+00   6.195727E+00 
  7.550596E+00   4.599761E+00   6.420116E+00 
  7.560574E+00   4.383649E+00   6.267483E+00 
  7.570553E+00   4.337430E+00   6.234354E+00 
  7.580532E+00   4.283623E+00   6.195565E+00 
  7.590511E+00   4.352201E+00   6.244961E+00 
  7.600490E+00   4.044206E+00   6.019936E+00 
  7.610469E+00   4.653024E+00   6.457180E+00 
  7.620448E+00   4.556219E+00   6.389657E+00 
  7.630426E+00   4.378610E+00   6.263880E+00 
  7.640405E+00   4.646899E+00   6.452929E+00 
  7.650384E+00   4.725522E+00   1.904273E-01 
  7.660363E+00   4.335358E+00   6.232865E+00 
  7.670342E+00   4.573192E+00   6.401547E+00 
  7.680321E+00   4.518520E+00   1.875113E-01 
  7.690300E+00   4.677217E+00   1.915669E-01 
  7.700278E+00   4.409150E+00   1.839957E-01 
  7.710257E+00   4.634187E+00   1.897346E-01 
  7.720236E+00   4.725824E+00   6.507498E+00 
  7.730215E+00   4.684809E+00   6.479198E+00 
  7.740194E+00   4.522598E+00   1.861924E-01 
  7.750173E+00   4.556012E+00   1.874791E-01 
  7.760151E+00   4.470939E+00   1.881671E-01 
  7.770130E+00   4.445913E+00   1.868558E-01 
  7.780109E+00   4.337740E+00   1.825416E-01 
  7.790088E+00   4.627441E+00   1.902573E-01 
  7.800067E+00   4.579306E+00   1.896359E-01 
  7.810046E+00   4.513974E+00   1.876656E-01 
  7.820025E+00   4.824729E+00   1.936783E-01 
  7.830003E+00   4.626675E+00   1.897453E-01 
  7.839982E+00   4.691468E+00   6.483801E+00 
  7.849961E+00   4.478894E+00   6.335204E+00 
  7.859940E+00   4.205512E+00   1.825793E-01 
  7.869919E+00   4.751816E+00   1.917489E-01 
  7.879898E+00   4.491329E+00   1.870282E-01 
  7.889877E+00   4.877738E+00   1.958947E-01 
  7.899855E+00   4.745830E+00   6.521258E+00 
  7.909834E+00   4.774492E+00   6.540920E+00 
  7.919813E+00   4.523549E+00   1.866877E-01 
  7.929792E+00   4.731406E+00   1.930493E-01 
  7.939771E+00   4.439636E+00   1.866844E-01 
  7.949750E+00   4.695874E+00   1.915295E-01 
  7.959729E+00   4.491216E+00   6.343913E+00 
  7.969707E+00   4.786477E+00   6.549125E+00 
  7.979686E+00   4.708178E+00   6.495337E+00 
  7.989665E+00   4.572867E+00   1.892979E-01 
  7.999644E+00   4.440939E+00   1.855746E-01 
  8.009623E+00   4.287289E+00   1.843044E-01 
  8.019602E+00   4.687348E+00   1.910229E-01 
  8.029581E+00   4.791711E+00   1.941507E-01 
  8.039559E+00   4.659656E+00   1.902106E-01 
  8.049538E+00   4.568719E+00   1.889644E-01 
  8.059517E+00   4.607094E+00   1.909702E-01 
  8.069496E+00   4.754656E+00   1.928077E-01 
  8.079475E+00   4.738791E+00   1.917800E-01 
  8.089454E+00   5.071509E+00   2.002251E-01 
  8.099433E+00   4.940677E+00   1.971545E-01 
  8.109411E+00   4.266259E+00   1.833259E-01 
  8.119390E+00   4.332646E+00   1.837778E-01 
  8.129369E+00   4.819689E+00   6.571806E+00 
  8.139348E+00   4.733870E+00   6.513035E+00 
  8.149327E+00   4.766193E+00   1.924168E-01 
  8.159306E+00   4.478053E+00   1.888547E-01 
  8.169284E+00   4.763537E+00   1.927815E-01 
  8.179263E+00   4.594315E+00   1.899515E-01 
  8.189242E+00   4.827009E+00   1.942209E-01 
  8.199221E+00   4.924117E+00   1.978082E-01 
  8.209200E+00   4.818718E+00   1.940635E-01 
  8.219179E+00   4.949222E+00   1.969192E-01 
  8.229158E+00   4.889607E+00   1.960364E-01 
  8.239136E+00   4.792843E+00   1.946960E-01 
  8.249115E+00   4.673682E+00   1.908722E-01 
  8.259094E+00   4.928482E+00   1.968246E-01 
  8.269073E+00   4.881649E+00   1.953158E-01 
  8.279052E+00   4.609124E+00   1.902906E-01 
  8.289031E+00   4.684452E+00   6.478950E+00 
  8.299010E+00   4.656512E+00   6.459600E+00 
  8.308988E+00   4.794814E+00   1.939583E-01 
  8.318967E+00   4.434345E+00   1.862052E-01 
  8.328946E+00   4.775982E+00   1.940110E-01 
  8.338925E+00   5.050964E+00   1.999317E-01 
  8.348904E+00   4.721004E+00   1.918282E-01 
  8.358883E+00   4.485188E+00   1.885065E-01 
  8.368862E+00   4.787512E+00   1.939806E-01 
  8.378840E+00   4.870759E+00   6.606533E+00 
  8.388819E+00   4.924967E+00   6.643194E+00 
  8.398798E+00   5.116860E+00   6.771378E+00 
  8.408777E+00   5.149549E+00   6.792973E+00 
  8.418756E+00   4.635366E+00   6.444916E+00 
  8.428735E+00   4.943878E+00   6.655936E+00 
  8.438714E+00   4.719766E+00   6.503326E+00 
  8.448692E+00   4.850613E+00   1.948744E-01 
  8.458671E+00   4.875404E+00   1.951535E-01 
  8.468650E+00   4.869487E+00   1.970693E-01 
  8.478629E+00   4.859553E+00   6.598928E+00 
  8.488608E+00   4.490720E+00   6.343563E+00 
  8.498587E+00   4.805930E+00   6.562420E+00 
  8.508566E+00   4.950569E+00   6.660439E+00 
  8.518544E+00   4.802841E+00   6.560310E+00 
  8.528523E+00   4.885454E+00   6.616491E+00 
  8.538502E+00   4.706038E+00   6.493861E+00 
  8.548481E+00   4.899767E+00   6.626176E+00 
  8.558460E+00   4.784468E+00   6.547750E+00 
  8.568439E+00   5.087516E+00   6.751934E+00 
  8.578417E+00   4.555373E+00   1.886448E-01 
  8.588396E+00   4.835879E+00   1.953001E-01 
  8.598375E+00   4.784934E+00   6.548069E+00 
  8.608354E+00   5.006488E+00   6.697949E+00 
  8.618333E+00   5.072136E+00   1.986034E-01 
  8.628312E+00   4.612779E+00   1.918463E-01 
  8.638291E+00   4.921371E+00   1.972402E-01 
  8.648269E+00   4.862915E+00   1.950161E-01 
  8.658248E+00   4.659656E+00   1.914202E-01 
  8.668227E+00   4.663839E+00   1.937289E-01 
  8.678206E+00   4.753025E+00   1.929893E-01 
  8.688185E+00   5.043026E+00   1.983781E-01 
  8.698164E+00   4.652947E+00   1.928509E-01 
  8.708143E+00   5.024996E+00   1.986800E-01 
  8.718121E+00   4.885887E+00   1.964310E-01 
  8.728100E+00   4.878700E+00   1.964599E-01 
  8.738079E+00   4.912762E+00   6.634957E+00 
  8.748058E+00   5.021908E+00   6.708256E+00 
  8.758037E+00   4.929273E+00   1.973984E-01 
  8.768016E+00   4.627157E+00   1.911265E-01 
  8.777995E+00   4.642080E+00   1.909302E-01 
  8.787973E+00   5.112924E+00   2.028616E-01 
  8.797952E+00   5.008617E+00   1.989677E-01 
  8.807931E+00   4.928482E+00   6.645564E+00 
  8.817910E+00   5.190800E+00   6.820126E+00 
  8.827889E+00   4.534941E+00   6.374720E+00 
  8.837868E+00   4.902035E+00   6.627710E+00 
  8.847847E+00   4.974750E+00   1.983563E-01 
  8.857825E+00   4.893460E+00   6.621910E+00 
  8.867804E+00   5.439520E+00   6.981610E+00 
  8.877783E+00   4.821955E+00   6.573351E+00 
  8.887762E+00   4.751016E+00   6.524819E+00 
  8.897741E+00   4.955482E+00   1.970809E-01 
  8.907720E+00   4.984390E+00   1.981117E-01 
  8.917699E+00   4.951398E+00   1.978787E-01 
  8.927677E+00   5.114872E+00   2.007763E-01 
  8.937656E+00   5.257366E+00   2.044012E-01 
  8.947635E+00   5.351329E+00   6.924782E+00 
  8.957614E+00   5.136616E+00   6.784437E+00 
  8.967593E+00   5.276177E+00   2.033817E-01 
  8.977572E+00   5.047482E+00   2.007780E-01 
  8.987550E+00   5.027872E+00   1.992615E-01 
  8.997529E+00   4.834157E+00   1.949320E-01 
  9.007508E+00   5.004958E+00   2.003904E-01 
  9.017487E+00   5.039604E+00   1.997954E-01 
  9.027466E+00   5.057393E+00   1.994936E-01 
  9.037445E+00   4.682019E+00   1.920861E-01 
  9.047424E+00   5.074857E+00   2.029034E-01 
  9.057402E+00   4.470405E+00   6.329198E+00 
  9.067381E+00   4.909764E+00   6.632933E+00 
  9.077360E+00   5.039194E+00   2.008172E-01 
  9.087339E+00   5.012096E+00   1.989490E-01 
  9.097318E+00   4.787016E+00   1.943501E-01 
  9.107297E+00   4.916048E+00   1.986286E-01 
  9.117276E+00   5.066220E+00   2.002599E-01 
  9.127254E+00   5.378103E+00   2.059864E-01 
  9.137233E+00   5.054319E+00   2.013497E-01 
  9.147212E+00   4.794385E+00   1.945084E-01 
  9.157191E+00   4.878700E+00   1.964599E-01 
  9.167170E+00   5.097391E+00   2.010903E-01 
  9.177149E+00   5.067313E+00   2.000406E-01 
  9.187128E+00   5.104890E+00   1.996170E-01 
  9.197106E+00   4.851013E+00   6.593128E+00 
  9.207085E+00   5.102900E+00   6.762134E+00 
  9.217064E+00   5.011569E+00   6.701347E+00 
  9.227043E+00   4.553181E+00   1.908591E-01 
  9.237022E+00   5.064567E+00   2.008735E-01 
  9.247001E+00   4.674356E+00   1.912190E-01 
  9.256980E+00   4.856986E+00   1.965440E-01 
  9.266958E+00   5.141174E+00   2.022579E-01 
  9.276937E+00   5.341910E+00   2.051848E-01 
  9.286916E+00   5.328777E+00   6.910175E+00 
  9.296895E+00   5.365335E+00   6.933838E+00 
  9.306874E+00   5.385951E+00   6.947146E+00 
  9.316853E+00   5.065671E+00   6.737422E+00 
  9.326832E+00   5.295798E+00   2.067662E-01 
  9.336810E+00   5.233592E+00   2.028462E-01 
  9.346789E+00   5.378103E+00   2.059864E-01 
  9.356768E+00   5.195385E+00   2.042136E-01 
  9.366747E+00   5.144355E+00   2.022454E-01 
  9.376726E+00   5.062580E+00   1.998726E-01 
  9.386705E+00   5.350969E+00   6.924549E+00 
  9.396683E+00   5.440192E+00   6.982040E+00 
  9.406662E+00   5.226913E+00   2.039896E-01 
  9.416641E+00   5.497683E+00   2.080069E-01 
  9.426620E+00   5.236733E+00   2.028340E-01 
  9.436599E+00   5.413037E+00   2.072759E-01 
  9.446578E+00   5.118238E+00   2.013744E-01 
  9.456557E+00   5.166333E+00   2.020876E-01 
  9.466535E+00   5.125021E+00   2.013298E-01 
  9.476514E+00   5.180930E+00   2.030379E-01 
  9.486493E+00   5.366985E+00   2.065753E-01 
  9.496472E+00   5.407940E+00   2.061578E-01 
  9.506451E+00   5.651508E+00   2.125468E-01 
  9.516430E+00   5.142972E+00   2.022410E-01 
  9.526409E+00   5.135061E+00   2.006434E-01 
  9.536387E+00   4.879509E+00   1.987815E-01 
  9.546366E+00   5.259988E+00   2.035150E-01 
  9.556345E+00   5.115135E+00   2.001522E-01 
  9.566324E+00   5.313501E+00   2.072804E-01 
  9.576303E+00   5.327273E+00   2.057920E-01 
  9.586282E+00   5.148973E+00   2.011500E-01 
  9.596261E+00   5.373306E+00   6.938987E+00 
  9.606239E+00   5.559434E+00   7.058145E+00 
  9.616218E+00   5.594894E+00   7.080619E+00 
  9.626197E+00   5.180582E+00   2.032490E-01 
  9.636176E+00   5.020358E+00   2.017459E-01 
  9.646155E+00   5.367160E+00   2.047520E-01 
  9.656134E+00   5.346285E+00   2.063050E-01 
  9.666113E+00   5.578688E+00   2.116603E-01 
  9.676091E+00   5.565176E+00   2.074653E-01 
  9.686070E+00   5.530914E+00   2.097995E-01 
  9.696049E+00   5.084777E+00   2.019931E-01 
  9.706028E+00   5.572179E+00   2.088262E-01 
  9.716007E+00   5.654568E+00   2.119794E-01 
  9.725986E+00   5.232255E+00   2.048229E-01 
  9.735964E+00   5.788179E+00   7.201886E+00 
  9.745943E+00   5.224240E+00   6.842059E+00 
  9.755922E+00   5.352736E+00   6.925692E+00 
  9.765901E+00   5.404898E+00   2.064262E-01 
  9.775880E+00   5.215055E+00   6.836042E+00 
  9.785859E+00   4.933266E+00   6.648789E+00 
  9.795838E+00   5.798307E+00   2.132768E-01 
  9.805816E+00   5.635324E+00   2.135205E-01 
  9.815795E+00   5.264219E+00   2.041192E-01 
  9.825774E+00   5.393957E+00   2.067637E-01 
  9.835753E+00   5.430546E+00   2.077758E-01 
  9.845732E+00   5.265421E+00   2.058943E-01 
  9.855711E+00   5.246158E+00   2.029799E-01 
  9.865690E+00   5.649559E+00   2.117916E-01 
  9.875668E+00   5.507780E+00   2.112821E-01 
  9.885647E+00   5.687129E+00   2.102482E-01 
  9.895626E+00   5.376526E+00   2.073854E-01 
  9.905605E+00   5.459291E+00   2.084367E-01 
  9.915584E+00   5.480040E+00   2.060274E-01 
  9.925563E+00   5.524268E+00   2.107943E-01 
  9.935542E+00   5.289808E+00   2.061305E-01 
  9.945520E+00   5.360956E+00   2.043666E-01 
  9.955499E+00   5.737495E+00   2.131499E-01 
  9.965478E+00   5.607827E+00   2.130728E-01 
  9.975457E+00   5.572865E+00   7.066665E+00 
  9.985436E+00   5.602739E+00   7.085581E+00 
  9.995415E+00   5.780849E+00   7.197324E+00 
  1.000539E+01   5.471267E+00   2.078362E-01 
  1.001537E+01   5.539164E+00   7.045266E+00 
  1.002535E+01   5.936481E+00   7.293564E+00 
  1.003533E+01   5.784990E+00   7.199902E+00 
  1.004531E+01   5.539595E+00   7.045540E+00 
  1.005529E+01   5.686957E+00   7.138636E+00 
  1.006527E+01   5.456249E+00   2.086736E-01 
  1.007525E+01   5.703154E+00   2.210255E-01 
  1.008522E+01   5.674020E+00   2.262954E-01 
  1.009520E+01   5.684818E+00   7.137293E+00 
  1.010518E+01   6.126294E+00   2.421403E-01 
  1.011516E+01   5.682931E+00   2.340498E-01 
  1.012514E+01   5.802850E+00   7.211007E+00 
  1.013512E+01   5.667652E+00   7.126509E+00 
  1.014510E+01   5.592002E+00   2.407395E-01 
  1.015508E+01   5.557250E+00   2.446157E-01 
  1.016506E+01   5.656281E+00   2.487340E-01 
  1.017503E+01   5.882012E+00   2.537991E-01 
  1.018501E+01   5.745906E+00   2.559430E-01 
  1.019499E+01   5.369580E+00   2.493947E-01 
<?xml version="1.0" encoding="utf-8"?>
<fileinfo xmlns:xsd="http://www.w3.org/2001/XMLSchema" xmlns:xsi="http://www.w3.org/2001/XMLSchema-instance">
  <parameter key="Exposure">
    <value key="name">Exposure</value>
    <value key="value">0</value>
    <value key="stddev">-1</value>
    <value key="unit">second</value>
    <value key="quantity">Time</value>
  </parameter>
</fileinfo>