q[nm-1]	I(q)[sr-1]_sub(Lyso_Lyso_4_frames_010_350.dat_00001_[</fileinfo>]-Lyso_Buffer_2_000_350_mult.dat_00001_[mult(Lyso_Buffer_2_000_350.dat_00001_[</fileinfo>]*0.7000)])	error
0.00000000e+00	-2.44999930e+02	0.00000000e+00
0.00000000e+00	1.04999970e+02	0.00000000e+00
2.26117100e-01	2.35933160e+01	5.36424168e+00
2.36095900e-01	3.07181380e+01	4.79930360e+00
2.46074800e-01	1.68954260e+01	2.39048779e+00
2.56053600e-01	1.88721810e+01	2.13809537e+00
2.66032500e-01	2.05004965e+01	1.94970885e+00
2.76011300e-01	1.91835788e+01	1.65469402e+00
2.85990200e-01	2.05962515e+01	1.53037634e+00
2.95969000e-01	1.71138908e+01	1.29675708e+00
3.05947900e-01	2.13571384e+01	1.30230622e+00
3.15926800e-01	1.81008765e+01	1.20303475e+00
3.25905600e-01	1.97825148e+01	1.20943188e+00
3.35884500e-01	1.70853037e+01	1.09161736e+00
3.45863300e-01	1.88236959e+01	1.13745946e+00
3.55842200e-01	2.00486272e+01	1.12064692e+00
3.65821000e-01	1.85021766e+01	1.07747661e+00
3.75799900e-01	1.71636627e+01	1.02034819e+00
3.85778700e-01	1.79580900e+01	1.00178343e+00
3.95757600e-01	1.70373877e+01	9.78321431e-01
4.05736400e-01	1.80168725e+01	9.70228001e-01
4.15715300e-01	1.77948832e+01	9.81795640e-01
4.25694100e-01	1.66010875e+01	1.42875435e+01
4.35673000e-01	1.85874938e+01	1.48702584e+01
4.45651900e-01	1.77637990e+01	1.45858725e+01
4.55630700e-01	1.62508757e+01	8.67965689e-01
4.65609600e-01	1.66948243e+01	1.42253257e+01
4.75588400e-01	1.78432200e+01	1.45386212e+01
4.85567300e-01	1.66949107e+01	1.41816411e+01
4.95546100e-01	1.75226588e+01	1.44462752e+01
5.05525000e-01	1.77841245e+01	8.61165751e-01
5.15503800e-01	1.71420150e+01	8.42446950e-01
5.25482700e-01	1.62662792e+01	8.23227422e-01
5.35461500e-01	1.80610771e+01	8.50745091e-01
5.45440400e-01	1.65819483e+01	8.18051349e-01
5.55419200e-01	1.73000047e+01	8.14045812e-01
5.65398100e-01	1.60388682e+01	8.11821052e-01
5.75376900e-01	1.67659227e+01	7.99907600e-01
5.85355800e-01	1.49402544e+01	7.71288583e-01
5.95334700e-01	1.45586989e+01	7.57444230e-01
6.05313500e-01	1.56893033e+01	7.60024991e-01
6.15292400e-01	1.48867534e+01	7.67776171e-01
6.25271200e-01	1.46565946e+01	7.41682202e-01
6.35250100e-01	1.58389788e+01	7.63155614e-01
6.45228900e-01	1.52025673e+01	7.45588899e-01
6.55207800e-01	1.53397679e+01	7.39708052e-01
6.65186600e-01	1.54673273e+01	7.64057676e-01
6.75165500e-01	1.47725095e+01	7.22276394e-01
6.85144300e-01	1.46410463e+01	7.28711697e-01
6.95123200e-01	1.37810205e+01	6.89049693e-01
7.05102000e-01	1.51863826e+01	7.28742363e-01
7.15080900e-01	1.38195337e+01	6.97840268e-01
7.25059700e-01	1.36719219e+01	1.28846624e+01
7.35038600e-01	1.33608844e+01	1.27998693e+01
7.45017500e-01	1.31735771e+01	1.27320980e+01
7.54996300e-01	1.40154617e+01	6.91690488e-01
7.64975200e-01	1.20973623e+01	6.43171109e-01
7.74954000e-01	1.42367135e+01	6.81828626e-01
7.84932900e-01	1.34262499e+01	6.65665808e-01
7.94911700e-01	1.17939525e+01	6.16598283e-01
8.04890600e-01	1.27643936e+01	6.54249491e-01
8.14869400e-01	1.31032552e+01	6.43320809e-01
8.24848300e-01	1.09528007e+01	5.97703511e-01
8.34827100e-01	1.22318681e+01	6.25284123e-01
8.44806000e-01	1.20200068e+01	6.14253021e-01
8.54784800e-01	1.18023258e+01	6.12070863e-01
8.64763700e-01	1.18794982e+01	6.08561023e-01
8.74742600e-01	1.20996328e+01	6.04731913e-01
8.84721400e-01	1.07709908e+01	5.84120582e-01
8.94700300e-01	1.19079319e+01	6.01215428e-01
9.04679100e-01	1.13319816e+01	5.88461365e-01
9.14658000e-01	1.18336714e+01	5.87493648e-01
9.24636800e-01	1.05789664e+01	5.64767207e-01
9.34615700e-01	1.12879406e+01	5.82437770e-01
9.44594500e-01	1.07511762e+01	5.62893814e-01
9.54573400e-01	1.08956452e+01	5.69303563e-01
9.64552200e-01	1.10055612e+01	5.59754764e-01
9.74531100e-01	1.02813078e+01	5.50283933e-01
9.84509900e-01	1.08646563e+01	1.17458228e+01
9.94488800e-01	1.03092449e+01	1.15464084e+01
1.00446800e+00	9.72706500e+00	5.31600664e-01
1.01444700e+00	1.06674432e+01	1.16702739e+01
1.02442500e+00	9.20419370e+00	1.11034919e+01
1.03440400e+00	9.89638230e+00	1.13895269e+01
1.04438300e+00	9.37703890e+00	5.08457238e-01
1.05436200e+00	9.43146780e+00	5.13633802e-01
1.06434100e+00	9.35538780e+00	5.07596443e-01
1.07432000e+00	8.69929430e+00	4.98251222e-01
1.08429800e+00	7.87206500e+00	4.75434714e-01
1.09427700e+00	8.13623180e+00	4.75818016e-01
1.10425600e+00	9.17031390e+00	4.99261400e-01
1.11423500e+00	9.26431320e+00	1.10855636e+01
1.12421400e+00	8.50425500e+00	1.08028643e+01
1.13419300e+00	8.81333700e+00	4.88223117e-01
1.14417200e+00	7.85337040e+00	4.56302074e-01
1.15415000e+00	7.59888740e+00	4.60498431e-01
1.16412900e+00	7.99116940e+00	4.63264486e-01
1.17410800e+00	9.24619070e+00	4.85922886e-01
1.18408700e+00	7.29369520e+00	4.48428393e-01
1.19406600e+00	7.65380850e+00	4.48442205e-01
1.20404500e+00	7.33464590e+00	4.48685842e-01
1.21402400e+00	7.48165040e+00	4.42691612e-01
1.22400200e+00	6.75664600e+00	4.24257491e-01
1.23398100e+00	6.95043140e+00	4.27499457e-01
1.24396000e+00	6.70629340e+00	4.23907625e-01
1.25393900e+00	6.73460780e+00	4.26625088e-01
1.26391800e+00	6.49601750e+00	4.10747099e-01
1.27389700e+00	6.63566090e+00	4.18050703e-01
1.28387600e+00	7.44015750e+00	1.03079330e+01
1.29385400e+00	7.26659330e+00	1.02710729e+01
1.30383300e+00	6.84489370e+00	4.22185912e-01
1.31381200e+00	6.29755580e+00	3.98974144e-01
1.32379100e+00	5.90943870e+00	3.94575915e-01
1.33377000e+00	6.57154540e+00	4.04741534e-01
1.34374900e+00	5.55822520e+00	3.85988268e-01
1.35372800e+00	5.54144640e+00	3.83373328e-01
1.36370600e+00	5.03032040e+00	3.64544427e-01
1.37368500e+00	5.70071530e+00	3.84592196e-01
1.38366400e+00	5.33653400e+00	3.72710300e-01
1.39364300e+00	4.93271700e+00	3.60243209e-01
1.40362200e+00	4.80688870e+00	3.62567394e-01
1.41360100e+00	5.24070930e+00	9.32478925e+00
1.42357900e+00	5.37416530e+00	9.36219100e+00
1.43355800e+00	4.83053220e+00	3.54228632e-01
1.44353700e+00	5.01761350e+00	3.60216445e-01
1.45351600e+00	4.42749310e+00	3.41296508e-01
1.46349500e+00	4.25550410e+00	3.37622330e-01
1.47347400e+00	4.07164280e+00	3.36504463e-01
1.48345300e+00	4.10595220e+00	3.28256589e-01
1.49343100e+00	4.74146700e+00	3.49677932e-01
1.50341000e+00	4.53597590e+00	3.40754253e-01
1.51338900e+00	4.12876930e+00	3.31407108e-01
1.52336800e+00	4.48101910e+00	3.40995787e-01
1.53334700e+00	4.52095990e+00	3.31793219e-01
1.54332600e+00	4.57103560e+00	8.90754395e+00
1.55330500e+00	4.25409460e+00	8.76170946e+00
1.56328300e+00	3.66772970e+00	3.15652868e-01
1.57326200e+00	4.23144130e+00	3.32161501e-01
1.58324100e+00	3.84040250e+00	3.14096606e-01
1.59322000e+00	3.23598280e+00	3.02297385e-01
1.60319900e+00	3.93559400e+00	3.18666808e-01
1.61317800e+00	3.25601970e+00	3.00860527e-01
1.62315700e+00	3.30875490e+00	3.00047380e-01
1.63313500e+00	3.16962650e+00	2.92346397e-01
1.64311400e+00	3.21325030e+00	2.98598586e-01
1.65309300e+00	3.24905120e+00	2.94876309e-01
1.66307200e+00	3.28192640e+00	2.96545701e-01
1.67305100e+00	3.48298130e+00	3.00020647e-01
1.68303000e+00	2.85521320e+00	2.81569324e-01
1.69300900e+00	3.56823160e+00	3.04682806e-01
1.70298700e+00	2.61577590e+00	2.75574868e-01
1.71296600e+00	2.52062150e+00	2.73848386e-01
1.72294500e+00	3.16409100e+00	2.88357089e-01
1.73292400e+00	3.72583160e+00	2.99396174e-01
1.74290300e+00	2.33895160e+00	2.68116162e-01
1.75288200e+00	2.75093400e+00	2.73613705e-01
1.76286100e+00	2.75700020e+00	2.76180797e-01
1.77283900e+00	2.50403900e+00	2.67154861e-01
1.78281800e+00	2.54523650e+00	2.70846820e-01
1.79279700e+00	1.89972030e+00	2.50932045e-01
1.80277600e+00	2.29222900e+00	2.59462685e-01
1.81275500e+00	2.51267290e+00	2.65668904e-01
1.82273400e+00	2.22539150e+00	2.57117350e-01
1.83271200e+00	2.44369020e+00	7.78277544e+00
1.84269100e+00	1.93906580e+00	7.46404244e+00
1.85267000e+00	2.24242250e+00	7.65991996e+00
1.86264900e+00	2.14271680e+00	7.62536639e+00
1.87262800e+00	2.05973450e+00	2.48169341e-01
1.88260700e+00	1.86975050e+00	2.44609010e-01
1.89258600e+00	1.76032000e+00	2.43516948e-01
1.90256400e+00	1.95222420e+00	7.49406640e+00
1.91254300e+00	2.11026710e+00	7.55874284e+00
1.92252200e+00	1.93633700e+00	2.43155073e-01
1.93250100e+00	1.73947110e+00	2.36798623e-01
1.94248000e+00	2.13604040e+00	2.47700533e-01
1.95245900e+00	1.83865560e+00	2.36654857e-01
1.96243800e+00	2.04695730e+00	2.48078787e-01
1.97241600e+00	1.90360760e+00	2.40375967e-01
1.98239500e+00	1.52917660e+00	2.30147923e-01
1.99237400e+00	1.97898370e+00	2.41428745e-01
2.00235300e+00	1.96322170e+00	2.37746377e-01
2.01233200e+00	1.43850430e+00	2.25183859e-01
2.02231100e+00	1.45342570e+00	2.22771595e-01
2.03229000e+00	1.55802360e+00	2.27141901e-01
2.04226800e+00	1.24444690e+00	2.17697233e-01
2.05224700e+00	1.29598000e+00	2.17765617e-01
2.06222600e+00	1.38406740e+00	2.21388516e-01
2.07220500e+00	1.57881280e+00	2.24476428e-01
2.08218400e+00	1.52998810e+00	2.24400096e-01
2.09216300e+00	1.03966350e+00	2.10418704e-01
2.10214200e+00	1.48528380e+00	2.22363861e-01
2.11212000e+00	1.68035590e+00	2.26482243e-01
2.12209900e+00	1.14599860e+00	2.09698232e-01
2.13207800e+00	1.23407760e+00	2.13495541e-01
2.14205700e+00	1.09268560e+00	6.91349258e+00
2.15203600e+00	9.29162900e-01	6.79689624e+00
2.16201500e+00	1.07625930e+00	2.08732105e-01
2.17199400e+00	1.13626320e+00	7.02054374e+00
2.18197200e+00	1.08645610e+00	6.92390327e+00
2.19195100e+00	1.21479000e+00	7.03810620e+00
2.20193000e+00	1.38214090e+00	7.14446034e+00
2.21190900e+00	1.44454670e+00	2.17079287e-01
2.22188800e+00	8.79465900e-01	1.98925577e-01
2.23186700e+00	1.30849980e+00	2.11402129e-01
2.24184500e+00	9.26681500e-01	1.99249965e-01
2.25182400e+00	1.03995890e+00	2.03673254e-01
2.26180300e+00	1.12071480e+00	2.03718528e-01
2.27178200e+00	9.36448700e-01	1.98367746e-01
2.28176100e+00	1.02198370e+00	2.00839767e-01
2.29174000e+00	1.15153940e+00	2.02505380e-01
2.30171900e+00	9.00078200e-01	1.95394639e-01
2.31169700e+00	1.21454720e+00	2.04276405e-01
2.32167600e+00	1.28593890e+00	2.06726935e-01
2.33165500e+00	1.15337770e+00	2.02695101e-01
2.34163400e+00	1.08031630e+00	1.98502367e-01
2.35161300e+00	9.72616000e-01	1.97531844e-01
2.36159200e+00	1.00142640e+00	1.97681010e-01
2.37157100e+00	8.93740700e-01	1.94289802e-01
2.38154900e+00	1.00352240e+00	1.98077705e-01
2.39152800e+00	9.18871200e-01	1.91493225e-01
2.40150700e+00	8.42765500e-01	1.91099627e-01
2.41148600e+00	1.12996670e+00	1.99091083e-01
2.42146500e+00	4.47441200e-01	1.78838345e-01
2.43144400e+00	8.11181300e-01	1.89562689e-01
2.44142300e+00	7.01189200e-01	1.85119054e-01
2.45140100e+00	8.78757100e-01	1.92998748e-01
2.46138000e+00	4.92845300e-01	1.78521890e-01
2.47135900e+00	7.24126100e-01	1.86652542e-01
2.48133800e+00	8.95077000e-01	1.90224364e-01
2.49131700e+00	9.35238300e-01	1.89024036e-01
2.50129600e+00	8.04999000e-01	1.87972042e-01
2.51127500e+00	6.78608500e-01	1.83463737e-01
2.52125300e+00	7.76076500e-01	6.71259000e+00
2.53123200e+00	8.15499800e-01	6.71735678e+00
2.54121100e+00	4.54567100e-01	1.76591925e-01
2.55119000e+00	1.05386620e+00	1.92838826e-01
2.56116900e+00	9.39911900e-01	1.87507353e-01
2.57114800e+00	6.62497900e-01	1.79931273e-01
2.58112700e+00	8.28195900e-01	1.85560412e-01
2.59110500e+00	1.01467930e+00	1.87862960e-01
2.60108400e+00	8.09104300e-01	1.83070613e-01
2.61106300e+00	1.13847460e+00	3.94825980e+00
2.62104200e+00	1.04866460e+00	3.90732594e+00
2.63102100e+00	5.54801800e-01	3.98674246e+00
2.64100000e+00	8.58799100e-01	1.82533985e-01
2.65097800e+00	6.90647600e-01	1.78079081e-01
2.66095700e+00	1.01511780e+00	1.87774872e-01
2.67093600e+00	9.08693300e-01	1.85089308e-01
2.68091500e+00	7.63025300e-01	1.78412424e-01
2.69089400e+00	8.39052700e-01	1.85608294e-01
2.70087300e+00	9.40096000e-01	1.83960298e-01
2.71085200e+00	8.34292200e-01	6.70984427e+00
2.72083000e+00	6.04592400e-01	6.54736099e+00
2.73080900e+00	9.88965700e-01	6.77714070e+00
2.74078800e+00	6.27380900e-01	1.74882367e-01
2.75076700e+00	8.56420700e-01	6.71653721e+00
2.76074600e+00	7.56320500e-01	6.70444193e+00
2.77072500e+00	9.71615700e-01	1.83227526e-01
2.78070400e+00	5.50021900e-01	1.69147830e-01
2.79068200e+00	7.48338200e-01	1.76990400e-01
2.80066100e+00	8.61479000e-01	1.78355128e-01
2.81064000e+00	1.33142270e+00	1.89352803e-01
2.82061900e+00	1.12798690e+00	1.85728426e-01
2.83059800e+00	5.79807500e-01	1.68216415e-01
2.84057700e+00	4.52984700e-01	1.66837000e-01
2.85055600e+00	9.22316400e-01	3.97874929e+00
2.86053400e+00	7.54172500e-01	3.96143883e+00
2.87051300e+00	9.45155200e-01	6.81297210e+00
2.88049200e+00	4.72780000e-01	6.44854548e+00
2.89047100e+00	5.48044700e-01	6.53787779e+00
2.90045000e+00	5.36450300e-01	6.50614728e+00
2.91042900e+00	5.29537800e-01	6.49843343e+00
2.92040800e+00	1.01948670e+00	1.78437511e-01
2.93038600e+00	6.65650900e-01	1.68707362e-01
2.94036500e+00	6.07922400e-01	1.67346089e-01
2.95034400e+00	5.67661600e-01	1.65271086e-01
2.96032300e+00	1.05651690e+00	1.79209709e-01
2.97030200e+00	6.60844600e-01	1.68680004e-01
2.98028100e+00	1.03872440e+00	1.77942355e-01
2.99026000e+00	6.87938700e-01	1.69729244e-01
3.00023800e+00	9.68315500e-01	1.73103034e-01
3.01021700e+00	7.84253000e-01	1.72698567e-01
3.02019600e+00	6.89996300e-01	3.94454622e+00
3.03017500e+00	7.79201100e-01	3.92645443e+00
3.04015400e+00	9.59251500e-01	6.81679647e+00
3.05013300e+00	1.05651660e+00	6.87170146e+00
3.06011100e+00	1.23475350e+00	3.92245799e+00
3.07009000e+00	9.24442700e-01	6.79975613e+00
3.08006900e+00	6.59237000e-01	6.58912723e+00
3.09004800e+00	9.59370100e-01	3.92796198e+00
3.10002700e+00	1.07953210e+00	3.91816686e+00
3.11000600e+00	1.04805520e+00	3.95899056e+00
3.11998500e+00	6.91267600e-01	1.64246099e-01
3.12996300e+00	6.61795800e-01	1.65380620e-01
3.13994200e+00	9.48428200e-01	1.70895162e-01
3.14992100e+00	5.84271000e-01	1.60876836e-01
3.15990000e+00	1.00587780e+00	1.73245527e-01
3.16987900e+00	1.09469160e+00	6.87752535e+00
3.17985800e+00	9.95324100e-01	6.84171901e+00
3.18983700e+00	7.43815000e-01	1.64310612e-01
3.19981500e+00	6.60778900e-01	1.62902667e-01
3.20979400e+00	5.74043700e-01	1.62058609e-01
3.21977300e+00	9.00111100e-01	1.66426164e-01
3.22975200e+00	7.31225500e-01	1.65718278e-01
3.23973100e+00	1.06107990e+00	1.70159914e-01
3.24971000e+00	6.87840600e-01	1.62826663e-01
3.25968900e+00	9.87452300e-01	1.68069231e-01
3.26966700e+00	9.51548700e-01	1.67662430e-01
3.27964600e+00	9.75615400e-01	1.69406966e-01
3.28962500e+00	1.08439090e+00	1.69470286e-01
3.29960400e+00	1.01740100e+00	1.68725118e-01
3.30958300e+00	9.04748300e-01	1.67007268e-01
3.31956200e+00	1.11722860e+00	1.70237274e-01
3.32954100e+00	8.27032700e-01	1.63866518e-01
3.33951900e+00	9.32034900e-01	1.63667438e-01
3.34949800e+00	9.86000000e-01	1.67947863e-01
3.35947700e+00	5.59196000e-01	6.52386393e+00
3.36945600e+00	7.23460700e-01	6.60688065e+00
3.37943500e+00	1.02029490e+00	6.82464611e+00
3.38941400e+00	1.08740990e+00	6.87587802e+00
3.39939200e+00	6.53199300e-01	1.58967016e-01
3.40937100e+00	7.18892000e-01	1.59222690e-01
3.41935000e+00	1.09837150e+00	6.94228247e+00
3.42932900e+00	9.00065300e-01	6.76324348e+00
3.43930800e+00	7.10890300e-01	6.62431844e+00
3.44928700e+00	1.21177940e+00	1.71213810e-01
3.45926600e+00	6.94808300e-01	1.56605517e-01
3.46924400e+00	1.08240580e+00	1.65249705e-01
3.47922300e+00	9.32351100e-01	6.80111361e+00
3.48920200e+00	9.56098900e-01	6.83541417e+00
3.49918100e+00	8.25930800e-01	6.73249130e+00
3.50916000e+00	1.01222200e+00	6.88733510e+00
3.51913900e+00	8.45820600e-01	1.59919114e-01
3.52911800e+00	5.78676800e-01	1.52830479e-01
3.53909600e+00	9.31504900e-01	1.61346023e-01
3.54907500e+00	7.78864000e-01	1.58083188e-01
3.55905400e+00	6.61228500e-01	1.53684919e-01
3.56903300e+00	8.50097100e-01	1.60330219e-01
3.57901200e+00	7.79265600e-01	1.56313604e-01
3.58899100e+00	7.72631400e-01	1.57667347e-01
3.59897000e+00	6.56770300e-01	1.53697837e-01
3.60894800e+00	9.36360200e-01	1.60402333e-01
3.61892700e+00	9.00306900e-01	1.60845717e-01
3.62890600e+00	9.84250200e-01	1.58695671e-01
3.63888500e+00	9.41802200e-01	1.59696225e-01
3.64886400e+00	8.35780700e-01	1.56436546e-01
3.65884300e+00	1.15044180e+00	1.64029668e-01
3.66882200e+00	9.02781700e-01	6.77618983e+00
3.67880000e+00	8.52121300e-01	6.72678781e+00
3.68877900e+00	6.40152100e-01	1.52755282e-01
3.69875800e+00	9.45622500e-01	1.57881161e-01
3.70873700e+00	7.46879200e-01	1.54738337e-01
3.71871600e+00	8.06290700e-01	1.55956358e-01
3.72869500e+00	7.85399700e-01	1.53938864e-01
3.73867400e+00	5.56159200e-01	1.50701012e-01
3.74865200e+00	6.07867400e-01	1.50012774e-01
3.75863100e+00	6.65437300e-01	6.61589388e+00
3.76861000e+00	7.25147000e-01	6.67765229e+00
3.77858900e+00	1.01595280e+00	6.86080248e+00
3.78856800e+00	6.93898400e-01	1.53286571e-01
3.79854700e+00	8.28421800e-01	1.52514476e-01
3.80852500e+00	7.64226500e-01	6.67603230e+00
3.81850400e+00	9.67221000e-01	6.82733962e+00
3.82848300e+00	6.49158800e-01	1.49817746e-01
3.83846200e+00	1.11172430e+00	6.85986796e+00
3.84844100e+00	1.11312700e+00	6.93265546e+00
3.85842000e+00	5.37845800e-01	1.47049666e-01
3.86839900e+00	1.05707240e+00	1.57763750e-01
3.87837700e+00	8.16839200e-01	1.53018615e-01
3.88835600e+00	9.32312900e-01	1.54777496e-01
3.89833500e+00	6.07375700e-01	3.94691260e+00
3.90831400e+00	8.23107400e-01	3.95419878e+00
3.91829300e+00	9.08670300e-01	1.53011377e-01
3.92827200e+00	1.11796480e+00	1.58963172e-01
3.93825100e+00	1.12147900e+00	1.56644233e-01
3.94822900e+00	1.11884010e+00	1.57750253e-01
3.95820800e+00	1.11574150e+00	1.58202032e-01
3.96818700e+00	7.13450500e-01	1.47942562e-01
3.97816600e+00	9.01046800e-01	1.52806746e-01
3.98814500e+00	9.45380500e-01	6.82409790e+00
3.99812400e+00	7.70695600e-01	6.72590530e+00
4.00810300e+00	6.91452700e-01	1.46499502e-01
4.01808100e+00	9.63505400e-01	1.54502853e-01
4.02806000e+00	8.45878300e-01	1.51507027e-01
4.03803900e+00	5.25203800e-01	1.43511227e-01
4.04801800e+00	6.62087300e-01	1.47569862e-01
4.05799700e+00	9.71721700e-01	6.86130977e+00
4.06797600e+00	6.39522100e-01	6.68946808e+00
4.07795500e+00	1.01808160e+00	6.87747685e+00
4.08793300e+00	7.55366200e-01	6.74739703e+00
4.09791200e+00	1.04353670e+00	1.54407800e-01
4.10789100e+00	6.60202700e-01	1.44649645e-01
4.11787000e+00	8.81086200e-01	1.50807462e-01
4.12784900e+00	8.77093800e-01	1.49120991e-01
4.13782800e+00	5.38390300e-01	1.41839295e-01
4.14780700e+00	1.03060010e+00	1.55083125e-01
4.15778500e+00	9.69994200e-01	1.49462038e-01
4.16776400e+00	5.91894400e-01	1.43344538e-01
4.17774300e+00	7.71864300e-01	6.71155922e+00
4.18772200e+00	9.45434400e-01	6.82298876e+00
4.19770100e+00	7.43063400e-01	6.72531723e+00
4.20768000e+00	9.08487800e-01	1.48707652e-01
4.21765800e+00	1.11031200e+00	1.53896853e-01
4.22763700e+00	1.04633330e+00	1.51154595e-01
4.23761600e+00	5.39432000e-01	3.96046452e+00
4.24759500e+00	8.15589800e-01	3.95962152e+00
4.25757400e+00	8.47389300e-01	3.97608649e+00
4.26755300e+00	8.87787900e-01	6.84314449e+00
4.27753200e+00	1.05547910e+00	6.91686312e+00
4.28751000e+00	9.31007500e-01	6.84631003e+00
4.29748900e+00	5.56786700e-01	6.62007295e+00
4.30746800e+00	7.16758800e-01	6.67261691e+00
4.31744700e+00	6.39787400e-01	1.41880774e-01
4.32742600e+00	6.80970100e-01	1.42603247e-01
4.33740500e+00	8.61057100e-01	1.46304093e-01
4.34738400e+00	8.30950300e-01	1.44162462e-01
4.35736200e+00	9.51915700e-01	1.48727751e-01
4.36734100e+00	6.55022900e-01	1.41778806e-01
4.37732000e+00	7.88894100e-01	1.44836429e-01
4.38729900e+00	5.37258300e-01	1.39057207e-01
4.39727800e+00	8.34884700e-01	1.43418714e-01
4.40725700e+00	5.37349500e-01	1.39021758e-01
4.41723600e+00	6.40890700e-01	1.39362780e-01
4.42721400e+00	6.02334500e-01	1.40167972e-01
4.43719300e+00	1.08726240e+00	1.49227974e-01
4.44717200e+00	7.29079700e-01	1.41648435e-01
4.45715100e+00	7.66437300e-01	6.72564738e+00
4.46713000e+00	6.64930300e-01	6.67279296e+00
4.47710900e+00	7.05058200e-01	1.41487156e-01
4.48708800e+00	6.02237200e-01	1.38446031e-01
4.49706600e+00	9.31918900e-01	1.44735506e-01
4.50704500e+00	7.95011200e-01	1.44337070e-01
4.51702400e+00	7.71356900e-01	1.40533616e-01
4.52700300e+00	6.65138700e-01	1.41762592e-01
4.53698200e+00	6.49800200e-01	6.65268257e+00
4.54696100e+00	6.31618600e-01	6.65224611e+00
4.55694000e+00	9.00514200e-01	6.83086885e+00
4.56691800e+00	7.84432600e-01	1.41751960e-01
4.57689700e+00	9.09412400e-01	1.44732475e-01
4.58687600e+00	5.23294000e-01	1.34984524e-01
4.59685500e+00	5.41504700e-01	1.35880827e-01
4.60683400e+00	7.22167600e-01	1.39038863e-01
4.61681300e+00	5.93531000e-01	1.37621622e-01
4.62679100e+00	7.88998400e-01	1.41010433e-01
4.63677000e+00	8.14851200e-01	1.40443836e-01
4.64674900e+00	5.32273700e-01	1.36008551e-01
4.65672800e+00	7.65150200e-01	1.39761297e-01
4.66670700e+00	7.90274100e-01	1.41416499e-01
4.67668600e+00	7.77083400e-01	1.39621877e-01
4.68666500e+00	7.01809200e-01	1.38577156e-01
4.69664300e+00	7.06723700e-01	1.40334002e-01
4.70662200e+00	5.52406300e-01	6.66766083e+00
4.71660100e+00	6.80734700e-01	6.73920100e+00
4.72658000e+00	6.91778500e-01	1.41898095e-01
4.73655900e+00	7.54789800e-01	1.44668483e-01
4.74653800e+00	4.10849700e-01	4.02441704e+00
4.75651700e+00	8.65546100e-01	4.05003329e+00
4.76649500e+00	6.66868100e-01	4.00555879e+00
4.77647400e+00	8.15850500e-01	1.47020049e-01
4.78645300e+00	9.15269000e-01	1.50166735e-01
4.79643200e+00	7.43542100e-01	1.46623003e-01
4.80641100e+00	5.15953200e-01	1.42260722e-01
4.81639000e+00	7.01841500e-01	6.78506391e+00
4.82636900e+00	8.93823900e-01	6.88976741e+00
4.83634700e+00	7.71411100e-01	6.82395820e+00
4.84632600e+00	8.64041000e-01	6.86361855e+00
4.85630500e+00	5.55054800e-01	1.47159441e-01
4.86628400e+00	9.94527800e-01	1.54792876e-01
4.87626300e+00	6.54996100e-01	1.48624947e-01
4.88624200e+00	8.33452300e-01	1.56668152e-01
4.89622100e+00	8.28225200e-01	1.55573378e-01
4.90619900e+00	9.86722700e-01	1.61783826e-01
4.91617800e+00	5.67393900e-01	1.53292696e-01
4.92615700e+00	9.71834700e-01	1.63211924e-01
4.93613600e+00	8.28696800e-01	1.62525962e-01
4.94611500e+00	7.60725100e-01	1.59288943e-01
4.95609400e+00	8.48715200e-01	1.63289138e-01
4.96607300e+00	4.76652800e-01	1.53871427e-01
4.97605100e+00	6.88977900e-01	1.60354836e-01
4.98603000e+00	2.23783700e-01	1.49276911e-01
4.99600900e+00	5.94475500e-01	1.57702314e-01
5.00598800e+00	9.55447200e-01	1.69475445e-01
5.01596700e+00	6.73343300e-01	1.62640611e-01
5.02594600e+00	1.02045510e+00	1.71089752e-01
5.03592400e+00	1.12745290e+00	1.71895633e-01
5.04590300e+00	6.48983200e-01	1.64485421e-01
5.05588200e+00	4.66253600e-01	1.59362120e-01
5.06586100e+00	6.80248500e-01	1.65199033e-01
5.07584000e+00	8.95994100e-01	1.71430497e-01
5.08581900e+00	7.08109700e-01	6.85515272e+00
5.09579800e+00	5.62318300e-01	6.75909306e+00
5.10577600e+00	7.64032000e-01	6.89151381e+00
5.11575500e+00	6.23679800e-01	6.82709582e+00
5.12573400e+00	7.75344800e-01	6.92653726e+00
5.13571300e+00	9.22229700e-01	7.00312322e+00
5.14569200e+00	5.04994700e-01	6.69587153e+00
5.15567100e+00	7.25334300e-01	6.90986402e+00
5.16565000e+00	7.37146200e-01	6.86281602e+00
5.17562800e+00	9.22206100e-01	7.00417768e+00
5.18560700e+00	5.92331400e-01	6.83709732e+00
5.19558600e+00	3.84838600e-01	6.65675305e+00
5.20556500e+00	6.20637200e-01	6.78602008e+00
5.21554400e+00	8.02293000e-01	6.92312900e+00
5.22552300e+00	7.82591100e-01	6.94028760e+00
5.23550200e+00	5.19175500e-01	6.77778674e+00
5.24548000e+00	4.11835600e-01	6.71800731e+00
5.25545900e+00	9.95511700e-01	7.03981665e+00
5.26543800e+00	7.28921800e-01	6.86175340e+00
5.27541700e+00	8.33244400e-01	7.00549411e+00
5.28539600e+00	7.43392300e-01	6.93081711e+00
5.29537500e+00	9.78999600e-01	7.09690427e+00
5.30535400e+00	7.12093700e-01	6.88685688e+00
5.31533200e+00	8.62146600e-01	7.00757629e+00
5.32531100e+00	8.00394500e-01	6.97805387e+00
5.33529000e+00	9.77522700e-01	7.07138857e+00
5.34526900e+00	7.99881900e-01	6.94843588e+00
5.35524800e+00	8.78822800e-01	7.01359781e+00
5.36522700e+00	7.05955800e-01	6.88652438e+00
5.37520500e+00	9.08973900e-01	7.05909848e+00
5.38518400e+00	8.23131200e-01	6.99858613e+00
5.39516300e+00	9.11558000e-01	7.09817338e+00
5.40514200e+00	9.35555600e-01	7.06675743e+00
5.41512100e+00	9.98143400e-01	7.13297220e+00
5.42510000e+00	5.06431100e-01	6.80297817e+00
5.43507900e+00	9.25551200e-01	7.03477011e+00
5.44505700e+00	8.55337800e-01	7.00247193e+00
5.45503600e+00	5.72903400e-01	6.84771457e+00
5.46501500e+00	7.96677500e-01	7.01594803e+00
5.47499400e+00	7.06366400e-01	6.96890740e+00
5.48497300e+00	9.09585900e-01	7.07962807e+00
5.49495200e+00	1.00168310e+00	7.14408111e+00
5.50493100e+00	6.39382900e-01	6.91342002e+00
5.51490900e+00	7.97675600e-01	7.01669726e+00
5.52488800e+00	6.54058400e-01	6.92183638e+00
5.53486700e+00	8.41889600e-01	7.04085943e+00
5.54484600e+00	3.93923100e-01	6.80230690e+00
5.55482500e+00	7.09464300e-01	6.98486922e+00
5.56480400e+00	8.48552300e-01	7.04794528e+00
5.57478300e+00	8.34876800e-01	7.06005245e+00
5.58476100e+00	8.84071000e-01	7.09523562e+00
5.59474000e+00	7.46311500e-01	6.97228961e+00
5.60471900e+00	7.63647900e-01	7.00493551e+00
5.61469800e+00	1.01023480e+00	7.19322849e+00
5.62467700e+00	7.16629800e-01	7.03669399e+00
5.63465600e+00	7.28809800e-01	7.01105735e+00
5.64463500e+00	8.57183600e-01	7.09743481e+00
5.65461300e+00	6.51546600e-01	6.97464415e+00
5.66459200e+00	1.10854400e+00	7.27116665e+00
5.67457100e+00	1.20365890e+00	7.32463963e+00
5.68455000e+00	7.68720000e-01	7.05742801e+00
5.69452900e+00	5.00002900e-01	6.85289294e+00
5.70450800e+00	1.04073300e+00	7.20147045e+00
5.71448700e+00	6.45229100e-01	6.98802279e+00
5.72446500e+00	7.13694200e-01	7.01698042e+00
5.73444400e+00	9.70571900e-01	7.21015655e+00
5.74442300e+00	1.05813000e+00	7.24567198e+00
5.75440200e+00	9.85047900e-01	7.20648255e+00
5.76438100e+00	7.90881700e-01	7.08836933e+00
5.77436000e+00	7.34959900e-01	7.08092628e+00
5.78433800e+00	9.14925500e-01	7.18571875e+00
5.79431700e+00	9.34543200e-01	7.16822294e+00
5.80429600e+00	9.06865600e-01	7.20870074e+00
5.81427500e+00	8.93209200e-01	7.17938990e+00
5.82425400e+00	7.77052300e-01	7.08103716e+00
5.83423300e+00	7.96119200e-01	7.09554696e+00
5.84421200e+00	6.31440000e-01	6.99914097e+00
5.85419000e+00	1.01286240e+00	7.28834469e+00
5.86416900e+00	9.55638100e-01	7.19924725e+00
5.87414800e+00	6.38680000e-01	7.04518675e+00
5.88412700e+00	1.04159880e+00	7.28229917e+00
5.89410600e+00	9.57900400e-01	7.23818559e+00
5.90408500e+00	1.00233980e+00	7.29813322e+00
5.91406400e+00	6.88670600e-01	7.12374275e+00
5.92404200e+00	1.15663680e+00	7.35576082e+00
5.93402100e+00	8.21104600e-01	7.15737745e+00
5.94400000e+00	1.10067050e+00	7.34171043e+00
5.95397900e+00	7.45033800e-01	7.17230765e+00
5.96395800e+00	8.54723300e-01	7.18997935e+00
5.97393700e+00	7.12003800e-01	7.12883241e+00
5.98391600e+00	5.07098100e-01	6.97930728e+00
5.99389400e+00	1.11135740e+00	7.36885582e+00
6.00387300e+00	9.70425900e-01	7.31949806e+00
6.01385200e+00	9.51141600e-01	7.30546902e+00
6.02383100e+00	6.33521200e-01	7.02823597e+00
6.03381000e+00	1.21047000e+00	7.47092480e+00
6.04378900e+00	6.47621900e-01	7.11760490e+00
6.05376800e+00	5.57758400e-01	7.07307019e+00
6.06374600e+00	7.13069200e-01	7.14536334e+00
6.07372500e+00	6.41547500e-01	7.12212789e+00
6.08370400e+00	7.59715700e-01	7.15382690e+00
6.09368300e+00	9.06266900e-01	7.26957520e+00
6.10366200e+00	8.03073700e-01	7.18254617e+00
6.11364100e+00	8.20207000e-01	7.21956019e+00
6.12362000e+00	6.90107900e-01	7.14437355e+00
6.13359800e+00	1.04493770e+00	7.37906604e+00
6.14357700e+00	7.47240100e-01	7.22667911e+00
6.15355600e+00	9.15640300e-01	7.27178428e+00
6.16353500e+00	8.45781400e-01	7.21437734e+00
6.17351400e+00	1.03014640e+00	7.41389872e+00
6.18349300e+00	9.55766000e-01	7.36339298e+00
6.19347100e+00	1.01909180e+00	7.40381312e+00
6.20345000e+00	7.08147300e-01	7.20015672e+00
6.21342900e+00	5.73552300e-01	7.13478799e+00
6.22340800e+00	1.03372630e+00	7.43511040e+00
6.23338700e+00	1.01740620e+00	7.38361065e+00
6.24336600e+00	7.76329900e-01	7.27246128e+00
6.25334500e+00	6.12012500e-01	7.16087292e+00
6.26332300e+00	8.39473600e-01	7.28776965e+00
6.27330200e+00	8.28447100e-01	7.28774373e+00
6.28328100e+00	8.14176600e-01	7.26369035e+00
6.29326000e+00	7.93409500e-01	7.25679386e+00
6.30323900e+00	6.73952300e-01	7.18701364e+00
6.31321800e+00	6.81340500e-01	7.21880851e+00
6.32319700e+00	3.54758100e-01	7.03377608e+00
6.33317500e+00	8.66436300e-01	7.34378370e+00
6.34315400e+00	1.04850540e+00	7.40983525e+00
6.35313300e+00	3.95916000e-01	7.06097999e+00
6.36311200e+00	8.10379900e-01	7.29243023e+00
6.37309100e+00	1.09849620e+00	7.53007442e+00
6.38307000e+00	9.71172400e-01	7.36877317e+00
6.39304900e+00	8.26178700e-01	7.35376857e+00
6.40302700e+00	5.80419900e-01	7.16492037e+00
6.41300600e+00	4.95681600e-01	7.16883032e+00
6.42298500e+00	8.02903100e-01	7.31728715e+00
6.43296400e+00	1.06679440e+00	7.48730588e+00
6.44294300e+00	8.63356000e-01	7.39235219e+00
6.45292200e+00	9.34818700e-01	7.42231108e+00
6.46290100e+00	9.66067600e-01	7.42585004e+00
6.47287900e+00	6.87223900e-01	7.28223261e+00
6.48285800e+00	1.04044280e+00	7.54915029e+00
6.49283700e+00	7.35738200e-01	7.32641417e+00
6.50281600e+00	1.08193340e+00	7.55473499e+00
6.51279500e+00	1.13090030e+00	7.56071431e+00
6.52277400e+00	8.22509100e-01	7.39328543e+00
6.53275300e+00	7.65503400e-01	7.37904387e+00
6.54273100e+00	7.59317000e-01	7.35834399e+00
6.55271000e+00	1.05173650e+00	7.50944878e+00
6.56268900e+00	7.87899100e-01	7.41459413e+00
6.57266800e+00	8.92083600e-01	7.47059289e+00
6.58264700e+00	1.17611520e+00	7.60220261e+00
6.59262600e+00	1.01098380e+00	7.53486788e+00
6.60260400e+00	9.86668100e-01	7.50179216e+00
6.61258300e+00	1.03343360e+00	7.55705506e+00
6.62256200e+00	1.19360480e+00	7.64599526e+00
6.63254100e+00	6.12023100e-01	7.32077535e+00
6.64252000e+00	1.13790610e+00	7.63327859e+00
6.65249900e+00	1.19746520e+00	7.67049506e+00
6.66247800e+00	8.40126000e-01	7.45375514e+00
6.67245600e+00	1.07327120e+00	7.60777847e+00
6.68243500e+00	1.08267280e+00	7.55845474e+00
6.69241400e+00	7.40457400e-01	7.38940915e+00
6.70239300e+00	1.67655070e+00	7.94214174e+00
6.71237200e+00	1.12570950e+00	7.59928533e+00
6.72235100e+00	9.88982000e-01	7.59637176e+00
6.73233000e+00	8.77667000e-01	7.47794570e+00
6.74230800e+00	8.22182900e-01	7.47744960e+00
6.75228700e+00	4.88439800e-01	7.30862885e+00
6.76226600e+00	1.18008180e+00	7.64864560e+00
6.77224500e+00	1.18096920e+00	7.68627004e+00
6.78222400e+00	1.04057810e+00	7.66244154e+00
6.79220300e+00	9.00088200e-01	7.53247019e+00
6.80218200e+00	4.69975900e-01	7.28456603e+00
6.81216000e+00	7.02329300e-01	7.42836554e+00
6.82213900e+00	9.12990500e-01	7.51017047e+00
6.83211800e+00	1.07339500e+00	7.59075712e+00
6.84209700e+00	7.47169400e-01	7.42135260e+00
6.85207600e+00	9.05450800e-01	7.55388426e+00
6.86205500e+00	5.95922500e-01	7.35472209e+00
6.87203400e+00	1.04063260e+00	7.63814445e+00
6.88201200e+00	1.07826120e+00	7.72007517e+00
6.89199100e+00	7.13084700e-01	7.45048219e+00
6.90197000e+00	1.00624390e+00	7.68314750e+00
6.91194900e+00	7.29834800e-01	7.47523013e+00
6.92192800e+00	7.98366800e-01	7.52775668e+00
6.93190700e+00	7.85077900e-01	7.49003015e+00
6.94188600e+00	6.51611700e-01	7.45204550e+00
6.95186400e+00	6.27887500e-01	7.44736366e+00
6.96184300e+00	8.48107500e-01	7.58074324e+00
6.97182200e+00	9.37789000e-01	7.66715370e+00
6.98180100e+00	7.56236700e-01	7.51577036e+00
6.99178000e+00	8.61921900e-01	7.56792892e+00
7.00175900e+00	8.48104400e-01	7.56792504e+00
7.01173700e+00	1.10576440e+00	7.71698127e+00
7.02171600e+00	8.95973900e-01	7.58371786e+00
7.03169500e+00	8.60649800e-01	7.60737818e+00
7.04167400e+00	4.92637000e-01	7.36622134e+00
7.05165300e+00	9.23950100e-01	7.64181178e+00
7.06163200e+00	9.68283100e-01	7.65274365e+00
7.07161100e+00	9.35397000e-01	7.65526962e+00
7.08158900e+00	7.43182900e-01	7.56039764e+00
7.09156800e+00	8.63472700e-01	7.62970835e+00
7.10154700e+00	8.58809300e-01	7.60666156e+00
7.11152600e+00	8.72978300e-01	7.62475448e+00
7.12150500e+00	7.52618600e-01	7.58290216e+00
7.13148400e+00	8.57805900e-01	7.63308690e+00
7.14146300e+00	8.96817200e-01	7.61604326e+00
7.15144100e+00	1.04324250e+00	7.73468286e+00
7.16142000e+00	1.17902340e+00	7.83304297e+00
7.17139900e+00	1.06329120e+00	7.71378429e+00
7.18137800e+00	1.27253060e+00	7.88343265e+00
7.19135700e+00	9.80063500e-01	7.72924584e+00
7.20133600e+00	4.72620700e-01	7.44793254e+00
7.21131500e+00	7.26648300e-01	7.59458080e+00
7.22129300e+00	7.00843900e-01	7.56909665e+00
7.23127200e+00	7.90047800e-01	7.58003617e+00
7.24125100e+00	6.40882700e-01	7.54368514e+00
7.25123000e+00	5.96315500e-01	7.51695313e+00
7.26120900e+00	8.19605900e-01	7.61785334e+00
7.27118800e+00	9.16328200e-01	7.68773213e+00
7.28116700e+00	1.16153120e+00	7.86445924e+00
7.29114500e+00	9.11690600e-01	7.72276090e+00
7.30112400e+00	9.04642700e-01	7.70332243e+00
7.31110300e+00	1.01279280e+00	7.81531434e+00
7.32108200e+00	8.77398500e-01	7.73270080e+00
7.33106100e+00	1.11180930e+00	7.87400771e+00
7.34104000e+00	1.06197230e+00	7.83435529e+00
7.35101900e+00	7.70006800e-01	7.61934568e+00
7.36099700e+00	9.30692100e-01	7.76683004e+00
7.37097600e+00	1.02655730e+00	7.82364738e+00
7.38095500e+00	6.04453200e-01	7.61285343e+00
7.39093400e+00	6.74657500e-01	1.79726681e-01
7.40091300e+00	1.21808520e+00	1.90518288e-01
7.41089200e+00	8.23304200e-01	1.82237771e-01
7.42087000e+00	1.19345100e+00	1.91729814e-01
7.43084900e+00	7.99743100e-01	1.80480856e-01
7.44082800e+00	5.56829300e-01	1.79333823e-01
7.45080700e+00	6.65545500e-01	1.78364923e-01
7.46078600e+00	9.65037700e-01	7.85128074e+00
7.47076500e+00	9.81108800e-01	7.83157640e+00
7.48074400e+00	8.85991900e-01	1.86470016e-01
7.49072200e+00	9.10974600e-01	1.85807872e-01
7.50070100e+00	8.56486000e-01	1.83040398e-01
7.51068000e+00	9.32383500e-01	1.86365563e-01
7.52065900e+00	1.08325290e+00	7.90920223e+00
7.53063800e+00	1.12834760e+00	7.93779096e+00
7.54061700e+00	1.30967880e+00	8.04573440e+00
7.55059600e+00	9.34465400e-01	7.83519328e+00
7.56057400e+00	7.11699400e-01	7.69004322e+00
7.57055300e+00	5.19678200e-01	7.54556606e+00
7.58053200e+00	6.39935700e-01	7.72168563e+00
7.59051100e+00	8.32012600e-01	7.80215944e+00
7.60049000e+00	1.06609160e+00	7.95923345e+00
7.61046900e+00	8.77327300e-01	7.84237799e+00
7.62044800e+00	1.07081440e+00	8.00187606e+00
7.63042600e+00	1.01864750e+00	7.92778458e+00
7.64040500e+00	8.66174300e-01	7.82557604e+00
7.65038400e+00	3.93865200e-01	1.75641521e-01
7.66036300e+00	5.91918100e-01	7.72278321e+00
7.67034200e+00	8.24499100e-01	7.82134878e+00
7.68032100e+00	7.27717300e-01	1.84002273e-01
7.69030000e+00	1.03627780e+00	1.91157538e-01
7.70027800e+00	9.80238300e-01	1.87094529e-01
7.71025700e+00	8.23749400e-01	1.86271002e-01
7.72023600e+00	9.13152900e-01	7.89640789e+00
7.73021500e+00	7.84749900e-01	7.78517323e+00
7.74019400e+00	7.34172300e-01	1.83445855e-01
7.75017300e+00	7.49971300e-01	1.85029590e-01
7.76015100e+00	8.86483600e-01	1.89749484e-01
7.77013000e+00	1.20270870e+00	1.95143334e-01
7.78010900e+00	6.78455000e-01	1.82510066e-01
7.79008800e+00	1.16988850e+00	1.93842544e-01
7.80006700e+00	9.00006100e-01	1.90052965e-01
7.81004600e+00	9.55387700e-01	1.90000094e-01
7.82002500e+00	8.74193700e-01	1.88409122e-01
7.83000300e+00	1.01569480e+00	1.91590431e-01
7.83998200e+00	1.05340990e+00	7.99572398e+00
7.84996100e+00	1.10710960e+00	7.99397248e+00
7.85994000e+00	1.07118790e+00	1.94816666e-01
7.86991900e+00	8.48209200e-01	1.88589163e-01
7.87989800e+00	9.30458500e-01	1.90027443e-01
7.88987700e+00	7.78534800e-01	1.87416001e-01
7.89985500e+00	6.11635200e-01	7.79481507e+00
7.90983400e+00	7.91546700e-01	7.89018408e+00
7.91981300e+00	8.39005300e-01	1.87295923e-01
7.92979200e+00	1.04080790e+00	1.94787492e-01
7.93977100e+00	5.82046400e-01	1.83129711e-01
7.94975000e+00	8.42639400e-01	1.87288005e-01
7.95972900e+00	6.96951100e-01	7.87896730e+00
7.96970700e+00	9.14714700e-01	7.96817874e+00
7.97968600e+00	1.10953710e+00	8.10830429e+00
7.98966500e+00	8.81650800e-01	1.91076325e-01
7.99964400e+00	6.32495000e-01	1.83272836e-01
8.00962300e+00	6.67345200e-01	1.86611238e-01
8.01960200e+00	4.79255800e-01	1.81421793e-01
8.02958100e+00	8.89167000e-01	1.90567232e-01
8.03955900e+00	5.37045800e-01	1.83449152e-01
8.04953800e+00	1.00884470e+00	1.91805619e-01
8.05951700e+00	5.39654400e-01	1.84909262e-01
8.06949600e+00	7.94205600e-01	1.88811357e-01
8.07947500e+00	6.03554300e-01	1.84918483e-01
8.08945400e+00	6.24991500e-01	1.87469293e-01
8.09943300e+00	1.09254000e+00	1.95393661e-01
8.10941100e+00	9.77149500e-01	1.94631271e-01
8.11939000e+00	6.35821900e-01	1.86725782e-01
8.12936900e+00	1.07148410e+00	8.15404507e+00
8.13934800e+00	1.16101500e+00	8.20146638e+00
8.14932700e+00	1.00714370e+00	1.93524701e-01
8.15930600e+00	8.21741900e-01	1.91822702e-01
8.16928400e+00	5.26179700e-01	1.84227670e-01
8.17926300e+00	8.55418600e-01	1.91392735e-01
8.18924200e+00	9.91678200e-01	1.94245164e-01
8.19922100e+00	1.01351260e+00	1.96850426e-01
8.20920000e+00	6.65360900e-01	1.87505879e-01
8.21917900e+00	9.20557700e-01	1.93015145e-01
8.22915800e+00	1.09848840e+00	1.96819137e-01
8.23913600e+00	9.16835900e-01	1.94380942e-01
8.24911500e+00	1.21756750e+00	1.97596494e-01
8.25909400e+00	9.40825100e-01	1.93972230e-01
8.26907300e+00	1.23800720e+00	1.99038397e-01
8.27905200e+00	7.50753000e-01	1.91279366e-01
8.28903100e+00	9.11257000e-01	8.07423993e+00
8.29901000e+00	4.00889700e-01	7.82699602e+00
8.30898800e+00	8.84941100e-01	1.93836377e-01
8.31896700e+00	7.93522900e-01	1.90259263e-01
8.32894600e+00	1.04575420e+00	1.96233240e-01
8.33892500e+00	7.72433100e-01	1.91483238e-01
8.34890400e+00	1.00416490e+00	1.95482212e-01
8.35888300e+00	1.39478180e+00	2.04313424e-01
8.36886200e+00	8.13442200e-01	1.92895654e-01
8.37884000e+00	6.95398900e-01	8.00001792e+00
8.38881900e+00	1.11230050e+00	8.22894659e+00
8.39879800e+00	7.50196000e-01	8.03324439e+00
8.40877700e+00	1.13836050e+00	8.22253726e+00
8.41875600e+00	1.21471910e+00	8.28204443e+00
8.42873500e+00	1.03232760e+00	8.21825650e+00
8.43871400e+00	8.19617100e-01	8.07526459e+00
8.44869200e+00	9.83956900e-01	1.95064772e-01
8.45867100e+00	7.67845300e-01	1.91773981e-01
8.46865000e+00	6.97524400e-01	1.92019550e-01
8.47862900e+00	9.81151900e-01	8.17463762e+00
8.48860800e+00	7.12750000e-01	7.99031870e+00
8.49858700e+00	9.00913600e-01	8.16972124e+00
8.50856600e+00	1.03826030e+00	8.24411263e+00
8.51854400e+00	6.68436300e-01	8.04131369e+00
8.52852300e+00	8.57135200e-01	8.12802192e+00
8.53850200e+00	6.51912200e-01	8.00880232e+00
8.54848100e+00	1.25118250e+00	8.37688103e+00
8.55846000e+00	9.97097100e-01	8.23122052e+00
8.56843900e+00	1.52240780e+00	8.52295613e+00
8.57841700e+00	8.82934600e-01	1.94113741e-01
8.58839600e+00	1.24924760e+00	2.03164835e-01
8.59837500e+00	1.06569460e+00	8.27043511e+00
8.60835400e+00	8.33961600e-01	8.19974676e+00
8.61833300e+00	9.52347200e-01	1.94686947e-01
8.62831200e+00	1.13407130e+00	2.02045268e-01
8.63829100e+00	7.70292700e-01	1.94795248e-01
8.64826900e+00	6.93121800e-01	1.91333459e-01
8.65824800e+00	1.26582480e+00	2.03372598e-01
8.66822700e+00	7.15235000e-01	1.95279154e-01
8.67820600e+00	8.83075400e-01	1.96105938e-01
8.68818500e+00	1.17894180e+00	2.00744351e-01
8.69816400e+00	8.14590600e-01	1.96001666e-01
8.70814300e+00	9.65627900e-01	1.98782255e-01
8.71812100e+00	8.81367700e-01	1.97337786e-01
8.72810000e+00	8.11243900e-01	1.95926438e-01
8.73807900e+00	1.04241200e+00	8.35214614e+00
8.74805800e+00	1.01902760e+00	8.30192639e+00
8.75803700e+00	1.12769610e+00	2.01059350e-01
8.76801600e+00	1.30099000e+00	2.04726097e-01
8.77799500e+00	1.35405380e+00	2.06235726e-01
8.78797300e+00	6.07182700e-01	1.93645924e-01
8.79795200e+00	7.93643100e-01	1.95613565e-01
8.80793100e+00	8.07903900e-01	8.22466130e+00
8.81791000e+00	1.22421090e+00	8.45803924e+00
8.82788900e+00	1.00182300e+00	8.34625280e+00
8.83786800e+00	1.12829850e+00	8.41528057e+00
8.84784700e+00	1.03797250e+00	2.00460788e-01
8.85782500e+00	9.21498500e-01	8.30863838e+00
8.86780400e+00	5.98056500e-01	8.12761160e+00
8.87778300e+00	1.14023200e+00	8.44597894e+00
8.88776200e+00	9.36340600e-01	8.29624493e+00
8.89774100e+00	8.26517000e-01	1.96609397e-01
8.90772000e+00	8.65134900e-01	1.96649031e-01
8.91769900e+00	8.10257400e-01	1.96071087e-01
8.92767700e+00	1.01529130e+00	2.00434068e-01
8.93765600e+00	1.05116910e+00	2.02300323e-01
8.94763500e+00	9.16782900e-01	8.33257669e+00
8.95761400e+00	1.20623110e+00	8.45168628e+00
8.96759300e+00	9.06045300e-01	1.97533156e-01
8.97757200e+00	1.12061890e+00	2.04976254e-01
8.98755000e+00	9.36603800e-01	1.99085628e-01
8.99752900e+00	6.32948700e-01	1.92502926e-01
9.00750800e+00	6.57453500e-01	1.95307332e-01
9.01748700e+00	1.04219170e+00	2.02747703e-01
9.02746600e+00	7.94219800e-01	1.96027089e-01
9.03744500e+00	8.68612800e-01	1.97935051e-01
9.04742400e+00	9.58931000e-01	2.03651346e-01
9.05740200e+00	9.24306100e-01	8.34324279e+00
9.06738100e+00	6.73143200e-01	8.27813609e+00
9.07736000e+00	1.40069220e+00	2.10730833e-01
9.08733900e+00	1.06009780e+00	2.02675798e-01
9.09731800e+00	8.74472200e-01	2.00654106e-01
9.10729700e+00	7.09331300e-01	1.98765514e-01
9.11727600e+00	1.43181830e+00	2.10597059e-01
9.12725400e+00	1.36488670e+00	2.08531791e-01
9.13723300e+00	6.77994400e-01	1.97328798e-01
9.14721200e+00	1.09885300e+00	2.03742631e-01
9.15719100e+00	1.08493860e+00	2.03468250e-01
9.16717000e+00	1.20150720e+00	2.06642680e-01
9.17714900e+00	1.23697940e+00	2.07398302e-01
9.18712800e+00	9.76976100e-01	2.01016575e-01
9.19710600e+00	5.76265900e-01	8.15681280e+00
9.20708500e+00	8.46987000e-01	8.38143145e+00
9.21706400e+00	1.27261090e+00	8.58493874e+00
9.22704300e+00	9.88875300e-01	2.03475315e-01
9.23702200e+00	1.25405920e+00	2.08907199e-01
9.24700100e+00	1.07512870e+00	2.03204603e-01
9.25698000e+00	8.31744900e-01	2.01017921e-01
9.26695800e+00	1.14953420e+00	2.07524675e-01
9.27693700e+00	1.23277810e+00	2.07171306e-01
9.28691600e+00	1.08389120e+00	8.49791683e+00
9.29689500e+00	1.26364210e+00	8.64162554e+00
9.30687400e+00	1.65900740e+00	8.83166646e+00
9.31685300e+00	9.74744300e-01	8.52297241e+00
9.32683200e+00	1.04622890e+00	2.06901730e-01
9.33681000e+00	1.01992260e+00	2.03815272e-01
9.34678900e+00	7.26610800e-01	1.99309203e-01
9.35676800e+00	1.10837860e+00	2.06874449e-01
9.36674700e+00	8.29501400e-01	2.01496379e-01
9.37672600e+00	1.12223850e+00	2.06963494e-01
9.38670500e+00	1.30494520e+00	8.67017867e+00
9.39668300e+00	1.15038040e+00	8.60103416e+00
9.40666200e+00	1.04537560e+00	2.06189078e-01
9.41664100e+00	1.06804660e+00	2.05201847e-01
9.42662000e+00	1.15586810e+00	2.07125828e-01
9.43659900e+00	1.27821340e+00	2.09412185e-01
9.44657800e+00	6.60932300e-01	1.97819617e-01
9.45655700e+00	1.26883680e+00	2.09874158e-01
9.46653500e+00	1.23068730e+00	2.08667215e-01
9.47651400e+00	1.37314820e+00	2.13572415e-01
9.48649300e+00	6.50381400e-01	1.99771648e-01
9.49647200e+00	1.10572150e+00	2.06396401e-01
9.50645100e+00	1.12507110e+00	2.08680830e-01
9.51643000e+00	8.93150300e-01	2.04501814e-01
9.52640900e+00	9.65648300e-01	2.04042807e-01
9.53638700e+00	1.07028900e+00	2.10043159e-01
9.54636600e+00	5.88098700e-01	1.98081203e-01
9.55634500e+00	1.21749870e+00	2.09968087e-01
9.56632400e+00	1.31721820e+00	2.14125573e-01
9.57630300e+00	1.07374890e+00	2.07700282e-01
9.58628200e+00	7.89221500e-01	2.00609528e-01
9.59626100e+00	1.09555170e+00	8.61767368e+00
9.60623900e+00	1.13097950e+00	8.65585225e+00
9.61621800e+00	1.26027260e+00	8.70598280e+00
9.62619700e+00	1.13246220e+00	2.09920414e-01
9.63617600e+00	1.26610260e+00	2.13811010e-01
9.64615500e+00	1.16765560e+00	2.08274516e-01
9.65613400e+00	9.85284600e-01	2.06850092e-01
9.66611300e+00	1.48736970e+00	2.17127345e-01
9.67609100e+00	7.07736200e-01	1.98450419e-01
9.68607000e+00	7.64072300e-01	2.03290828e-01
9.69604900e+00	1.09031890e+00	2.09542193e-01
9.70602800e+00	8.32259100e-01	2.03310063e-01
9.71600700e+00	9.87084700e-01	2.07719462e-01
9.72598600e+00	1.32430600e+00	2.14521216e-01
9.73596400e+00	7.28657500e-01	8.51635129e+00
9.74594300e+00	1.14909680e+00	8.72088125e+00
9.75592200e+00	1.29156080e+00	8.77252601e+00
9.76590100e+00	9.33840500e-01	2.05932124e-01
9.77588000e+00	9.69042200e-01	8.66508806e+00
9.78585900e+00	1.17803670e+00	8.76141485e+00
9.79583800e+00	7.75148800e-01	2.02479038e-01
9.80581600e+00	1.00261590e+00	2.10504671e-01
9.81579500e+00	1.54913230e+00	2.17747768e-01
9.82577400e+00	7.87168100e-01	2.04616759e-01
9.83575300e+00	8.59329500e-01	2.05756744e-01
9.84573200e+00	1.01713980e+00	2.10018995e-01
9.85571100e+00	7.11888200e-01	2.01395793e-01
9.86569000e+00	1.55328130e+00	2.19222295e-01
9.87566800e+00	1.44288720e+00	2.19286343e-01
9.88564700e+00	1.22674020e+00	2.10700018e-01
9.89562600e+00	1.15452930e+00	2.13121279e-01
9.90560500e+00	1.26676060e+00	2.13810644e-01
9.91558400e+00	9.65681500e-01	2.05956306e-01
9.92556300e+00	1.25179790e+00	2.15934696e-01
9.93554200e+00	9.29215100e-01	2.10130830e-01
9.94552000e+00	7.15331900e-01	2.02169018e-01
9.95549900e+00	1.00631920e+00	2.09893534e-01
9.96547800e+00	8.89189400e-01	2.09134313e-01
9.97545700e+00	1.41506500e+00	8.94962482e+00
9.98543600e+00	8.76743300e-01	8.68867525e+00
9.99541500e+00	1.18516480e+00	8.84978589e+00
1.00053900e+01	1.18559340e+00	2.14384059e-01
1.00153700e+01	8.78174100e-01	8.72442335e+00
1.00253500e+01	1.02443500e+00	8.84034233e+00
1.00353300e+01	9.89059000e-01	8.81531481e+00
1.00453100e+01	1.33970970e+00	8.92931502e+00
1.00552900e+01	1.05269200e+00	8.89856629e+00
1.00652700e+01	8.24760000e-01	2.09616610e-01
1.00752500e+01	9.87556900e-01	2.21270753e-01
1.00852200e+01	1.26580130e+00	2.31359758e-01
1.00952000e+01	1.11574810e+00	8.90768493e+00
1.01051800e+01	7.47613900e-01	2.27756035e-01
1.01151600e+01	9.07282700e-01	2.31438736e-01
1.01251400e+01	1.15547590e+00	8.90757435e+00
1.01351200e+01	8.03479900e-01	8.71760913e+00
1.01451000e+01	9.86109000e-01	2.42327597e-01
1.01550800e+01	1.08529650e+00	2.49985742e-01
1.01650600e+01	8.93788400e-01	2.46972098e-01
1.01750300e+01	1.44091820e+00	2.58867384e-01
1.01850100e+01	1.09574720e+00	2.58322868e-01
1.01949900e+01	6.17648900e-01	2.48913906e-01
1.00000000e+03	0.00000000e+00	0.00000000e+00
