q[nm-1]	I(q)[sr-1]_sub(Lyso_Lyso_3_000_350.dat_00001_[]-Lyso_Buffer_000_350.dat_00001_[])	error
2.26117100e-01	1.08116800e+01	2.39913296e+00
2.36095900e-01	4.98538000e+00	2.11266510e+00
2.46074800e-01	1.33131400e+01	1.20812371e+00
2.56053600e-01	1.40976800e+01	9.54544608e-01
2.66032500e-01	1.41242400e+01	9.13570827e-01
2.76011300e-01	1.31236810e+01	7.36795199e-01
2.85990200e-01	1.28154510e+01	6.50548888e-01
2.95969000e-01	1.31014330e+01	5.87539275e-01
3.05947900e-01	1.39865160e+01	5.52263001e-01
3.15926800e-01	1.35746510e+01	5.47199389e-01
3.25905600e-01	1.40542500e+01	5.26495054e-01
3.35884500e-01	1.36975570e+01	5.17543654e-01
3.45863300e-01	1.41949210e+01	5.13865018e-01
3.55842200e-01	1.51925430e+01	4.93009056e-01
3.65821000e-01	1.46989780e+01	4.83418643e-01
3.75799900e-01	1.40727820e+01	4.49609452e-01
3.85778700e-01	1.39441320e+01	4.57245368e-01
3.95757600e-01	1.35955770e+01	4.14722945e-01
4.05736400e-01	1.38610550e+01	4.22095769e-01
4.15715300e-01	1.42267600e+01	4.44185363e-01
4.25694100e-01	1.34875460e+01	1.46074718e+01
4.35673000e-01	1.46245610e+01	1.46529988e+01
4.45651900e-01	1.39171070e+01	1.43736583e+01
4.55630700e-01	1.34138320e+01	4.00459122e-01
4.65609600e-01	1.36130640e+01	1.42605518e+01
4.75588400e-01	1.40936020e+01	1.43735591e+01
4.85567300e-01	1.32836130e+01	1.41438267e+01
4.95546100e-01	1.28193030e+01	1.39426421e+01
5.05525000e-01	1.30843680e+01	3.69964167e-01
5.15503800e-01	1.33503970e+01	3.71134649e-01
5.25482700e-01	1.29376960e+01	3.71530916e-01
5.35461500e-01	1.33944970e+01	3.55380291e-01
5.45440400e-01	1.22000200e+01	3.54961706e-01
5.55419200e-01	1.27413270e+01	3.38764643e-01
5.65398100e-01	1.27083330e+01	3.73333124e-01
5.75376900e-01	1.27992140e+01	3.52668363e-01
5.85355800e-01	1.24579840e+01	3.50180956e-01
5.95334700e-01	1.29472230e+01	6.45703615e+00
6.05313500e-01	1.28451880e+01	6.43535050e+00
6.15292400e-01	1.22903340e+01	3.41938909e-01
6.25271200e-01	1.20847930e+01	3.42729566e-01
6.35250100e-01	1.19521180e+01	3.37155836e-01
6.45228900e-01	1.21923660e+01	3.33467147e-01
6.55207800e-01	1.20237040e+01	3.15933636e-01
6.65186600e-01	1.17095880e+01	3.35755927e-01
6.75165500e-01	1.12805720e+01	3.28797147e-01
6.85144300e-01	1.22302280e+01	3.23056834e-01
6.95123200e-01	1.12674210e+01	3.15632608e-01
7.05102000e-01	1.11607360e+01	3.25007749e-01
7.15080900e-01	1.11256080e+01	3.22817083e-01
7.25059700e-01	1.09552930e+01	1.29415100e+01
7.35038600e-01	1.02078100e+01	1.26730984e+01
7.45017500e-01	1.07785760e+01	1.27826485e+01
7.54996300e-01	1.01497880e+01	3.02983193e-01
7.64975200e-01	9.79436700e+00	2.98165931e-01
7.74954000e-01	1.06441010e+01	3.04933499e-01
7.84932900e-01	1.02464220e+01	2.99175590e-01
7.94911700e-01	1.00220800e+01	2.89776265e-01
8.04890600e-01	9.80903800e+00	2.94533478e-01
8.14869400e-01	1.03518710e+01	2.90025686e-01
8.24848300e-01	9.80854800e+00	2.83860836e-01
8.34827100e-01	9.32945900e+00	2.80661796e-01
8.44806000e-01	9.33940400e+00	2.73431162e-01
8.54784800e-01	9.21975600e+00	2.79412723e-01
8.64763700e-01	9.07078100e+00	2.69807824e-01
8.74742600e-01	9.01179000e+00	2.60850300e-01
8.84721400e-01	9.13266400e+00	2.68375674e-01
8.94700300e-01	9.10274100e+00	2.70105813e-01
9.04679100e-01	8.94364400e+00	2.62008698e-01
9.14658000e-01	8.91435100e+00	2.62320670e-01
9.24636800e-01	8.20215900e+00	2.64175741e-01
9.34615700e-01	8.39326200e+00	2.54862740e-01
9.44594500e-01	8.17833500e+00	2.55941837e-01
9.54573400e-01	8.45810000e+00	2.58145965e-01
9.64552200e-01	7.77218100e+00	2.60751225e-01
9.74531100e-01	7.97229100e+00	2.56351972e-01
9.84509900e-01	7.49029700e+00	1.14895991e+01
9.94488800e-01	7.23560000e+00	1.14160400e+01
1.00446800e+00	7.72377400e+00	2.47085599e-01
1.01444700e+00	7.51416500e+00	1.16286099e+01
1.02442500e+00	7.86922000e+00	1.15442325e+01
1.03440400e+00	7.12832400e+00	1.14511018e+01
1.04438300e+00	7.13595500e+00	2.33083715e-01
1.05436200e+00	6.69358500e+00	2.35797492e-01
1.06434100e+00	6.69475200e+00	2.28055141e-01
1.07432000e+00	6.46490100e+00	2.32357673e-01
1.08429800e+00	6.48020200e+00	2.29002231e-01
1.09427700e+00	6.06456900e+00	2.17414985e-01
1.10425600e+00	6.44706600e+00	2.22161254e-01
1.11423500e+00	5.64954300e+00	1.08765685e+01
1.12421400e+00	6.18431000e+00	1.08921446e+01
1.13419300e+00	5.76871100e+00	2.18411012e-01
1.14417200e+00	6.10491800e+00	2.12349548e-01
1.15415000e+00	5.69972200e+00	2.16619651e-01
1.16412900e+00	5.42730000e+00	2.15331034e-01
1.17410800e+00	5.46959700e+00	2.10050472e-01
1.18408700e+00	5.11905100e+00	2.10289134e-01
1.19406600e+00	5.37393100e+00	2.03778157e-01
1.20404500e+00	5.27180400e+00	2.07098761e-01
1.21402400e+00	5.13329300e+00	2.11381702e-01
1.22400200e+00	4.89799200e+00	1.99683665e-01
1.23398100e+00	4.57841500e+00	1.98855970e-01
1.24396000e+00	4.85551700e+00	2.00052485e-01
1.25393900e+00	4.36298000e+00	1.96741117e-01
1.26391800e+00	4.27424200e+00	1.90453203e-01
1.27389700e+00	4.64627900e+00	1.94861358e-01
1.28387600e+00	4.68685100e+00	1.03033210e+01
1.29385400e+00	4.13239700e+00	1.01735559e+01
1.30383300e+00	3.84708100e+00	1.90510307e-01
1.31381200e+00	3.89433300e+00	1.81309359e-01
1.32379100e+00	3.97819200e+00	1.90477055e-01
1.33377000e+00	3.56773000e+00	1.88170270e-01
1.34374900e+00	3.71988600e+00	1.79913268e-01
1.35372800e+00	3.90895000e+00	1.87198268e-01
1.36370600e+00	3.58416600e+00	1.78528130e-01
1.37368500e+00	3.95684800e+00	1.86363606e-01
1.38366400e+00	3.32959400e+00	1.78844103e-01
1.39364300e+00	3.48610800e+00	1.74185680e-01
1.40362200e+00	3.12453800e+00	1.80384490e-01
1.41360100e+00	3.19741500e+00	9.73955086e+00
1.42357900e+00	2.89031400e+00	9.48808454e+00
1.43355800e+00	2.82921300e+00	1.71867545e-01
1.44353700e+00	2.97427200e+00	1.72198806e-01
1.45351600e+00	2.97973500e+00	1.72269086e-01
1.46349500e+00	2.80709600e+00	1.70684425e-01
1.47347400e+00	2.66754300e+00	1.66803529e-01
1.48345300e+00	2.66802000e+00	1.64300779e-01
1.49343100e+00	2.50499400e+00	1.67756812e-01
1.50341000e+00	2.59010000e+00	1.65677732e-01
1.51338900e+00	2.18613200e+00	1.67023004e-01
1.52336800e+00	2.29627000e+00	1.60011021e-01
1.53334700e+00	2.15867200e+00	1.56792754e-01
1.54332600e+00	2.23503500e+00	9.37662510e+00
1.55330500e+00	2.28866700e+00	9.15353020e+00
1.56328300e+00	1.99122700e+00	1.56954587e-01
1.57326200e+00	2.19611900e+00	1.57752878e-01
1.58324100e+00	2.00318100e+00	1.53757130e-01
1.59322000e+00	1.88522700e+00	1.55040163e-01
1.60319900e+00	2.18393500e+00	1.55446283e-01
1.61317800e+00	2.02004200e+00	1.52645087e-01
1.62315700e+00	1.45862100e+00	1.50253278e-01
1.63313500e+00	1.56722800e+00	1.44723903e-01
1.64311400e+00	1.39372500e+00	1.49872120e-01
1.65309300e+00	1.58436800e+00	1.46751167e-01
1.66307200e+00	1.55400000e+00	1.44926420e-01
1.67305100e+00	1.34493900e+00	1.45624451e-01
1.68303000e+00	1.35909300e+00	1.46493503e-01
1.69300900e+00	1.34959600e+00	1.44867396e-01
1.70298700e+00	1.34103300e+00	1.42319290e-01
1.71296600e+00	1.20661700e+00	1.44981962e-01
1.72294500e+00	1.03653500e+00	1.43870046e-01
1.73292400e+00	1.08874800e+00	1.38985914e-01
1.74290300e+00	1.06760600e+00	1.38016571e-01
1.75288200e+00	1.15699400e+00	1.38454026e-01
1.76286100e+00	1.07103100e+00	1.40542641e-01
1.77283900e+00	9.13902000e-01	1.36642800e-01
1.78281800e+00	1.18085100e+00	1.40324075e-01
1.79279700e+00	1.02295600e+00	1.39647700e-01
1.80277600e+00	7.93815000e-01	1.37165361e-01
1.81275500e+00	4.82626000e-01	1.33040396e-01
1.82273400e+00	6.92946000e-01	1.30855609e-01
1.83271200e+00	7.15196000e-01	8.50085709e+00
1.84269100e+00	5.04899000e-01	8.38360769e+00
1.85267000e+00	5.19918000e-01	8.40013491e+00
1.86264900e+00	3.10591000e-01	8.26975752e+00
1.87262800e+00	3.59694000e-01	1.28109342e-01
1.88260700e+00	3.24773000e-01	1.30601086e-01
1.89258600e+00	6.16839000e-01	1.30030030e-01
1.90256400e+00	4.48672000e-01	8.25711571e+00
1.91254300e+00	3.23099000e-01	8.34385703e+00
1.92252200e+00	2.36663000e-01	1.28869849e-01
1.93250100e+00	4.81450000e-01	1.27485350e-01
1.94248000e+00	1.03440000e-01	1.25489226e-01
1.95245900e+00	3.07192000e-01	1.24306097e-01
1.96243800e+00	1.40877000e-01	1.26023153e-01
1.97241600e+00	2.72178000e-01	1.24145997e-01
1.98239500e+00	3.76162000e-01	1.25010958e-01
1.99237400e+00	1.58200000e-01	1.24351063e-01
2.00235300e+00	-1.04422000e-01	1.21632105e-01
2.01233200e+00	-1.27303000e-01	1.22629342e-01
2.02231100e+00	2.41193000e-01	1.22150528e-01
2.03229000e+00	-3.93960000e-02	1.21127222e-01
2.04226800e+00	-6.41110000e-02	1.21761805e-01
2.05224700e+00	-6.82520000e-02	1.19642118e-01
2.06222600e+00	1.25523000e-01	1.21524660e-01
2.07220500e+00	-1.35690000e-01	1.18291136e-01
2.08218400e+00	3.89080000e-02	1.20623411e-01
2.09216300e+00	-6.80360000e-02	1.17219723e-01
2.10214200e+00	-2.31298000e-01	1.17352889e-01
2.11212000e+00	-1.71767000e-01	1.20315081e-01
2.12209900e+00	-3.10434000e-01	1.13440191e-01
2.13207800e+00	-2.96658000e-01	1.15962085e-01
2.14205700e+00	-2.73481000e-01	7.84927669e+00
2.15203600e+00	-2.70875000e-01	7.89428254e+00
2.16201500e+00	-1.83772000e-01	1.15742058e-01
2.17199400e+00	-3.79708000e-01	7.94667400e+00
2.18197200e+00	-1.32579000e-01	8.00365356e+00
2.19195100e+00	-3.55440000e-01	7.94835742e+00
2.20193000e+00	-1.65240000e-02	7.96111486e+00
2.21190900e+00	-2.59438000e-01	1.12509762e-01
2.22188800e+00	-2.79162000e-01	1.11754101e-01
2.23186700e+00	-4.44691000e-01	1.12576850e-01
2.24184500e+00	-1.52706000e-01	1.10808259e-01
2.25182400e+00	-3.21635000e-01	1.13621817e-01
2.26180300e+00	-4.62944000e-01	1.09584807e-01
2.27178200e+00	-3.47783000e-01	1.10069843e-01
2.28176100e+00	-4.52463000e-01	1.11545469e-01
2.29174000e+00	-5.26937000e-01	1.06503852e-01
2.30171900e+00	-5.01831000e-01	1.09096205e-01
2.31169700e+00	-4.42026000e-01	1.09722066e-01
2.32167600e+00	-5.05392000e-01	1.10778054e-01
2.33165500e+00	-4.43000000e-01	1.06775534e-01
2.34163400e+00	-4.50013000e-01	1.07259808e-01
2.35161300e+00	-5.49146000e-01	1.06451356e-01
2.36159200e+00	-5.16568000e-01	1.07681770e-01
2.37157100e+00	-5.32411000e-01	1.09819525e-01
2.38154900e+00	-4.30646000e-01	1.08058397e-01
2.39152800e+00	-5.36636000e-01	1.04596790e-01
2.40150700e+00	-7.84131000e-01	1.06723314e-01
2.41148600e+00	-4.25357000e-01	1.06216659e-01
2.42146500e+00	-3.57943000e-01	1.05790741e-01
2.43144400e+00	-3.20841000e-01	1.04623004e-01
2.44142300e+00	-4.82986000e-01	1.04773589e-01
2.45140100e+00	-5.43800000e-01	1.06112625e-01
2.46138000e+00	-5.17893000e-01	1.04855248e-01
2.47135900e+00	-3.99235000e-01	1.06088577e-01
2.48133800e+00	-5.57302000e-01	1.04308469e-01
2.49131700e+00	-3.20445000e-01	5.84006179e+00
2.50129600e+00	-5.19075000e-01	5.82704320e+00
2.51127500e+00	-5.93082000e-01	1.03662052e-01
2.52125300e+00	-5.55796000e-01	7.85514805e+00
2.53123200e+00	-5.03143000e-01	7.87373941e+00
2.54121100e+00	-6.27523000e-01	1.03833155e-01
2.55119000e+00	-5.15046000e-01	1.04007230e-01
2.56116900e+00	-5.42455000e-01	1.00942443e-01
2.57114800e+00	-3.92407000e-01	1.05237655e-01
2.58112700e+00	-3.66565000e-01	1.03818957e-01
2.59110500e+00	-5.55656000e-01	1.01115685e-01
2.60108400e+00	-5.93240000e-01	1.03953727e-01
2.61106300e+00	-6.86441000e-01	1.02318854e-01
2.62104200e+00	-3.63348000e-01	1.02517074e-01
2.63102100e+00	-5.73637000e-01	1.01308958e-01
2.64100000e+00	-3.40978000e-01	1.02193062e-01
2.65097800e+00	-6.41241000e-01	1.01500556e-01
2.66095700e+00	-4.46431000e-01	9.99622365e-02
2.67093600e+00	-4.33392000e-01	1.02080498e-01
2.68091500e+00	-5.11291000e-01	9.87227315e-02
2.69089400e+00	-5.19316000e-01	1.07247911e-01
2.70087300e+00	-3.69872000e-01	9.99308619e-02
2.71085200e+00	-5.98536000e-01	7.77112432e+00
2.72083000e+00	-6.07501000e-01	7.71487864e+00
2.73080900e+00	-4.84856000e-01	7.86381532e+00
2.74078800e+00	-4.88717000e-01	1.02671315e-01
2.75076700e+00	-5.86267000e-01	7.78790777e+00
2.76074600e+00	-5.49731000e-01	7.71134280e+00
2.77072500e+00	-3.13834000e-01	1.00566499e-01
2.78070400e+00	-6.15756000e-01	9.78387299e-02
2.79068200e+00	-6.71344000e-01	1.01323751e-01
2.80066100e+00	-4.93790000e-01	9.84603557e-02
2.81064000e+00	-6.50413000e-01	9.98032445e-02
2.82061900e+00	-4.80894000e-01	9.87232205e-02
2.83059800e+00	-6.53866000e-01	9.67256391e-02
2.84057700e+00	-6.28151000e-01	9.93148657e-02
2.85055600e+00	-5.51183000e-01	9.86904829e-02
2.86053400e+00	-6.34964000e-01	9.76784301e-02
2.87051300e+00	-5.73619000e-01	7.88069780e+00
2.88049200e+00	-6.48791000e-01	7.61774100e+00
2.89047100e+00	-5.71707000e-01	7.62861737e+00
2.90045000e+00	-6.47447000e-01	7.74028532e+00
2.91042900e+00	-6.15857000e-01	7.74621022e+00
2.92040800e+00	-5.11332000e-01	9.43390228e-02
2.93038600e+00	-4.65908000e-01	9.66091399e-02
2.94036500e+00	-7.58878000e-01	9.67731614e-02
2.95034400e+00	-4.91954000e-01	9.60866497e-02
2.96032300e+00	-5.21521000e-01	9.69267237e-02
2.97030200e+00	-3.02059000e-01	9.45862100e-02
2.98028100e+00	-7.47154000e-01	9.58852529e-02
2.99026000e+00	-3.98907000e-01	9.64748179e-02
3.00023800e+00	-6.22410000e-01	9.40818557e-02
3.01021700e+00	-5.33459000e-01	9.47471214e-02
3.02019600e+00	-5.88986000e-01	9.66487436e-02
3.03017500e+00	-5.15022000e-01	9.50228090e-02
3.04015400e+00	-6.00910000e-01	7.74049321e+00
3.05013300e+00	-3.40105000e-01	7.63093971e+00
3.06011100e+00	-4.76611000e-01	5.80390171e+00
3.07009000e+00	-5.19941000e-01	7.83373490e+00
3.08006900e+00	-5.02843000e-01	7.72116922e+00
3.09004800e+00	-5.01849000e-01	9.45626796e-02
3.10002700e+00	-7.02293000e-01	9.33018484e-02
3.11000600e+00	-7.10197000e-01	9.45807012e-02
3.11998500e+00	-5.71245000e-01	9.45490449e-02
3.12996300e+00	-5.23189000e-01	9.37291211e-02
3.13994200e+00	-4.82570000e-01	9.40907359e-02
3.14992100e+00	-6.63910000e-01	9.29100165e-02
3.15990000e+00	-4.82479000e-01	9.60502971e-02
3.16987900e+00	-7.27918000e-01	7.76799866e+00
3.17985800e+00	-5.46203000e-01	7.67772238e+00
3.18983700e+00	-5.03307000e-01	9.30560949e-02
3.19981500e+00	-6.73278000e-01	9.14739825e-02
3.20979400e+00	-5.08634000e-01	9.28006425e-02
3.21977300e+00	-7.08083000e-01	9.07929494e-02
3.22975200e+00	-5.33668000e-01	9.37590047e-02
3.23973100e+00	-4.83046000e-01	9.12137068e-02
3.24971000e+00	-4.51397000e-01	9.22372392e-02
3.25968900e+00	-5.69557000e-01	9.30713133e-02
3.26966700e+00	-5.49646000e-01	9.15358201e-02
3.27964600e+00	-3.74115000e-01	9.36304158e-02
3.28962500e+00	-6.37788000e-01	9.15539144e-02
3.29960400e+00	-5.59661000e-01	9.23432318e-02
3.30958300e+00	-4.36422000e-01	9.34260933e-02
3.31956200e+00	-5.17802000e-01	9.22937800e-02
3.32954100e+00	-5.59265000e-01	8.98200456e-02
3.33951900e+00	-4.00486000e-01	9.07254517e-02
3.34949800e+00	-5.56294000e-01	9.07258665e-02
3.35947700e+00	-6.17138000e-01	7.68276713e+00
3.36945600e+00	-6.86512000e-01	7.72040275e+00
3.37943500e+00	-5.33176000e-01	7.64623136e+00
3.38941400e+00	-5.06784000e-01	7.67864731e+00
3.39939200e+00	-4.96065000e-01	9.03442461e-02
3.40937100e+00	-6.29372000e-01	9.10491931e-02
3.41935000e+00	-4.50535000e-01	7.68207772e+00
3.42932900e+00	-6.80873000e-01	7.72561455e+00
3.43930800e+00	-4.94333000e-01	7.72881308e+00
3.44928700e+00	-5.13572000e-01	9.04624802e-02
3.45926600e+00	-5.46583000e-01	8.97241338e-02
3.46924400e+00	-3.56828000e-01	8.93699502e-02
3.47922300e+00	-5.07524000e-01	7.83083713e+00
3.48920200e+00	-5.10214000e-01	7.80027649e+00
3.49918100e+00	-4.99279000e-01	7.82069235e+00
3.50916000e+00	-5.47565000e-01	7.69237920e+00
3.51913900e+00	-5.86983000e-01	8.94558518e-02
3.52911800e+00	-6.76051000e-01	8.75436377e-02
3.53909600e+00	-3.82202000e-01	8.89781870e-02
3.54907500e+00	-5.65599000e-01	8.91573132e-02
3.55905400e+00	-4.00290000e-01	8.73367016e-02
3.56903300e+00	-4.13448000e-01	8.90918498e-02
3.57901200e+00	-4.59958000e-01	8.85231435e-02
3.58899100e+00	-5.48618000e-01	8.90764039e-02
3.59897000e+00	-5.18152000e-01	8.78319192e-02
3.60894800e+00	-4.09599000e-01	8.81413824e-02
3.61892700e+00	-5.11092000e-01	8.89847897e-02
3.62890600e+00	-4.09694000e-01	8.65626223e-02
3.63888500e+00	-5.49265000e-01	8.89181745e-02
3.64886400e+00	-3.93325000e-01	8.85287367e-02
3.65884300e+00	-5.68744000e-01	8.80837933e-02
3.66882200e+00	-4.88375000e-01	7.69121915e+00
3.67880000e+00	-5.08110000e-01	7.71301366e+00
3.68877900e+00	-4.72374000e-01	8.70494599e-02
3.69875800e+00	-5.67460000e-01	8.64795853e-02
3.70873700e+00	-5.60321000e-01	8.70716280e-02
3.71871600e+00	-4.66927000e-01	8.71255796e-02
3.72869500e+00	-5.52212000e-01	8.66041562e-02
3.73867400e+00	-5.87977000e-01	8.74742961e-02
3.74865200e+00	-5.75407000e-01	8.70303868e-02
3.75863100e+00	-6.19053000e-01	7.71918546e+00
3.76861000e+00	-5.76954000e-01	7.79105859e+00
3.77858900e+00	-6.13663000e-01	7.71705398e+00
3.78856800e+00	-5.29732000e-01	8.74157680e-02
3.79854700e+00	-5.29409000e-01	8.49625975e-02
3.80852500e+00	-6.41976000e-01	7.77614068e+00
3.81850400e+00	-5.77098000e-01	7.78109945e+00
3.82848300e+00	-5.83086000e-01	8.60599298e-02
3.83846200e+00	-5.37975000e-01	7.71725655e+00
3.84844100e+00	-6.68812000e-01	7.69639028e+00
3.85842000e+00	-4.70723000e-01	8.60926045e-02
3.86839900e+00	-4.47984000e-01	8.54239163e-02
3.87837700e+00	-7.14022000e-01	8.74539567e-02
3.88835600e+00	-5.81724000e-01	8.56573086e-02
3.89833500e+00	-7.56494000e-01	8.41202756e-02
3.90831400e+00	-7.11795000e-01	8.54017300e-02
3.91829300e+00	-5.96364000e-01	8.51488953e-02
3.92827200e+00	-5.64927000e-01	8.54321815e-02
3.93825100e+00	-5.72422000e-01	8.38634951e-02
3.94822900e+00	-5.90469000e-01	8.36378591e-02
3.95820800e+00	-6.71129000e-01	8.50823894e-02
3.96818700e+00	-6.48119000e-01	8.37187303e-02
3.97816600e+00	-5.82082000e-01	8.43977984e-02
3.98814500e+00	-7.43418000e-01	7.69975827e+00
3.99812400e+00	-6.07725000e-01	7.81074606e+00
4.00810300e+00	-4.19068000e-01	8.43192186e-02
4.01808100e+00	-7.22144000e-01	8.31070241e-02
4.02806000e+00	-5.22308000e-01	8.29852453e-02
4.03803900e+00	-5.10057000e-01	8.32563242e-02
4.04801800e+00	-6.05313000e-01	8.34510495e-02
4.05799700e+00	-5.13419000e-01	7.78195833e+00
4.06797600e+00	-5.32484000e-01	7.77318647e+00
4.07795500e+00	-6.15709000e-01	7.77051595e+00
4.08793300e+00	-6.86852000e-01	7.76059191e+00
4.09791200e+00	-5.44822000e-01	8.46842004e-02
4.10789100e+00	-6.43810000e-01	8.28333336e-02
4.11787000e+00	-6.25151000e-01	8.33605204e-02
4.12784900e+00	-5.17051000e-01	8.29111120e-02
4.13782800e+00	-7.62916000e-01	8.17613151e-02
4.14780700e+00	-6.75431000e-01	8.37583416e-02
4.15778500e+00	-5.72130000e-01	8.13713020e-02
4.16776400e+00	-5.89349000e-01	8.28140532e-02
4.17774300e+00	-5.06805000e-01	7.77733967e+00
4.18772200e+00	-5.02151000e-01	7.74328103e+00
4.19770100e+00	-5.68071000e-01	7.73945271e+00
4.20768000e+00	-6.28491000e-01	8.12500895e-02
4.21765800e+00	-6.23662000e-01	8.22008996e-02
4.22763700e+00	-6.75707000e-01	8.05979672e-02
4.23761600e+00	-4.14884000e-01	8.20700393e-02
4.24759500e+00	-7.34919000e-01	5.95164451e+00
4.25757400e+00	-6.10929000e-01	5.81994773e+00
4.26755300e+00	-4.93410000e-01	7.83758944e+00
4.27753200e+00	-6.50197000e-01	7.78970532e+00
4.28751000e+00	-8.17879000e-01	7.79982475e+00
4.29748900e+00	-7.30628000e-01	7.78812418e+00
4.30746800e+00	-6.08138000e-01	7.83652611e+00
4.31744700e+00	-8.04141000e-01	5.99300096e+00
4.32742600e+00	-7.20968000e-01	5.95909349e+00
4.33740500e+00	-6.73525000e-01	8.08859089e-02
4.34738400e+00	-5.55383000e-01	7.95435494e-02
4.35736200e+00	-7.01019000e-01	8.11038080e-02
4.36734100e+00	-7.16352000e-01	8.04755702e-02
4.37732000e+00	-6.96727000e-01	7.96071096e-02
4.38729900e+00	-7.66410000e-01	8.02431797e-02
4.39727800e+00	-7.72406000e-01	7.97889300e-02
4.40725700e+00	-6.53006000e-01	7.99480850e-02
4.41723600e+00	-6.85968000e-01	7.81594744e-02
4.42721400e+00	-6.85808000e-01	8.11973359e-02
4.43719300e+00	-5.88287000e-01	8.03430168e-02
4.44717200e+00	-7.23501000e-01	7.96109371e-02
4.45715100e+00	-6.62771000e-01	7.75195015e+00
4.46713000e+00	-6.62485000e-01	7.74814020e+00
4.47710900e+00	-7.52349000e-01	8.05276829e-02
4.48708800e+00	-7.36514000e-01	7.90420863e-02
4.49706600e+00	-7.27628000e-01	7.97742032e-02
4.50704500e+00	-5.14006000e-01	8.10732824e-02
4.51702400e+00	-6.08892000e-01	7.86635422e-02
4.52700300e+00	-5.62050000e-01	8.05669339e-02
4.53698200e+00	-6.67079000e-01	7.84259202e+00
4.54696100e+00	-7.96827000e-01	7.70217934e+00
4.55694000e+00	-7.75074000e-01	7.79040672e+00
4.56691800e+00	-7.30000000e-01	7.89637375e-02
4.57689700e+00	-5.94358000e-01	7.81526929e-02
4.58687600e+00	-7.34951000e-01	7.89642548e-02
4.59685500e+00	-6.34665000e-01	7.90223050e-02
4.60683400e+00	-7.72159000e-01	7.90168239e-02
4.61681300e+00	-6.51321000e-01	7.91232378e-02
4.62679100e+00	-7.27236000e-01	7.82728183e-02
4.63677000e+00	-7.16461000e-01	7.77679169e-02
4.64674900e+00	-7.77300000e-01	7.77186663e-02
4.65672800e+00	-8.00881000e-01	7.87614544e-02
4.66670700e+00	-7.42314000e-01	7.81889014e-02
4.67668600e+00	-6.84172000e-01	7.81322916e-02
4.68666500e+00	-8.05144000e-01	7.76778309e-02
4.69664300e+00	-7.78200000e-01	7.87056409e-02
4.70662200e+00	-7.12479000e-01	7.83141175e+00
4.71660100e+00	-8.13388000e-01	7.81257443e+00
4.72658000e+00	-6.18991000e-01	8.01196854e-02
4.73655900e+00	-6.99856000e-01	7.93566349e-02
4.74653800e+00	-7.36976000e-01	8.12863330e-02
4.75651700e+00	-7.60910000e-01	8.07985995e-02
4.76649500e+00	-5.67892000e-01	8.30626435e-02
4.77647400e+00	-5.76267000e-01	8.15815848e-02
4.78645300e+00	-6.90093000e-01	8.21916355e-02
4.79643200e+00	-5.53348000e-01	8.10534917e-02
4.80641100e+00	-7.70968000e-01	8.26683535e-02
4.81639000e+00	-7.27522000e-01	7.86951331e+00
4.82636900e+00	-7.30185000e-01	7.75244859e+00
4.83634700e+00	-6.98219000e-01	7.85953000e+00
4.84632600e+00	-7.43431000e-01	7.88127498e+00
4.85630500e+00	-7.49907000e-01	8.47262710e-02
4.86628400e+00	-5.90759000e-01	8.27842414e-02
4.87626300e+00	-6.36229000e-01	8.33775357e-02
4.88624200e+00	-6.96378000e-01	8.60601803e-02
4.89622100e+00	-6.45328000e-01	8.58639084e-02
4.90619900e+00	-7.43610000e-01	8.83169706e-02
4.91617800e+00	-8.55318000e-01	8.70946450e-02
4.92615700e+00	-6.77740000e-01	8.85800002e-02
4.93613600e+00	-6.81493000e-01	8.95159677e-02
4.94611500e+00	-7.23591000e-01	8.76226995e-02
4.95609400e+00	-8.38629000e-01	8.89187739e-02
4.96607300e+00	-7.92981000e-01	8.97627575e-02
4.97605100e+00	-8.28997000e-01	8.92698911e-02
4.98603000e+00	-7.73752000e-01	9.07825608e-02
4.99600900e+00	-7.38465000e-01	8.98880894e-02
5.00598800e+00	-6.78864000e-01	9.11163458e-02
5.01596700e+00	-8.19211000e-01	9.19663443e-02
5.02594600e+00	-8.68123000e-01	9.27964947e-02
5.03592400e+00	-7.03505000e-01	9.03836186e-02
5.04590300e+00	-6.61552000e-01	9.37805745e-02
5.05588200e+00	-6.57993000e-01	9.22917323e-02
5.06586100e+00	-7.68433000e-01	9.40537007e-02
5.07584000e+00	-8.17968000e-01	9.46987572e-02
5.08581900e+00	-8.23555000e-01	7.97525573e+00
5.09579800e+00	-8.75748000e-01	7.97421813e+00
5.10577600e+00	-8.86953000e-01	8.02506358e+00
5.11575500e+00	-8.39861000e-01	7.96976351e+00
5.12573400e+00	-6.83949000e-01	7.92637644e+00
5.13571300e+00	-9.58253000e-01	7.94437282e+00
5.14569200e+00	-7.71124000e-01	7.97638158e+00
5.15567100e+00	-6.90392000e-01	8.02482686e+00
5.16565000e+00	-8.07107000e-01	7.95901477e+00
5.17562800e+00	-7.51437000e-01	7.87110808e+00
5.18560700e+00	-6.29781000e-01	7.94577458e+00
5.19558600e+00	-5.98058000e-01	7.80463959e+00
5.20556500e+00	-7.46273000e-01	7.90753371e+00
5.21554400e+00	-6.61014000e-01	7.91273052e+00
5.22552300e+00	-7.99777000e-01	8.00404166e+00
5.23550200e+00	-6.47795000e-01	8.04075929e+00
5.24548000e+00	-9.16218000e-01	7.91520096e+00
5.25545900e+00	-7.96106000e-01	8.00584905e+00
5.26543800e+00	-7.48286000e-01	7.98290702e+00
5.27541700e+00	-8.40135000e-01	8.00668323e+00
5.28539600e+00	-8.03277000e-01	7.99408386e+00
5.29537500e+00	-8.24560000e-01	7.99676656e+00
5.30535400e+00	-6.09248000e-01	7.91702193e+00
5.31533200e+00	-8.48759000e-01	8.05556820e+00
5.32531100e+00	-8.23607000e-01	7.97822073e+00
5.33529000e+00	-7.92779000e-01	7.91462436e+00
5.34526900e+00	-7.94743000e-01	7.97655405e+00
5.35524800e+00	-8.47482000e-01	8.03756462e+00
5.36522700e+00	-6.43568000e-01	7.97173165e+00
5.37520500e+00	-8.71858000e-01	8.01294962e+00
5.38518400e+00	-7.12433000e-01	8.04061789e+00
5.39516300e+00	-8.45737000e-01	8.04903801e+00
5.40514200e+00	-7.34177000e-01	8.07793675e+00
5.41512100e+00	-6.47062000e-01	8.05744495e+00
5.42510000e+00	-7.88414000e-01	8.04923078e+00
5.43507900e+00	-8.36387000e-01	8.06210870e+00
5.44505700e+00	-8.28849000e-01	8.06406429e+00
5.45503600e+00	-7.91536000e-01	8.11165065e+00
5.46501500e+00	-8.78985000e-01	8.08961029e+00
5.47499400e+00	-1.00179400e+00	7.98746134e+00
5.48497300e+00	-8.41714000e-01	8.04502348e+00
5.49495200e+00	-7.80386000e-01	8.06007051e+00
5.50493100e+00	-7.37380000e-01	8.12541509e+00
5.51490900e+00	-8.10469000e-01	8.04839886e+00
5.52488800e+00	-7.45998000e-01	8.10750825e+00
5.53486700e+00	-7.86817000e-01	8.11580203e+00
5.54484600e+00	-6.64095000e-01	8.05294246e+00
5.55482500e+00	-7.34598000e-01	8.07062384e+00
5.56480400e+00	-8.77281000e-01	8.10833157e+00
5.57478300e+00	-7.11693000e-01	8.08615975e+00
5.58476100e+00	-8.69715000e-01	8.03621377e+00
5.59474000e+00	-8.00349000e-01	8.17558233e+00
5.60471900e+00	-7.59372000e-01	8.15935849e+00
5.61469800e+00	-9.57137000e-01	8.22816407e+00
5.62467700e+00	-7.06216000e-01	8.12484041e+00
5.63465600e+00	-9.59897000e-01	8.09153536e+00
5.64463500e+00	-6.09447000e-01	8.08279577e+00
5.65461300e+00	-7.53678000e-01	8.09473325e+00
5.66459200e+00	-6.46561000e-01	8.14984133e+00
5.67457100e+00	-9.58327000e-01	8.09600474e+00
5.68455000e+00	-7.76769000e-01	8.10434123e+00
5.69452900e+00	-6.83957000e-01	8.09009722e+00
5.70450800e+00	-7.62629000e-01	8.23851724e+00
5.71448700e+00	-7.44319000e-01	8.09886575e+00
5.72446500e+00	-6.35985000e-01	8.10536242e+00
5.73444400e+00	-7.43961000e-01	8.23416622e+00
5.74442300e+00	-7.77855000e-01	8.16635275e+00
5.75440200e+00	-9.55659000e-01	8.19992918e+00
5.76438100e+00	-9.24166000e-01	8.14119326e+00
5.77436000e+00	-9.20395000e-01	8.22500803e+00
5.78433800e+00	-7.78678000e-01	8.20247733e+00
5.79431700e+00	-9.55383000e-01	8.21577068e+00
5.80429600e+00	-9.30405000e-01	8.15675413e+00
5.81427500e+00	-7.18395000e-01	8.17908787e+00
5.82425400e+00	-1.02165500e+00	8.22358956e+00
5.83423300e+00	-8.40709000e-01	8.19930819e+00
5.84421200e+00	-7.89789000e-01	8.21462610e+00
5.85419000e+00	-8.30718000e-01	8.26932637e+00
5.86416900e+00	-7.75719000e-01	8.21027223e+00
5.87414800e+00	-7.23093000e-01	8.28343266e+00
5.88412700e+00	-7.69700000e-01	8.23818302e+00
5.89410600e+00	-6.99221000e-01	8.28135813e+00
5.90408500e+00	-7.51226000e-01	8.25765024e+00
5.91406400e+00	-8.83585000e-01	8.32523956e+00
5.92404200e+00	-7.54018000e-01	8.29150455e+00
5.93402100e+00	-7.55338000e-01	8.27592122e+00
5.94400000e+00	-7.87555000e-01	8.23697222e+00
5.95397900e+00	-7.57177000e-01	8.33967158e+00
5.96395800e+00	-7.89418000e-01	8.34034343e+00
5.97393700e+00	-8.12179000e-01	8.36959422e+00
5.98391600e+00	-7.21985000e-01	8.31330898e+00
5.99389400e+00	-7.16066000e-01	8.28754128e+00
6.00387300e+00	-8.71950000e-01	8.32809117e+00
6.01385200e+00	-8.31695000e-01	8.31711743e+00
6.02383100e+00	-7.23943000e-01	8.32120511e+00
6.03381000e+00	-8.50072000e-01	8.34720510e+00
6.04378900e+00	-9.45878000e-01	8.36633737e+00
6.05376800e+00	-7.42526000e-01	8.34944649e+00
6.06374600e+00	-7.76329000e-01	8.23666843e+00
6.07372500e+00	-8.60935000e-01	8.30393583e+00
6.08370400e+00	-7.09748000e-01	8.35820183e+00
6.09368300e+00	-7.28807000e-01	8.38312942e+00
6.10366200e+00	-7.88806000e-01	8.39815300e+00
6.11364100e+00	-9.93850000e-01	8.31457798e+00
6.12362000e+00	-8.64973000e-01	8.28726426e+00
6.13359800e+00	-9.08625000e-01	8.36122452e+00
6.14357700e+00	-8.41310000e-01	8.35582153e+00
6.15355600e+00	-7.99115000e-01	8.28626813e+00
6.16353500e+00	-7.20657000e-01	8.33817823e+00
6.17351400e+00	-7.72636000e-01	8.29082742e+00
6.18349300e+00	-7.88872000e-01	8.36996744e+00
6.19347100e+00	-9.94569000e-01	8.41162652e+00
6.20345000e+00	-9.20784000e-01	8.35851637e+00
6.21342900e+00	-9.53799000e-01	8.33471132e+00
6.22340800e+00	-1.06592600e+00	8.48350199e+00
6.23338700e+00	-8.38392000e-01	8.49179204e+00
6.24336600e+00	-8.79520000e-01	8.39390228e+00
6.25334500e+00	-9.00126000e-01	8.32137055e+00
6.26332300e+00	-1.01913000e+00	8.44755912e+00
6.27330200e+00	-8.10569000e-01	8.38094897e+00
6.28328100e+00	-9.04504000e-01	8.38545788e+00
6.29326000e+00	-8.79348000e-01	8.45234547e+00
6.30323900e+00	-7.39374000e-01	8.48488874e+00
6.31321800e+00	-9.71724000e-01	8.51901389e+00
6.32319700e+00	-8.41433000e-01	8.51752835e+00
6.33317500e+00	-9.31058000e-01	8.44492985e+00
6.34315400e+00	-8.53135000e-01	8.32740459e+00
6.35313300e+00	-1.05001200e+00	8.46479246e+00
6.36311200e+00	-8.22442000e-01	8.40881645e+00
6.37309100e+00	-7.90576000e-01	8.42265153e+00
6.38307000e+00	-8.40496000e-01	8.54411974e+00
6.39304900e+00	-9.83060000e-01	8.46515906e+00
6.40302700e+00	-8.11529000e-01	8.32342420e+00
6.41300600e+00	-8.83000000e-01	8.46609626e+00
6.42298500e+00	-8.64459000e-01	8.50595331e+00
6.43296400e+00	-9.63498000e-01	8.53914254e+00
6.44294300e+00	-8.49271000e-01	8.52799442e+00
6.45292200e+00	-9.49644000e-01	8.49020445e+00
6.46290100e+00	-9.84680000e-01	8.52146138e+00
6.47287900e+00	-8.23774000e-01	8.53493123e+00
6.48285800e+00	-9.15868000e-01	8.52077685e+00
6.49283700e+00	-9.71077000e-01	8.44561501e+00
6.50281600e+00	-7.98211000e-01	8.62367398e+00
6.51279500e+00	-9.29488000e-01	8.51730893e+00
6.52277400e+00	-1.05519400e+00	8.56883667e+00
6.53275300e+00	-1.02002700e+00	8.48656124e+00
6.54273100e+00	-8.60805000e-01	8.56479767e+00
6.55271000e+00	-9.32121000e-01	8.45237277e+00
6.56268900e+00	-1.01352000e+00	8.57708255e+00
6.57266800e+00	-9.90342000e-01	8.55531520e+00
6.58264700e+00	-8.90081000e-01	8.52128355e+00
6.59262600e+00	-9.45265000e-01	8.63002159e+00
6.60260400e+00	-8.30819000e-01	8.51288408e+00
6.61258300e+00	-8.53125000e-01	8.58680519e+00
6.62256200e+00	-9.70869000e-01	8.58788656e+00
6.63254100e+00	-9.00103000e-01	8.57752399e+00
6.64252000e+00	-9.30070000e-01	8.49781518e+00
6.65249900e+00	-9.51760000e-01	8.53535769e+00
6.66247800e+00	-9.81638000e-01	8.63944763e+00
6.67245600e+00	-9.46704000e-01	8.60532476e+00
6.68243500e+00	-1.01032200e+00	8.65777324e+00
6.69241400e+00	-7.64485000e-01	8.62034526e+00
6.70239300e+00	-8.97003000e-01	8.63959912e+00
6.71237200e+00	-8.37759000e-01	8.55994702e+00
6.72235100e+00	-9.83311000e-01	8.68649109e+00
6.73233000e+00	-8.76746000e-01	8.61285574e+00
6.74230800e+00	-9.90611000e-01	8.57882184e+00
6.75228700e+00	-9.66749000e-01	8.57241879e+00
6.76226600e+00	-8.05873000e-01	8.54888156e+00
6.77224500e+00	-9.94802000e-01	8.55521990e+00
6.78222400e+00	-1.03012400e+00	8.60527962e+00
6.79220300e+00	-9.13281000e-01	8.59831433e+00
6.80218200e+00	-1.06266400e+00	8.60019260e+00
6.81216000e+00	-1.12810000e+00	8.71185657e+00
6.82213900e+00	-9.11115000e-01	8.67772408e+00
6.83211800e+00	-9.79380000e-01	8.74152278e+00
6.84209700e+00	-8.47729000e-01	8.66081104e+00
6.85207600e+00	-9.38315000e-01	8.59970057e+00
6.86205500e+00	-9.06816000e-01	8.80433565e+00
6.87203400e+00	-1.13610000e+00	8.64478086e+00
6.88201200e+00	-1.04279500e+00	8.64462549e+00
6.89199100e+00	-8.84940000e-01	8.73439775e+00
6.90197000e+00	-8.33861000e-01	8.60506164e+00
6.91194900e+00	-1.01510900e+00	8.70904263e+00
6.92192800e+00	-9.51356000e-01	8.65641241e+00
6.93190700e+00	-8.85781000e-01	8.74357202e+00
6.94188600e+00	-8.99913000e-01	8.68407687e+00
6.95186400e+00	-1.04072800e+00	8.70287372e+00
6.96184300e+00	-1.01946900e+00	8.67435976e+00
6.97182200e+00	-1.11114400e+00	8.76802117e+00
6.98180100e+00	-8.83518000e-01	8.70808075e+00
6.99178000e+00	-1.16385400e+00	8.72114459e+00
7.00175900e+00	-1.05150300e+00	8.74288852e+00
7.01173700e+00	-8.61657000e-01	8.74374589e+00
7.02171600e+00	-1.02067300e+00	8.82056444e+00
7.03169500e+00	-1.20876400e+00	8.79488023e+00
7.04167400e+00	-1.02799400e+00	8.79396632e+00
7.05165300e+00	-9.87324000e-01	8.82900255e+00
7.06163200e+00	-8.40957000e-01	8.84473612e+00
7.07161100e+00	-1.12849800e+00	8.82059714e+00
7.08158900e+00	-1.05796500e+00	8.77677846e+00
7.09156800e+00	-9.52392000e-01	8.78732888e+00
7.10154700e+00	-8.83066000e-01	8.69596630e+00
7.11152600e+00	-9.67823000e-01	8.75331651e+00
7.12150500e+00	-1.05053300e+00	8.75345663e+00
7.13148400e+00	-1.07585800e+00	8.79740320e+00
7.14146300e+00	-1.04383100e+00	8.79512031e+00
7.15144100e+00	-1.13958100e+00	8.87616983e+00
7.16142000e+00	-1.11923900e+00	8.82144782e+00
7.17139900e+00	-1.11434900e+00	8.81203836e+00
7.18137800e+00	-9.36352000e-01	8.76747539e+00
7.19135700e+00	-1.06349600e+00	8.84961217e+00
7.20133600e+00	-1.05922000e+00	8.87762515e+00
7.21131500e+00	-1.11052500e+00	8.86402921e+00
7.22129300e+00	-9.07199000e-01	8.75533043e+00
7.23127200e+00	-1.12637100e+00	8.95117773e+00
7.24125100e+00	-1.03670400e+00	8.81571972e+00
7.25123000e+00	-1.13304200e+00	8.77845732e+00
7.26120900e+00	-1.11454100e+00	8.81367534e+00
7.27118800e+00	-1.22659600e+00	8.72365436e+00
7.28116700e+00	-1.13837600e+00	8.84761429e+00
7.29114500e+00	-1.06362400e+00	8.83223636e+00
7.30112400e+00	-1.08332400e+00	8.98673178e+00
7.31110300e+00	-1.10557900e+00	8.91208166e+00
7.32108200e+00	-9.93298000e-01	8.86700197e+00
7.33106100e+00	-9.95241000e-01	8.97631581e+00
7.34104000e+00	-1.16390000e+00	8.92737049e+00
7.35101900e+00	-9.63483000e-01	8.90514776e+00
7.36099700e+00	-9.87171000e-01	8.86072344e+00
7.37097600e+00	-1.16344700e+00	8.93123960e+00
7.38095500e+00	-1.12760800e+00	8.94793028e+00
7.39093400e+00	-1.10866900e+00	1.03847547e-01
7.40091300e+00	-8.72973000e-01	1.03930888e-01
7.41089200e+00	-1.08292800e+00	1.03171748e-01
7.42087000e+00	-8.71756000e-01	1.04831801e-01
7.43084900e+00	-9.94222000e-01	1.01763448e-01
7.44082800e+00	-1.04810000e+00	1.04243435e-01
7.45080700e+00	-9.48772000e-01	1.04256182e-01
7.46078600e+00	-1.10491000e+00	8.96030177e+00
7.47076500e+00	-1.25336600e+00	8.94213692e+00
7.48074400e+00	-1.10571700e+00	1.04651110e-01
7.49072200e+00	-9.27512000e-01	1.03833704e-01
7.50070100e+00	-9.31210000e-01	1.04649632e-01
7.51068000e+00	-1.13696500e+00	1.04869243e-01
7.52065900e+00	-1.19003600e+00	8.96740776e+00
7.53063800e+00	-1.03671300e+00	8.91649052e+00
7.54061700e+00	-1.00877000e+00	8.99437499e+00
7.55059600e+00	-1.07542000e+00	9.11035415e+00
7.56057400e+00	-9.04066000e-01	9.02013692e+00
7.57055300e+00	-1.09681600e+00	8.96073891e+00
7.58053200e+00	-1.15532300e+00	9.04281251e+00
7.59051100e+00	-1.21333200e+00	8.96403121e+00
7.60049000e+00	-1.14443400e+00	9.03400387e+00
7.61046900e+00	-1.08054900e+00	9.02951409e+00
7.62044800e+00	-1.21924900e+00	9.01345999e+00
7.63042600e+00	-1.08705500e+00	9.02308599e+00
7.64040500e+00	-1.07500700e+00	9.13334567e+00
7.65038400e+00	-1.32687700e+00	1.03071158e-01
7.66036300e+00	-1.01689900e+00	9.05131078e+00
7.67034200e+00	-1.13091800e+00	9.12233047e+00
7.68032100e+00	-1.28122000e+00	1.02164318e-01
7.69030000e+00	-1.20784200e+00	1.03770269e-01
7.70027800e+00	-1.04463800e+00	1.03447040e-01
7.71025700e+00	-1.03876500e+00	1.04234713e-01
7.72023600e+00	-9.89062000e-01	9.15198761e+00
7.73021500e+00	-1.09257000e+00	9.01595215e+00
7.74019400e+00	-1.14515600e+00	1.03531354e-01
7.75017300e+00	-1.09967400e+00	1.03490512e-01
7.76015100e+00	-1.16872400e+00	1.05706311e-01
7.77013000e+00	-1.18445100e+00	1.07840858e-01
7.78010900e+00	-1.09162600e+00	1.05944442e-01
7.79008800e+00	-1.13427400e+00	1.05601411e-01
7.80006700e+00	-1.19031300e+00	1.04856880e-01
7.81004600e+00	-1.13495900e+00	1.05813537e-01
7.82002500e+00	-1.27977700e+00	1.06352592e-01
7.83000300e+00	-1.05106800e+00	1.06248515e-01
7.83998200e+00	-1.09741900e+00	9.16036278e+00
7.84996100e+00	-1.06778000e+00	9.16849991e+00
7.85994000e+00	-1.18726000e+00	1.06212839e-01
7.86991900e+00	-1.09110400e+00	1.06189109e-01
7.87989800e+00	-1.13056200e+00	1.06531444e-01
7.88987700e+00	-1.17735400e+00	1.03738211e-01
7.89985500e+00	-8.66362000e-01	9.22445740e+00
7.90983400e+00	-1.06201200e+00	9.12318418e+00
7.91981300e+00	-1.28918700e+00	1.04317570e-01
7.92979200e+00	-1.20795600e+00	1.07610970e-01
7.93977100e+00	-1.32374900e+00	1.06337073e-01
7.94975000e+00	-1.24323000e+00	1.05820448e-01
7.95972900e+00	-1.30593100e+00	9.14132681e+00
7.96970700e+00	-1.07381900e+00	9.28335558e+00
7.97968600e+00	-1.28474300e+00	9.20324584e+00
7.98966500e+00	-1.10074300e+00	1.06293133e-01
7.99964400e+00	-1.31488000e+00	1.06770589e-01
8.00962300e+00	-1.20943500e+00	1.07625914e-01
8.01960200e+00	-1.34053000e+00	1.07603099e-01
8.02958100e+00	-1.09109600e+00	1.09865271e-01
8.03955900e+00	-1.28144500e+00	1.05308944e-01
8.04953800e+00	-1.05512800e+00	1.06668737e-01
8.05951700e+00	-1.19307800e+00	1.05834548e-01
8.06949600e+00	-1.27809600e+00	1.05593898e-01
8.07947500e+00	-1.23387200e+00	1.05677443e-01
8.08945400e+00	-1.32871100e+00	1.07855952e-01
8.09943300e+00	-1.44689700e+00	1.08356638e-01
8.10941100e+00	-1.26390600e+00	1.08165764e-01
8.11939000e+00	-1.28972000e+00	1.07384603e-01
8.12936900e+00	-1.21809900e+00	9.20992457e+00
8.13934800e+00	-1.46183100e+00	9.24936966e+00
8.14932700e+00	-1.24786300e+00	1.05273293e-01
8.15930600e+00	-1.38287300e+00	1.07765036e-01
8.16928400e+00	-9.78604000e-01	1.07805088e-01
8.17926300e+00	-1.12622100e+00	1.09116239e-01
8.18924200e+00	-1.25737300e+00	1.06220915e-01
8.19922100e+00	-1.10843800e+00	1.09121676e-01
8.20920000e+00	-1.12367600e+00	1.07858654e-01
8.21917900e+00	-1.31732000e+00	1.08815083e-01
8.22915800e+00	-1.34829300e+00	1.08893862e-01
8.23913600e+00	-1.11044600e+00	1.08376494e-01
8.24911500e+00	-1.02639000e+00	1.09466802e-01
8.25909400e+00	-1.24459400e+00	1.08875686e-01
8.26907300e+00	-1.19275600e+00	1.07793533e-01
8.27905200e+00	-1.33919500e+00	1.07642560e-01
8.28903100e+00	-1.22188600e+00	9.31153225e+00
8.29901000e+00	-1.19279300e+00	9.28911173e+00
8.30898800e+00	-1.39743500e+00	1.09370807e-01
8.31896700e+00	-1.28927700e+00	1.09883081e-01
8.32894600e+00	-1.39882800e+00	1.08168069e-01
8.33892500e+00	-1.00730200e+00	1.09111302e-01
8.34890400e+00	-1.17184800e+00	1.07270205e-01
8.35888300e+00	-1.27058100e+00	1.07660037e-01
8.36886200e+00	-1.22978700e+00	1.08431075e-01
8.37884000e+00	-1.31078700e+00	9.30891174e+00
8.38881900e+00	-1.27509400e+00	9.35007248e+00
8.39879800e+00	-1.27759100e+00	9.45419012e+00
8.40877700e+00	-1.30801200e+00	9.42798896e+00
8.41875600e+00	-1.20523100e+00	9.37859496e+00
8.42873500e+00	-1.16743500e+00	9.43808448e+00
8.43871400e+00	-1.14272200e+00	9.41003472e+00
8.44869200e+00	-1.23345000e+00	1.08397251e-01
8.45867100e+00	-1.29792600e+00	1.11304632e-01
8.46865000e+00	-1.33062400e+00	1.09476833e-01
8.47862900e+00	-1.36009000e+00	9.50764958e+00
8.48860800e+00	-1.45609400e+00	9.38833622e+00
8.49858700e+00	-1.18225400e+00	9.33340991e+00
8.50856600e+00	-9.60934000e-01	9.48384351e+00
8.51854400e+00	-1.34896700e+00	9.37184480e+00
8.52852300e+00	-1.20669000e+00	9.33864735e+00
8.53850200e+00	-1.29396800e+00	9.50715913e+00
8.54848100e+00	-1.44225300e+00	9.53578322e+00
8.55846000e+00	-1.17800500e+00	9.40429953e+00
8.56843900e+00	-1.37772500e+00	9.48904212e+00
8.57841700e+00	-1.27801900e+00	1.09305378e-01
8.58839600e+00	-1.27682100e+00	1.11973113e-01
8.59837500e+00	-1.24870700e+00	9.42644068e+00
8.60835400e+00	-1.44296700e+00	9.44981678e+00
8.61833300e+00	-1.26893700e+00	1.08757803e-01
8.62831200e+00	-1.47791500e+00	1.10740991e-01
8.63829100e+00	-1.24744000e+00	1.11314482e-01
8.64826900e+00	-1.15936900e+00	1.09206081e-01
8.65824800e+00	-1.07635800e+00	1.09406303e-01
8.66822700e+00	-1.20262300e+00	1.12755510e-01
8.67820600e+00	-1.33886100e+00	1.09036870e-01
8.68818500e+00	-1.27279800e+00	1.10088341e-01
8.69816400e+00	-1.25732100e+00	1.11633995e-01
8.70814300e+00	-1.37011300e+00	1.10388393e-01
8.71812100e+00	-1.52852500e+00	1.11370617e-01
8.72810000e+00	-1.45433300e+00	1.11175793e-01
8.73807900e+00	-1.22550900e+00	9.57405006e+00
8.74805800e+00	-1.39651600e+00	9.55149225e+00
8.75803700e+00	-1.19165400e+00	1.11536644e-01
8.76801600e+00	-1.45702000e+00	1.11906812e-01
8.77799500e+00	-1.35920200e+00	1.11255702e-01
8.78797300e+00	-1.34394000e+00	1.12124439e-01
8.79795200e+00	-1.20363200e+00	1.10973689e-01
8.80793100e+00	-1.24624000e+00	9.56565108e+00
8.81791000e+00	-1.38717000e+00	9.65145929e+00
8.82788900e+00	-1.34552800e+00	9.53277318e+00
8.83786800e+00	-1.37315500e+00	9.61012956e+00
8.84784700e+00	-1.34974500e+00	1.14054285e-01
8.85782500e+00	-1.33361200e+00	9.55090618e+00
8.86780400e+00	-1.59889200e+00	9.56584521e+00
8.87778300e+00	-1.57653900e+00	9.58700431e+00
8.88776200e+00	-1.27043200e+00	9.58013665e+00
8.89774100e+00	-1.11843000e+00	1.10010022e-01
8.90772000e+00	-1.38809600e+00	1.11158337e-01
8.91769900e+00	-1.25771500e+00	1.11496356e-01
8.92767700e+00	-1.41008700e+00	1.13916040e-01
8.93765600e+00	-1.30470400e+00	1.12018818e-01
8.94763500e+00	-1.38825100e+00	9.63744029e+00
8.95761400e+00	-1.49132800e+00	9.52572646e+00
8.96759300e+00	-1.22374700e+00	1.11602905e-01
8.97757200e+00	-1.36051900e+00	1.13229122e-01
8.98755000e+00	-1.29253200e+00	1.12756803e-01
8.99752900e+00	-1.46964500e+00	1.13092473e-01
9.00750800e+00	-1.37681200e+00	1.13642620e-01
9.01748700e+00	-1.16732700e+00	1.13520277e-01
9.02746600e+00	-1.38511200e+00	1.11175609e-01
9.03744500e+00	-1.35811700e+00	1.12467575e-01
9.04742400e+00	-1.53341400e+00	1.13281881e-01
9.05740200e+00	-1.34915900e+00	9.63905260e+00
9.06738100e+00	-1.26888100e+00	9.63698132e+00
9.07736000e+00	-1.26446200e+00	1.14055369e-01
9.08733900e+00	-1.49893900e+00	1.13630642e-01
9.09731800e+00	-1.39585300e+00	1.14120470e-01
9.10729700e+00	-1.33856100e+00	1.16126761e-01
9.11727600e+00	-1.36217400e+00	1.12807976e-01
9.12725400e+00	-1.28885800e+00	1.12691658e-01
9.13723300e+00	-1.33974400e+00	1.14488766e-01
9.14721200e+00	-1.38711200e+00	1.13651820e-01
9.15719100e+00	-1.56472800e+00	1.14114795e-01
9.16717000e+00	-1.48253500e+00	1.15715762e-01
9.17714900e+00	-1.34262300e+00	1.14097453e-01
9.18712800e+00	-1.35839100e+00	1.13288962e-01
9.19710600e+00	-1.09322800e+00	9.66137684e+00
9.20708500e+00	-1.50223300e+00	9.76679601e+00
9.21706400e+00	-1.54286100e+00	9.72445708e+00
9.22704300e+00	-1.31553600e+00	1.14112082e-01
9.23702200e+00	-1.47451900e+00	1.14181874e-01
9.24700100e+00	-1.54987300e+00	1.13752464e-01
9.25698000e+00	-1.60664300e+00	1.13922851e-01
9.26695800e+00	-1.17215700e+00	1.15033933e-01
9.27693700e+00	-1.48761500e+00	1.12574124e-01
9.28691600e+00	-1.54163300e+00	9.75709861e+00
9.29689500e+00	-1.36294200e+00	9.71832357e+00
9.30687400e+00	-1.32245400e+00	9.80719458e+00
9.31685300e+00	-1.45047200e+00	9.82958959e+00
9.32683200e+00	-1.43622500e+00	1.17192617e-01
9.33681000e+00	-1.41640100e+00	1.15071517e-01
9.34678900e+00	-1.48703200e+00	1.12883416e-01
9.35676800e+00	-1.32989800e+00	1.15024095e-01
9.36674700e+00	-1.69569700e+00	1.16213458e-01
9.37672600e+00	-1.24083600e+00	1.15825825e-01
9.38670500e+00	-1.37502400e+00	9.84219567e+00
9.39668300e+00	-1.48172000e+00	9.89286273e+00
9.40666200e+00	-1.33943600e+00	1.13946468e-01
9.41664100e+00	-1.54076300e+00	1.14393139e-01
9.42662000e+00	-1.22063900e+00	1.17390513e-01
9.43659900e+00	-1.24970900e+00	1.15567285e-01
9.44657800e+00	-1.40188300e+00	1.14962552e-01
9.45655700e+00	-1.17763900e+00	1.16134997e-01
9.46653500e+00	-1.18105600e+00	1.14978429e-01
9.47651400e+00	-1.35161800e+00	1.16940024e-01
9.48649300e+00	-1.49446400e+00	1.15624095e-01
9.49647200e+00	-1.36235700e+00	1.14529774e-01
9.50645100e+00	-1.53411300e+00	1.16071388e-01
9.51643000e+00	-1.20876900e+00	1.16119962e-01
9.52640900e+00	-1.41979300e+00	1.14807217e-01
9.53638700e+00	-1.29456900e+00	1.18017269e-01
9.54636600e+00	-1.28324500e+00	1.15036419e-01
9.55634500e+00	-1.44729400e+00	1.15996926e-01
9.56632400e+00	-1.30713400e+00	1.17938045e-01
9.57630300e+00	-1.36968800e+00	1.17939641e-01
9.58628200e+00	-1.45079400e+00	1.16058612e-01
9.59626100e+00	-1.63878100e+00	9.91671399e+00
9.60623900e+00	-1.47741200e+00	9.89567293e+00
9.61621800e+00	-1.30111400e+00	9.90955053e+00
9.62619700e+00	-1.39620500e+00	1.15588266e-01
9.63617600e+00	-1.37275500e+00	1.17671397e-01
9.64615500e+00	-1.45720600e+00	1.16556963e-01
9.65613400e+00	-1.49305000e+00	1.14687721e-01
9.66611300e+00	-1.38551800e+00	1.16986004e-01
9.67609100e+00	-1.50670600e+00	1.11836996e-01
9.68607000e+00	-1.50885000e+00	1.16658274e-01
9.69604900e+00	-1.55095700e+00	1.17132165e-01
9.70602800e+00	-1.35402900e+00	1.16935978e-01
9.71600700e+00	-1.33465700e+00	1.17780992e-01
9.72598600e+00	-1.53628500e+00	1.18018859e-01
9.73596400e+00	-1.68306600e+00	1.00292182e+01
9.74594300e+00	-1.52419600e+00	1.00164810e+01
9.75592200e+00	-1.35083700e+00	1.00045276e+01
9.76590100e+00	-1.30253200e+00	1.17478339e-01
9.77588000e+00	-1.48749000e+00	9.87160467e+00
9.78585900e+00	-1.36586900e+00	1.00022360e+01
9.79583800e+00	-1.39904300e+00	1.16544545e-01
9.80581600e+00	-1.67185300e+00	1.19381257e-01
9.81579500e+00	-1.59434300e+00	1.17426957e-01
9.82577400e+00	-1.23888200e+00	1.17055856e-01
9.83575300e+00	-1.43601400e+00	1.17051335e-01
9.84573200e+00	-1.47499700e+00	1.17839510e-01
9.85571100e+00	-1.37214800e+00	1.16212856e-01
9.86569000e+00	-1.57774000e+00	1.17410482e-01
9.87566800e+00	-1.53620400e+00	1.20051463e-01
9.88564700e+00	-1.47774000e+00	1.16104942e-01
9.89562600e+00	-1.35464300e+00	1.18616496e-01
9.90560500e+00	-1.57186100e+00	1.18958378e-01
9.91558400e+00	-1.36654800e+00	1.16928462e-01
9.92556300e+00	-1.38688600e+00	1.18322000e-01
9.93554200e+00	-1.46254700e+00	1.17946590e-01
9.94552000e+00	-1.25431500e+00	1.16651417e-01
9.95549900e+00	-1.76142400e+00	1.17692174e-01
9.96547800e+00	-1.49452700e+00	1.21465878e-01
9.97545700e+00	-1.43050800e+00	1.01290509e+01
9.98543600e+00	-1.45854400e+00	1.01239344e+01
9.99541500e+00	-1.51945000e+00	1.00877217e+01
1.00053900e+01	-1.40706200e+00	1.18926615e-01
1.00153700e+01	-1.47727300e+00	1.01676604e+01
1.00253500e+01	-1.59411500e+00	1.01354030e+01
1.00353300e+01	-1.40743300e+00	1.02208178e+01
1.00453100e+01	-1.43605400e+00	1.01957733e+01
1.00552900e+01	-1.46527000e+00	1.02860672e+01
1.00652700e+01	-1.52228700e+00	1.22934704e-01
1.00752500e+01	-1.65158000e+00	1.24419679e-01
1.00852200e+01	-1.59342500e+00	1.28389829e-01
1.00952000e+01	-1.56676500e+00	1.01772704e+01
1.01051800e+01	-1.49809900e+00	1.32310767e-01
1.01151600e+01	-1.80369000e+00	1.34451279e-01
1.01251400e+01	-1.46857500e+00	1.01802840e+01
1.01351200e+01	-1.44379800e+00	1.02851530e+01
1.01451000e+01	-1.72994700e+00	1.38159508e-01
1.01550800e+01	-1.49299000e+00	1.39176264e-01
1.01650600e+01	-1.52037600e+00	1.40714282e-01
1.01750300e+01	-1.55702800e+00	1.40053201e-01
1.01850100e+01	-1.55077800e+00	1.42444267e-01
1.01949900e+01	-1.44755300e+00	1.44050765e-01
