q[nm-1]	I(q)[sr-1]_mult(Lyso_Lyso_3_000_350.dat_00001_[]*1.5000)	error
2.26117100e-01	4.25713200e+01	3.03874200e+00
2.36095900e-01	3.13356150e+01	2.63538000e+00
2.46074800e-01	3.70301100e+01	1.56045000e+00
2.56053600e-01	3.74901600e+01	1.25974185e+00
2.66032500e-01	3.67266600e+01	1.21378080e+00
2.76011300e-01	3.44925600e+01	9.69521100e-01
2.85990200e-01	3.35053650e+01	8.56122300e-01
2.95969000e-01	3.15624750e+01	7.69875750e-01
3.05947900e-01	3.30675150e+01	7.29909300e-01
3.15926800e-01	3.15056400e+01	7.35610650e-01
3.25905600e-01	3.14109600e+01	7.15090050e-01
3.35884500e-01	3.09721800e+01	6.99560250e-01
3.45863300e-01	3.11844000e+01	6.92935050e-01
3.55842200e-01	3.16455600e+01	6.74801250e-01
3.65821000e-01	3.11331600e+01	6.59176950e-01
3.75799900e-01	2.99593650e+01	6.05677950e-01
3.85778700e-01	2.94163500e+01	6.26067300e-01
3.95757600e-01	2.86704750e+01	5.62708800e-01
4.05736400e-01	2.89329150e+01	5.77227750e-01
4.15715300e-01	2.93880600e+01	6.09807900e-01
4.25694100e-01	2.84383800e+01	1.90231950e+01
4.35673000e-01	2.94544200e+01	1.93600350e+01
4.45651900e-01	2.82185100e+01	1.89495150e+01
4.55630700e-01	2.77245150e+01	5.50036950e-01
4.65609600e-01	2.77077600e+01	1.87772400e+01
4.75588400e-01	2.83588500e+01	1.89965700e+01
4.85567300e-01	2.71704000e+01	1.85942700e+01
4.95546100e-01	2.63319900e+01	1.83051300e+01
5.05525000e-01	2.67824100e+01	5.04525150e-01
5.15503800e-01	2.69989650e+01	5.11906200e-01
5.25482700e-01	2.65114950e+01	5.12385450e-01
5.35461500e-01	2.66938350e+01	4.86808500e-01
5.45440400e-01	2.50660950e+01	4.89373200e-01
5.55419200e-01	2.56707450e+01	4.64734500e-01
5.65398100e-01	2.57915250e+01	5.16345600e-01
5.75376900e-01	2.56782900e+01	4.88514300e-01
5.85355800e-01	2.52537600e+01	4.82301750e-01
5.95334700e-01	2.59171350e+01	4.83342000e-01
6.05313500e-01	2.57213700e+01	4.68859050e-01
6.15292400e-01	2.48557800e+01	4.72888650e-01
6.25271200e-01	2.47167750e+01	4.71015300e-01
6.35250100e-01	2.43570150e+01	4.64803950e-01
6.45228900e-01	2.45672700e+01	4.61768100e-01
6.55207800e-01	2.43219450e+01	4.31779950e-01
6.65186600e-01	2.39716200e+01	4.62053100e-01
6.75165500e-01	2.33876100e+01	4.51656150e-01
6.85144300e-01	2.42545950e+01	4.47859800e-01
6.95123200e-01	2.30743500e+01	4.35691500e-01
7.05102000e-01	2.30637600e+01	4.45544100e-01
7.15080900e-01	2.27647500e+01	4.47618750e-01
7.25059700e-01	2.26152750e+01	1.69641450e+01
7.35038600e-01	2.14497600e+01	1.65212250e+01
7.45017500e-01	2.21356200e+01	1.67832750e+01
7.54996300e-01	2.12005350e+01	4.15590000e-01
7.64975200e-01	2.06334300e+01	4.07602950e-01
7.74954000e-01	2.20106100e+01	4.19163300e-01
7.84932900e-01	2.14663950e+01	4.10499300e-01
7.94911700e-01	2.08544400e+01	3.99272700e-01
8.04890600e-01	2.09266200e+01	4.01647350e-01
8.14869400e-01	2.15036100e+01	3.96846150e-01
8.24848300e-01	2.06838450e+01	3.87163950e-01
8.34827100e-01	2.00503650e+01	3.82390200e-01
8.44806000e-01	2.00790150e+01	3.71596950e-01
8.54784800e-01	2.02365750e+01	3.79339500e-01
8.64763700e-01	1.95237750e+01	3.65401350e-01
8.74742600e-01	1.93909950e+01	3.53274300e-01
8.84721400e-01	1.95546300e+01	3.64726350e-01
8.94700300e-01	1.95234750e+01	3.64951200e-01
9.04679100e-01	1.90946400e+01	3.58903800e-01
9.14658000e-01	1.90073100e+01	3.59234700e-01
9.24636800e-01	1.84752450e+01	3.55225050e-01
9.34615700e-01	1.84514250e+01	3.45984600e-01
9.44594500e-01	1.81465500e+01	3.44925300e-01
9.54573400e-01	1.86433200e+01	3.48324300e-01
9.64552200e-01	1.76863050e+01	3.53813550e-01
9.74531100e-01	1.79138100e+01	3.43260900e-01
9.84509900e-01	1.69138050e+01	1.46707275e+01
9.94488800e-01	1.65712200e+01	1.45213905e+01
1.00446800e+00	1.75002600e+01	3.31278000e-01
1.01444700e+00	1.71993450e+01	1.47940410e+01
1.02442500e+00	1.73199600e+01	1.48458255e+01
1.03440400e+00	1.65522750e+01	1.45130880e+01
1.04438300e+00	1.63002750e+01	3.13228200e-01
1.05436200e+00	1.59709500e+01	3.13668150e-01
1.06434100e+00	1.57730850e+01	3.05753850e-01
1.07432000e+00	1.57557900e+01	3.06354150e-01
1.08429800e+00	1.55240400e+01	3.04727850e-01
1.09427700e+00	1.48133475e+01	2.88868650e-01
1.10425600e+00	1.54847100e+01	2.94172950e-01
1.11423500e+00	1.43106435e+01	1.34946165e+01
1.12421400e+00	1.47646680e+01	1.37070120e+01
1.13419300e+00	1.41331335e+01	2.91364350e-01
1.14417200e+00	1.46465310e+01	2.82196950e-01
1.15415000e+00	1.42486335e+01	2.85665850e-01
1.16412900e+00	1.39523895e+01	2.83909350e-01
1.17410800e+00	1.39471815e+01	2.76848400e-01
1.18408700e+00	1.33927620e+01	2.74882950e-01
1.19406600e+00	1.36411110e+01	2.67866400e-01
1.20404500e+00	1.35602085e+01	2.70810750e-01
1.21402400e+00	1.34771850e+01	2.80594950e-01
1.22400200e+00	1.30283595e+01	2.61716100e-01
1.23398100e+00	1.27304910e+01	2.57751900e-01
1.24396000e+00	1.28550810e+01	2.64391350e-01
1.25393900e+00	1.23209760e+01	2.55697350e-01
1.26391800e+00	1.20718815e+01	2.47914750e-01
1.27389700e+00	1.24956960e+01	2.54010300e-01
1.28387600e+00	1.25369880e+01	1.26307050e+01
1.29385400e+00	1.18750305e+01	1.22927310e+01
1.30383300e+00	1.15639545e+01	2.45449350e-01
1.31381200e+00	1.13547240e+01	2.33702550e-01
1.32379100e+00	1.17422865e+01	2.44576200e-01
1.33377000e+00	1.13748030e+01	2.42694450e-01
1.34374900e+00	1.12371030e+01	2.30271450e-01
1.35372800e+00	1.12773540e+01	2.42587950e-01
1.36370600e+00	1.08516330e+01	2.30208000e-01
1.37368500e+00	1.15053180e+01	2.42356800e-01
1.38366400e+00	1.05105555e+01	2.29785300e-01
1.39364300e+00	1.06655640e+01	2.23885350e-01
1.40362200e+00	1.05536340e+01	2.28858300e-01
1.41360100e+00	1.04136300e+01	1.15115025e+01
1.42357900e+00	9.76804650e+00	1.11489720e+01
1.43355800e+00	9.98945850e+00	2.18117700e-01
1.44353700e+00	9.98247300e+00	2.20569900e-01
1.45351600e+00	1.01379150e+01	2.17981800e-01
1.46349500e+00	9.95594850e+00	2.15746350e-01
1.47347400e+00	9.48033600e+00	2.10614700e-01
1.48345300e+00	9.55293000e+00	2.06445900e-01
1.49343100e+00	9.43211400e+00	2.09195850e-01
1.50341000e+00	9.48641700e+00	2.08934400e-01
1.51338900e+00	9.04490700e+00	2.10882750e-01
1.52336800e+00	8.89360200e+00	1.99181850e-01
1.53334700e+00	8.96215200e+00	1.95275100e-01
1.54332600e+00	9.07178100e+00	1.07442780e+01
1.55330500e+00	8.77164300e+00	1.05650475e+01
1.56328300e+00	8.68066950e+00	1.94273850e-01
1.57326200e+00	8.70234150e+00	1.97100600e-01
1.58324100e+00	8.53078350e+00	1.92149850e-01
1.59322000e+00	8.45547900e+00	1.91221800e-01
1.60319900e+00	8.67761250e+00	1.94522250e-01
1.61317800e+00	8.51839800e+00	1.89604200e-01
1.62315700e+00	7.80790950e+00	1.80834750e-01
1.63313500e+00	7.76085750e+00	1.76346600e-01
1.64311400e+00	7.69134000e+00	1.82122050e-01
1.65309300e+00	7.83311250e+00	1.78992000e-01
1.66307200e+00	7.66056600e+00	1.77485550e-01
1.67305100e+00	7.54614600e+00	1.77375750e-01
1.68303000e+00	7.58196600e+00	1.78136100e-01
1.69300900e+00	7.46369100e+00	1.75143450e-01
1.70298700e+00	7.32571050e+00	1.74198000e-01
1.71296600e+00	7.39051800e+00	1.76174250e-01
1.72294500e+00	7.19174700e+00	1.73549400e-01
1.73292400e+00	7.02911550e+00	1.67100000e-01
1.74290300e+00	7.02344700e+00	1.64630700e-01
1.75288200e+00	7.24658100e+00	1.67226750e-01
1.76286100e+00	7.09756350e+00	1.68756450e-01
1.77283900e+00	6.79334850e+00	1.61033700e-01
1.78281800e+00	7.11003600e+00	1.69307550e-01
1.79279700e+00	7.00384200e+00	1.67301300e-01
1.80277600e+00	6.72167550e+00	1.62566700e-01
1.81275500e+00	6.20985900e+00	1.55954700e-01
1.82273400e+00	6.41098200e+00	1.55648700e-01
1.83271200e+00	6.56286450e+00	9.13855800e+00
1.84269100e+00	6.23119200e+00	8.90464350e+00
1.85267000e+00	6.26615850e+00	8.92959300e+00
1.86264900e+00	5.91919650e+00	8.67885300e+00
1.87262800e+00	5.95732650e+00	1.48766670e-01
1.88260700e+00	5.93839050e+00	1.52856900e-01
1.89258600e+00	6.16649400e+00	1.53007050e-01
1.90256400e+00	6.01183950e+00	8.74650750e+00
1.91254300e+00	6.03125550e+00	8.76061950e+00
1.92252200e+00	5.96930700e+00	1.49989305e-01
1.93250100e+00	6.02457900e+00	1.51580700e-01
1.94248000e+00	5.57003100e+00	1.45682340e-01
1.95245900e+00	5.87368650e+00	1.46215050e-01
1.96243800e+00	5.76525900e+00	1.46437245e-01
1.97241600e+00	5.59905300e+00	1.45838415e-01
1.98239500e+00	5.95301700e+00	1.46448480e-01
1.99237400e+00	5.66167800e+00	1.44930870e-01
2.00235300e+00	5.43339750e+00	1.38432420e-01
2.01233200e+00	5.33878350e+00	1.39731555e-01
2.02231100e+00	5.63966250e+00	1.43678910e-01
2.03229000e+00	5.46484200e+00	1.37690475e-01
2.04226800e+00	5.37596700e+00	1.38903210e-01
2.05224700e+00	5.43567000e+00	1.36198320e-01
2.06222600e+00	5.44805400e+00	1.41229155e-01
2.07220500e+00	5.39780250e+00	1.34013675e-01
2.08218400e+00	5.46105300e+00	1.39342035e-01
2.09216300e+00	5.25648150e+00	1.32917040e-01
2.10214200e+00	5.14552650e+00	1.30866090e-01
2.11212000e+00	5.28634950e+00	1.36977975e-01
2.12209900e+00	5.02608600e+00	1.27146975e-01
2.13207800e+00	5.13098700e+00	1.31311860e-01
2.14205700e+00	4.89191250e+00	7.88987850e+00
2.15203600e+00	4.95275100e+00	7.93878900e+00
2.16201500e+00	5.17522350e+00	1.33548075e-01
2.17199400e+00	4.93490400e+00	7.92447300e+00
2.18197200e+00	5.20710000e+00	8.14008450e+00
2.19195100e+00	4.95645150e+00	7.94175300e+00
2.20193000e+00	5.24320650e+00	8.16825750e+00
2.21190900e+00	4.96759650e+00	1.26651480e-01
2.22188800e+00	4.99303350e+00	1.25537610e-01
2.23186700e+00	4.85749200e+00	1.26200490e-01
2.24184500e+00	5.01890400e+00	1.26429945e-01
2.25182400e+00	4.89326850e+00	1.29120765e-01
2.26180300e+00	4.67987400e+00	1.22367855e-01
2.27178200e+00	4.83490800e+00	1.23991845e-01
2.28176100e+00	4.79577000e+00	1.25808045e-01
2.29174000e+00	4.55210100e+00	1.16864595e-01
2.30171900e+00	4.71382800e+00	1.21111425e-01
2.31169700e+00	4.74357300e+00	1.22335710e-01
2.32167600e+00	4.73824650e+00	1.22299230e-01
2.33165500e+00	4.68372750e+00	1.18169340e-01
2.34163400e+00	4.74927900e+00	1.20083445e-01
2.35161300e+00	4.57666200e+00	1.17338235e-01
2.36159200e+00	4.60839000e+00	1.19627805e-01
2.37157100e+00	4.69850700e+00	1.22597775e-01
2.38154900e+00	4.78751550e+00	1.19275080e-01
2.39152800e+00	4.64198100e+00	1.16017905e-01
2.40150700e+00	4.40295450e+00	1.15162245e-01
2.41148600e+00	4.77878700e+00	1.18894500e-01
2.42146500e+00	4.66236450e+00	1.19813865e-01
2.43144400e+00	4.68151350e+00	1.17398940e-01
2.44142300e+00	4.56493200e+00	1.17028500e-01
2.45140100e+00	4.48583400e+00	1.17118980e-01
2.46138000e+00	4.62946500e+00	1.15787805e-01
2.47135900e+00	4.65685350e+00	1.18570650e-01
2.48133800e+00	4.43518800e+00	1.15111590e-01
2.49131700e+00	4.84572600e+00	1.21935885e-01
2.50129600e+00	4.52415900e+00	1.15662150e-01
2.51127500e+00	4.54718850e+00	1.14812925e-01
2.52125300e+00	4.67471550e+00	7.71273750e+00
2.53123200e+00	4.74090150e+00	7.76714550e+00
2.54121100e+00	4.48812600e+00	1.15111755e-01
2.55119000e+00	4.62996450e+00	1.13602485e-01
2.56116900e+00	4.48988700e+00	1.10243625e-01
2.57114800e+00	4.74550050e+00	1.17983835e-01
2.58112700e+00	4.74937650e+00	1.15278585e-01
2.59110500e+00	4.46585100e+00	1.10434770e-01
2.60108400e+00	4.53814950e+00	1.15574370e-01
2.61106300e+00	4.53227400e+00	1.12115610e-01
2.62104200e+00	4.60312500e+00	1.15080825e-01
2.63102100e+00	4.45876950e+00	1.12547055e-01
2.64100000e+00	4.70087550e+00	1.16419455e-01
2.65097800e+00	4.49973600e+00	1.11292575e-01
2.66095700e+00	4.57105200e+00	1.10406450e-01
2.67093600e+00	4.63945500e+00	1.13324790e-01
2.68091500e+00	4.43950200e+00	1.09065015e-01
2.69089400e+00	4.49657850e+00	1.16964405e-01
2.70087300e+00	4.60410600e+00	1.11587940e-01
2.71085200e+00	4.53178500e+00	7.59391350e+00
2.72083000e+00	4.45240650e+00	7.52711250e+00
2.73080900e+00	4.74251400e+00	7.76846550e+00
2.74078800e+00	4.69179150e+00	1.15746225e-01
2.75076700e+00	4.56321300e+00	7.62019950e+00
2.76074600e+00	4.49389350e+00	7.56209850e+00
2.77072500e+00	4.72880250e+00	1.11245805e-01
2.78070400e+00	4.48921350e+00	1.07477160e-01
2.79068200e+00	4.55368950e+00	1.12315710e-01
2.80066100e+00	4.49904900e+00	1.09343160e-01
2.81064000e+00	4.55950650e+00	1.09526190e-01
2.82061900e+00	4.43231550e+00	1.10233200e-01
2.83059800e+00	4.49198100e+00	1.05628305e-01
2.84057700e+00	4.47903000e+00	1.09405545e-01
2.85055600e+00	4.61788350e+00	1.09023045e-01
2.86053400e+00	4.54339650e+00	1.07482365e-01
2.87051300e+00	4.69386450e+00	7.72851900e+00
2.88049200e+00	4.29600150e+00	7.39372350e+00
2.89047100e+00	4.37114550e+00	7.45810650e+00
2.90045000e+00	4.45315800e+00	7.52774700e+00
2.91042900e+00	4.48592700e+00	7.55539350e+00
2.92040800e+00	4.43088750e+00	1.03957320e-01
2.93038600e+00	4.55909100e+00	1.08120495e-01
2.94036500e+00	4.37815350e+00	1.05979110e-01
2.95034400e+00	4.60540050e+00	1.06509285e-01
2.96032300e+00	4.58767350e+00	1.08297765e-01
2.97030200e+00	4.57852350e+00	1.06177110e-01
2.98028100e+00	4.34638950e+00	1.05204765e-01
2.99026000e+00	4.58814150e+00	1.08527415e-01
3.00023800e+00	4.43429100e+00	1.03841250e-01
3.01021700e+00	4.44810600e+00	1.03974495e-01
3.02019600e+00	4.56636150e+00	1.07032605e-01
3.03017500e+00	4.47598800e+00	1.05870495e-01
3.04015400e+00	4.49048850e+00	7.55923350e+00
3.05013300e+00	4.55853900e+00	7.61629500e+00
3.06011100e+00	4.54594050e+00	1.07526810e-01
3.07009000e+00	4.67541000e+00	7.71331050e+00
3.08006900e+00	4.54381200e+00	7.60398300e+00
3.09004800e+00	4.58349150e+00	1.05553695e-01
3.10002700e+00	4.39791750e+00	1.01818860e-01
3.11000600e+00	4.40148150e+00	1.03542705e-01
3.11998500e+00	4.61359350e+00	1.04556675e-01
3.12996300e+00	4.57816050e+00	1.02975120e-01
3.13994200e+00	4.61345250e+00	1.03460925e-01
3.14992100e+00	4.45498200e+00	1.01555040e-01
3.15990000e+00	4.65341400e+00	1.06894395e-01
3.16987900e+00	4.42471350e+00	7.50366750e+00
3.17985800e+00	4.45379250e+00	7.52828400e+00
3.18983700e+00	4.55240100e+00	1.02620985e-01
3.19981500e+00	4.41883350e+00	1.00256805e-01
3.20979400e+00	4.56593400e+00	1.03002945e-01
3.21977300e+00	4.39491150e+00	9.93699900e-02
3.22975200e+00	4.55350500e+00	1.04135715e-01
3.23973100e+00	4.53778350e+00	1.00223715e-01
3.24971000e+00	4.49667300e+00	1.02708180e-01
3.25968900e+00	4.60495350e+00	1.02854220e-01
3.26966700e+00	4.41898350e+00	1.02205500e-01
3.27964600e+00	4.69886400e+00	1.04833155e-01
3.28962500e+00	4.46451900e+00	1.01457090e-01
3.29960400e+00	4.49135400e+00	1.03294770e-01
3.30958300e+00	4.72321950e+00	1.05092940e-01
3.31956200e+00	4.54387650e+00	1.02309105e-01
3.32954100e+00	4.39968000e+00	9.89485950e-02
3.33951900e+00	4.65850050e+00	1.02448395e-01
3.34949800e+00	4.52297550e+00	1.00460010e-01
3.35947700e+00	4.40372400e+00	7.48584900e+00
3.36945600e+00	4.39655100e+00	7.47975000e+00
3.37943500e+00	4.42414650e+00	7.50318600e+00
3.38941400e+00	4.48636500e+00	7.55576250e+00
3.39939200e+00	4.53989400e+00	9.99773850e-02
3.40937100e+00	4.42217400e+00	1.00070025e-01
3.41935000e+00	4.53553350e+00	7.59705300e+00
3.42932900e+00	4.40771850e+00	7.48924350e+00
3.43930800e+00	4.56038550e+00	7.61783700e+00
3.44928700e+00	4.60831950e+00	1.00018725e-01
3.45926600e+00	4.60037250e+00	9.85370700e-02
3.46924400e+00	4.78162650e+00	1.00064850e-01
3.47922300e+00	4.68153450e+00	7.71836100e+00
3.48920200e+00	4.63977450e+00	7.68385950e+00
3.49918100e+00	4.67493300e+00	7.71291750e+00
3.50916000e+00	4.47139200e+00	7.54314300e+00
3.51913900e+00	4.51095450e+00	9.91521600e-02
3.52911800e+00	4.36320300e+00	9.58469250e-02
3.53909600e+00	4.63489350e+00	9.94166100e-02
3.54907500e+00	4.53930750e+00	9.81629400e-02
3.55905400e+00	4.70829450e+00	9.68963700e-02
3.56903300e+00	4.74728400e+00	9.97367100e-02
3.57901200e+00	4.71028800e+00	9.84889800e-02
3.58899100e+00	4.56407700e+00	9.89214000e-02
3.59897000e+00	4.53260700e+00	9.78929700e-02
3.60894800e+00	4.68234000e+00	9.86180550e-02
3.61892700e+00	4.51932000e+00	9.87964800e-02
3.62890600e+00	4.61464950e+00	9.76192500e-02
3.63888500e+00	4.67935950e+00	9.83215950e-02
3.64886400e+00	4.70674950e+00	9.87763050e-02
3.65884300e+00	4.52240850e+00	9.75706500e-02
3.66882200e+00	4.51705200e+00	7.58155950e+00
3.67880000e+00	4.52917800e+00	7.59172950e+00
3.68877900e+00	4.53814050e+00	9.71070000e-02
3.69875800e+00	4.58790000e+00	9.59874900e-02
3.70873700e+00	4.47948900e+00	9.63247800e-02
3.71871600e+00	4.60392000e+00	9.72200700e-02
3.72869500e+00	4.54511850e+00	9.62119050e-02
3.73867400e+00	4.55674650e+00	9.75078750e-02
3.74865200e+00	4.52982300e+00	9.69307050e-02
3.75863100e+00	4.44871950e+00	7.52399400e+00
3.76861000e+00	4.57470150e+00	7.62978600e+00
3.77858900e+00	4.45028250e+00	7.52531700e+00
3.78856800e+00	4.51404750e+00	9.72093450e-02
3.79854700e+00	4.60537500e+00	9.40647600e-02
3.80852500e+00	4.50365550e+00	7.57030800e+00
3.81850400e+00	4.56172500e+00	7.61895600e+00
3.82848300e+00	4.50365550e+00	9.48504900e-02
3.83846200e+00	4.51082250e+00	7.57632900e+00
3.84844100e+00	4.37994600e+00	7.46561100e+00
3.85842000e+00	4.62606000e+00	9.61908300e-02
3.86839900e+00	4.66360650e+00	9.54835950e-02
3.87837700e+00	4.50726300e+00	9.60295200e-02
3.88835600e+00	4.57403400e+00	9.59095350e-02
3.89833500e+00	4.39259550e+00	9.01975350e-02
3.90831400e+00	4.45181100e+00	9.29901450e-02
3.91829300e+00	4.58487150e+00	9.37640550e-02
3.92827200e+00	4.53374850e+00	9.49088100e-02
3.93825100e+00	4.54495800e+00	9.26077650e-02
3.94822900e+00	4.52278500e+00	9.18289950e-02
3.95820800e+00	4.42081650e+00	9.32318100e-02
3.96818700e+00	4.43277450e+00	9.24460650e-02
3.97816600e+00	4.61428950e+00	9.32325150e-02
3.98814500e+00	4.32482850e+00	7.41848850e+00
3.99812400e+00	4.57566900e+00	7.63059300e+00
4.00810300e+00	4.69461450e+00	9.38733900e-02
4.01808100e+00	4.37047350e+00	9.03496500e-02
4.02806000e+00	4.55365350e+00	9.20904600e-02
4.03803900e+00	4.51596900e+00	9.24735750e-02
4.04801800e+00	4.55504700e+00	9.13209750e-02
4.05799700e+00	4.61354850e+00	7.66211250e+00
4.06797600e+00	4.58704950e+00	7.64007600e+00
4.07795500e+00	4.51732350e+00	7.58178750e+00
4.08793300e+00	4.44788100e+00	7.52328450e+00
4.09791200e+00	4.55544300e+00	9.40171350e-02
4.10789100e+00	4.57303350e+00	9.07228800e-02
4.11787000e+00	4.44259800e+00	9.20246100e-02
4.12784900e+00	4.61492850e+00	9.18101700e-02
4.13782800e+00	4.32635850e+00	8.91966150e-02
4.14780700e+00	4.47017850e+00	9.23157150e-02
4.15778500e+00	4.52848800e+00	8.96872950e-02
4.16776400e+00	4.52367000e+00	9.12986400e-02
4.17774300e+00	4.61285700e+00	7.66153800e+00
4.18772200e+00	4.57272300e+00	7.62813600e+00
4.19770100e+00	4.51530600e+00	7.58009400e+00
4.20768000e+00	4.51831500e+00	8.95687200e-02
4.21765800e+00	4.52408250e+00	9.03582600e-02
4.22763700e+00	4.39092450e+00	8.77989900e-02
4.23761600e+00	4.62486750e+00	9.13966050e-02
4.24759500e+00	4.43002800e+00	8.83577100e-02
4.25757400e+00	4.37386950e+00	8.72576100e-02
4.26755300e+00	4.70155050e+00	7.73484300e+00
4.27753200e+00	4.51462050e+00	7.57951800e+00
4.28751000e+00	4.39415700e+00	7.47771300e+00
4.29748900e+00	4.44852000e+00	7.52382600e+00
4.30746800e+00	4.60879500e+00	7.65816450e+00
4.31744700e+00	4.40335200e+00	8.85802500e-02
4.32742600e+00	4.46480100e+00	8.91658200e-02
4.33740500e+00	4.46125800e+00	8.87981700e-02
4.34738400e+00	4.50927000e+00	8.75888400e-02
4.35736200e+00	4.44759750e+00	8.93022150e-02
4.36734100e+00	4.48483950e+00	8.83367850e-02
4.37732000e+00	4.37863050e+00	8.65547250e-02
4.38729900e+00	4.41672450e+00	8.68510200e-02
4.39727800e+00	4.42183050e+00	8.65009200e-02
4.40725700e+00	4.43061600e+00	8.79027900e-02
4.41723600e+00	4.46608500e+00	8.52257700e-02
4.42721400e+00	4.52062950e+00	8.88265500e-02
4.43719300e+00	4.59237000e+00	8.86843650e-02
4.44717200e+00	4.40850000e+00	8.67795300e-02
4.45715100e+00	4.45594050e+00	7.53009900e+00
4.46713000e+00	4.45127100e+00	7.52615250e+00
4.47710900e+00	4.48564800e+00	8.80464450e-02
4.48708800e+00	4.38978600e+00	8.68464000e-02
4.49706600e+00	4.49975100e+00	8.73112350e-02
4.50704500e+00	4.67995050e+00	8.99734200e-02
4.51702400e+00	4.51509900e+00	8.69605200e-02
4.52700300e+00	4.66245750e+00	8.91361500e-02
4.53698200e+00	4.56973950e+00	7.62564750e+00
4.54696100e+00	4.28538450e+00	7.38458100e+00
4.55694000e+00	4.41607050e+00	7.49633400e+00
4.56691800e+00	4.49220150e+00	8.56090500e-02
4.57689700e+00	4.42181100e+00	8.54553900e-02
4.58687600e+00	4.48260150e+00	8.66173200e-02
4.59685500e+00	4.55802900e+00	8.65557450e-02
4.60683400e+00	4.45133550e+00	8.65208700e-02
4.61681300e+00	4.55725200e+00	8.81250750e-02
4.62679100e+00	4.43722350e+00	8.56964100e-02
4.63677000e+00	4.39595100e+00	8.57765100e-02
4.64674900e+00	4.39625250e+00	8.43096900e-02
4.65672800e+00	4.41387450e+00	8.63702250e-02
4.66670700e+00	4.40819850e+00	8.53021950e-02
4.67668600e+00	4.53004650e+00	8.63592450e-02
4.68666500e+00	4.42039050e+00	8.37485550e-02
4.69664300e+00	4.47784950e+00	8.59203300e-02
4.70662200e+00	4.51905000e+00	7.58323500e+00
4.71660100e+00	4.41424200e+00	7.49478300e+00
4.72658000e+00	4.57044600e+00	8.82773850e-02
4.73655900e+00	4.40612850e+00	8.67553950e-02
4.74653800e+00	4.51593000e+00	8.94912000e-02
4.75651700e+00	4.46467950e+00	8.75764500e-02
4.76649500e+00	4.60355400e+00	9.20796900e-02
4.77647400e+00	4.57712550e+00	9.02257200e-02
4.78645300e+00	4.50703950e+00	8.95514700e-02
4.79643200e+00	4.57601100e+00	8.89725450e-02
4.80641100e+00	4.55157300e+00	8.99985600e-02
4.81639000e+00	4.55668200e+00	7.61474550e+00
4.82636900e+00	4.40289150e+00	7.48514100e+00
4.83634700e+00	4.56699750e+00	7.62335850e+00
4.84632600e+00	4.55937600e+00	7.61699550e+00
4.85630500e+00	4.59124650e+00	9.22330050e-02
4.86628400e+00	4.64310000e+00	9.12954000e-02
4.87626300e+00	4.67240400e+00	9.20044350e-02
4.88624200e+00	4.55792550e+00	9.44823900e-02
4.89622100e+00	4.44240450e+00	9.39985650e-02
4.90619900e+00	4.51971750e+00	9.60880950e-02
4.91617800e+00	4.40516100e+00	9.47495250e-02
4.92615700e+00	4.63764600e+00	9.70910250e-02
4.93613600e+00	4.48632600e+00	9.79576350e-02
4.94611500e+00	4.49342850e+00	9.56760750e-02
4.95609400e+00	4.39070100e+00	9.55128900e-02
4.96607300e+00	4.42770300e+00	9.82564050e-02
4.97605100e+00	4.46408100e+00	9.65623050e-02
4.98603000e+00	4.63735950e+00	9.85698600e-02
4.99600900e+00	4.59614100e+00	9.75579750e-02
5.00598800e+00	4.46049000e+00	9.97145550e-02
5.01596700e+00	4.47719250e+00	1.01393715e-01
5.02594600e+00	4.42632450e+00	1.02031365e-01
5.03592400e+00	4.59025050e+00	9.77021250e-02
5.04590300e+00	4.66549800e+00	1.02637875e-01
5.05588200e+00	4.59106950e+00	1.01933415e-01
5.06586100e+00	4.66398000e+00	1.02707130e-01
5.07584000e+00	4.53093150e+00	1.03882530e-01
5.08581900e+00	4.61915400e+00	7.66676550e+00
5.09579800e+00	4.57621350e+00	7.63104600e+00
5.10577600e+00	4.63475550e+00	7.67970300e+00
5.11575500e+00	4.59890400e+00	7.64994150e+00
5.12573400e+00	4.66587750e+00	7.70544450e+00
5.13571300e+00	4.47110250e+00	7.54289850e+00
5.14569200e+00	4.66240050e+00	7.70257200e+00
5.15567100e+00	4.79098800e+00	7.80806700e+00
5.16565000e+00	4.61079150e+00	7.65982200e+00
5.17562800e+00	4.53971850e+00	7.60055700e+00
5.18560700e+00	4.73455350e+00	7.76194350e+00
5.19558600e+00	4.57545900e+00	7.63041750e+00
5.20556500e+00	4.59149700e+00	7.64377950e+00
5.21554400e+00	4.66621800e+00	7.70572500e+00
5.22552300e+00	4.67623950e+00	7.71399450e+00
5.23550200e+00	4.84614150e+00	7.85288100e+00
5.24548000e+00	4.46620950e+00	7.53877050e+00
5.25545900e+00	4.68156300e+00	7.71838500e+00
5.26543800e+00	4.68922650e+00	7.72470000e+00
5.27541700e+00	4.64760600e+00	7.69034100e+00
5.28539600e+00	4.66024050e+00	7.70078700e+00
5.29537500e+00	4.64684700e+00	7.68971400e+00
5.30535400e+00	4.71308100e+00	7.74432150e+00
5.31533200e+00	4.70585700e+00	7.73838600e+00
5.32531100e+00	4.62303600e+00	7.66998600e+00
5.33529000e+00	4.56376350e+00	7.62065850e+00
5.34526900e+00	4.64381850e+00	7.68720750e+00
5.35524800e+00	4.68284550e+00	7.71944100e+00
5.36522700e+00	4.75783950e+00	7.78100850e+00
5.37520500e+00	4.63066500e+00	7.67631300e+00
5.38518400e+00	4.79447250e+00	7.81090650e+00
5.39516300e+00	4.69954200e+00	7.73319150e+00
5.40514200e+00	4.82704350e+00	7.83739200e+00
5.41512100e+00	4.86900150e+00	7.87138200e+00
5.42510000e+00	4.74545400e+00	7.77087300e+00
5.43507900e+00	4.72445400e+00	7.75366050e+00
5.44505700e+00	4.73307300e+00	7.76073000e+00
5.45503600e+00	4.82662800e+00	7.83705450e+00
5.46501500e+00	4.72736700e+00	7.75605000e+00
5.47499400e+00	4.49335800e+00	7.56164850e+00
5.48497300e+00	4.69738800e+00	7.73141850e+00
5.49495200e+00	4.76632950e+00	7.78794750e+00
5.50493100e+00	4.88829600e+00	7.88696100e+00
5.51490900e+00	4.72677750e+00	7.75556700e+00
5.52488800e+00	4.85732400e+00	7.86193650e+00
5.53486700e+00	4.83597300e+00	7.84463850e+00
5.54484600e+00	4.84942050e+00	7.85553750e+00
5.55482500e+00	4.81691400e+00	7.82916450e+00
5.56480400e+00	4.75387350e+00	7.77776400e+00
5.57478300e+00	4.85597400e+00	7.86084450e+00
5.58476100e+00	4.66333800e+00	7.70334600e+00
5.59474000e+00	4.90596750e+00	7.90120500e+00
5.60471900e+00	4.91662350e+00	7.90978050e+00
5.61469800e+00	4.85263200e+00	7.85813700e+00
5.62467700e+00	4.91234100e+00	7.90633500e+00
5.63465600e+00	4.66551000e+00	7.70514000e+00
5.64463500e+00	4.93289400e+00	7.92285900e+00
5.65461300e+00	4.83404100e+00	7.84307100e+00
5.66459200e+00	4.99359600e+00	7.97145750e+00
5.67457100e+00	4.67276100e+00	7.71112500e+00
5.68455000e+00	4.82855850e+00	7.83862200e+00
5.69452900e+00	4.88334600e+00	7.88296800e+00
5.70450800e+00	5.02168200e+00	7.99384200e+00
5.71448700e+00	4.84704600e+00	7.85361300e+00
5.72446500e+00	4.94205600e+00	7.93021200e+00
5.73444400e+00	5.03060550e+00	8.00094150e+00
5.74442300e+00	4.91137350e+00	7.90555650e+00
5.75440200e+00	4.81534050e+00	7.82788500e+00
5.76438100e+00	4.76082000e+00	7.78344450e+00
5.77436000e+00	4.87758600e+00	7.87831800e+00
5.78433800e+00	4.95975750e+00	7.94440200e+00
5.79431700e+00	4.83712650e+00	7.84557450e+00
5.80429600e+00	4.77688350e+00	7.79656500e+00
5.81427500e+00	4.97599200e+00	7.95739350e+00
5.82425400e+00	4.79500650e+00	7.81134000e+00
5.83423300e+00	4.90604400e+00	7.90126650e+00
5.84421200e+00	4.96745100e+00	7.95056100e+00
5.85419000e+00	5.00963400e+00	7.98424650e+00
5.86416900e+00	4.97272500e+00	7.95478050e+00
5.87414800e+00	5.11471350e+00	8.06755050e+00
5.88412700e+00	5.01559350e+00	7.98899400e+00
5.89410600e+00	5.13087750e+00	8.08028700e+00
5.90408500e+00	5.05693950e+00	8.02185600e+00
5.91406400e+00	5.04448050e+00	8.01196800e+00
5.92404200e+00	5.10118200e+00	8.05687050e+00
5.93402100e+00	5.07871800e+00	8.03911050e+00
5.94400000e+00	4.99971900e+00	7.97634300e+00
5.95397900e+00	5.16510300e+00	8.10719250e+00
5.96395800e+00	5.14035450e+00	8.08774650e+00
5.97393700e+00	5.16276300e+00	8.10535650e+00
5.98391600e+00	5.15672100e+00	8.10061050e+00
5.99389400e+00	5.12595750e+00	8.07641250e+00
6.00387300e+00	5.05768650e+00	8.02244850e+00
6.01385200e+00	5.07459750e+00	8.03584950e+00
6.02383100e+00	5.16605400e+00	8.10793800e+00
6.03381000e+00	5.10154350e+00	8.05715700e+00
6.04378900e+00	5.05176150e+00	8.01774750e+00
6.05376800e+00	5.19030000e+00	8.12694300e+00
6.06374600e+00	5.00824500e+00	7.98313950e+00
6.07372500e+00	5.03313900e+00	8.00295600e+00
6.08370400e+00	5.22853800e+00	8.15682450e+00
6.09368300e+00	5.24796900e+00	8.17196700e+00
6.10366200e+00	5.22109350e+00	8.15101500e+00
6.11364100e+00	4.94194950e+00	7.93012650e+00
6.12362000e+00	5.00698350e+00	7.98213450e+00
6.13359800e+00	5.07433800e+00	8.03564400e+00
6.14357700e+00	5.12045850e+00	8.07207900e+00
6.15355600e+00	5.05806450e+00	8.02274850e+00
6.16353500e+00	5.19212250e+00	8.12836950e+00
6.17351400e+00	5.08542150e+00	8.04441450e+00
6.18349300e+00	5.18184450e+00	8.12032050e+00
6.19347100e+00	5.07600150e+00	8.03695950e+00
6.20345000e+00	5.06089800e+00	8.02499550e+00
6.21342900e+00	5.00164800e+00	7.97788050e+00
6.22340800e+00	5.11988250e+00	8.07162450e+00
6.23338700e+00	5.31276750e+00	8.22226350e+00
6.24336600e+00	5.14292700e+00	8.08976850e+00
6.25334500e+00	5.02596600e+00	7.99725150e+00
6.26332300e+00	5.10668250e+00	8.06121300e+00
6.27330200e+00	5.17982100e+00	8.11873350e+00
6.28328100e+00	5.11127700e+00	8.06483850e+00
6.29326000e+00	5.22471750e+00	8.15384400e+00
6.30323900e+00	5.38191000e+00	8.27559300e+00
6.31321800e+00	5.24498250e+00	8.16964200e+00
6.32319700e+00	5.34665100e+00	8.24844150e+00
6.33317500e+00	5.17314150e+00	8.11349850e+00
6.34315400e+00	5.07172200e+00	8.03357250e+00
6.35313300e+00	5.10625950e+00	8.06087850e+00
6.36311200e+00	5.20916850e+00	8.14170150e+00
6.37309100e+00	5.25386100e+00	8.17655250e+00
6.38307000e+00	5.38502400e+00	8.27798850e+00
6.39304900e+00	5.16009600e+00	8.10326100e+00
6.40302700e+00	5.09936250e+00	8.05543350e+00
6.41300600e+00	5.24110200e+00	8.16661950e+00
6.42298500e+00	5.31197100e+00	8.22164700e+00
6.43296400e+00	5.28001050e+00	8.19687600e+00
6.44294300e+00	5.35520550e+00	8.25503700e+00
6.45292200e+00	5.22192750e+00	8.15166600e+00
6.46290100e+00	5.23812300e+00	8.16429750e+00
6.47287900e+00	5.38532850e+00	8.27822100e+00
6.48285800e+00	5.29196100e+00	8.20614600e+00
6.49283700e+00	5.14222950e+00	8.08922100e+00
6.50281600e+00	5.53197150e+00	8.39017350e+00
6.51279500e+00	5.27621250e+00	8.19392700e+00
6.52277400e+00	5.24911350e+00	8.17285800e+00
6.53275300e+00	5.16074400e+00	8.10377100e+00
6.54273100e+00	5.39819100e+00	8.28810150e+00
6.55271000e+00	5.18272500e+00	8.12101050e+00
6.56268900e+00	5.29402950e+00	8.20775100e+00
6.57266800e+00	5.28156000e+00	8.19807900e+00
6.58264700e+00	5.31321300e+00	8.22260850e+00
6.59262600e+00	5.42393700e+00	8.30784300e+00
6.60260400e+00	5.34854550e+00	8.24990250e+00
6.61258300e+00	5.43561150e+00	8.31678000e+00
6.62256200e+00	5.34337800e+00	8.24591700e+00
6.63254100e+00	5.38498650e+00	8.27795850e+00
6.64252000e+00	5.24824050e+00	8.17217850e+00
6.65249900e+00	5.28400050e+00	8.19997200e+00
6.66247800e+00	5.40846900e+00	8.29598850e+00
6.67245600e+00	5.38748850e+00	8.27988150e+00
6.68243500e+00	5.41191300e+00	8.29863000e+00
6.69241400e+00	5.55407250e+00	8.40691650e+00
6.70239300e+00	5.47609200e+00	8.34769050e+00
6.71237200e+00	5.40965700e+00	8.29689900e+00
6.72235100e+00	5.47473450e+00	8.34665550e+00
6.73233000e+00	5.45395950e+00	8.33080350e+00
6.74230800e+00	5.31474900e+00	8.22379650e+00
6.75228700e+00	5.32464600e+00	8.23144950e+00
6.76226600e+00	5.41935000e+00	8.30432850e+00
6.77224500e+00	5.27787300e+00	8.19521700e+00
6.78222400e+00	5.32098600e+00	8.22862050e+00
6.79220300e+00	5.40410550e+00	8.29264200e+00
6.80218200e+00	5.28781200e+00	8.20293000e+00
6.81216000e+00	5.39602050e+00	8.28643650e+00
6.82213900e+00	5.51960850e+00	8.38079250e+00
6.83211800e+00	5.55740850e+00	8.40944100e+00
6.84209700e+00	5.54577000e+00	8.40063000e+00
6.85207600e+00	5.38614600e+00	8.27884950e+00
6.86205500e+00	5.70660300e+00	8.52157350e+00
6.87203400e+00	5.29309650e+00	8.20702800e+00
6.88201200e+00	5.36718450e+00	8.26426500e+00
6.89199100e+00	5.62229550e+00	8.45839200e+00
6.90197000e+00	5.47698450e+00	8.34837150e+00
6.91194900e+00	5.48194500e+00	8.35215150e+00
6.92192800e+00	5.45692050e+00	8.33306550e+00
6.93190700e+00	5.63492400e+00	8.46788700e+00
6.94188600e+00	5.53767750e+00	8.39449950e+00
6.95186400e+00	5.45263350e+00	8.32979100e+00
6.96184300e+00	5.42847000e+00	8.31131400e+00
6.97182200e+00	5.49094650e+00	8.35900500e+00
6.98180100e+00	5.58535800e+00	8.43056100e+00
6.99178000e+00	5.38097400e+00	8.27487450e+00
7.00175900e+00	5.50194750e+00	8.36737350e+00
7.01173700e+00	5.65438950e+00	8.48250000e+00
7.02171600e+00	5.63964600e+00	8.47143300e+00
7.03169500e+00	5.45232150e+00	8.32955400e+00
7.04167400e+00	5.59495950e+00	8.43780450e+00
7.05165300e+00	5.67855750e+00	8.50060800e+00
7.06163200e+00	5.81818950e+00	8.60448600e+00
7.07161100e+00	5.55381900e+00	8.40672450e+00
7.08158900e+00	5.54604150e+00	8.40083700e+00
7.09156800e+00	5.64549300e+00	8.47582350e+00
7.10154700e+00	5.56823250e+00	8.41762650e+00
7.11152600e+00	5.58372450e+00	8.42932800e+00
7.12150500e+00	5.51805450e+00	8.37961350e+00
7.13148400e+00	5.56185300e+00	8.41280400e+00
7.14146300e+00	5.58402900e+00	8.42955900e+00
7.15144100e+00	5.62655550e+00	8.46159600e+00
7.16142000e+00	5.56243800e+00	8.41324500e+00
7.17139900e+00	5.55257100e+00	8.40578100e+00
7.18137800e+00	5.62936200e+00	8.46370650e+00
7.19135700e+00	5.64810900e+00	8.47778700e+00
7.20133600e+00	5.69269950e+00	8.51118600e+00
7.21131500e+00	5.63183400e+00	8.46556350e+00
7.22129300e+00	5.63493000e+00	8.46789150e+00
7.23127200e+00	5.74797600e+00	8.55240900e+00
7.24125100e+00	5.61979200e+00	8.45650950e+00
7.25123000e+00	5.48869350e+00	8.35729050e+00
7.26120900e+00	5.55481200e+00	8.40747600e+00
7.27118800e+00	5.33463600e+00	8.23916850e+00
7.28116700e+00	5.58553950e+00	8.43069900e+00
7.29114500e+00	5.62252650e+00	8.45856600e+00
7.30112400e+00	5.83515300e+00	8.61702000e+00
7.31110300e+00	5.70661500e+00	8.52158250e+00
7.32108200e+00	5.72956800e+00	8.53870350e+00
7.33106100e+00	5.88978750e+00	8.65726650e+00
7.34104000e+00	5.68278600e+00	8.50377300e+00
7.35101900e+00	5.80953750e+00	8.59808550e+00
7.36099700e+00	5.72521650e+00	8.53546050e+00
7.37097600e+00	5.68887750e+00	8.50832850e+00
7.38095500e+00	5.74216950e+00	8.54808900e+00
7.39093400e+00	5.72135550e+00	1.12129515e-01
7.40091300e+00	5.92080750e+00	1.13892720e-01
7.41089200e+00	5.81095650e+00	1.12043115e-01
7.42087000e+00	5.89841550e+00	1.16194185e-01
7.43084900e+00	5.78746200e+00	1.10362140e-01
7.44082800e+00	5.74187700e+00	1.13097810e-01
7.45080700e+00	5.95579200e+00	1.13488050e-01
7.46078600e+00	5.77862250e+00	8.57517750e+00
7.47076500e+00	5.63341650e+00	8.46675300e+00
7.48074400e+00	5.71359150e+00	1.13136165e-01
7.49072200e+00	5.91861000e+00	1.12891680e-01
7.50070100e+00	5.98211850e+00	1.14585270e-01
7.51068000e+00	5.76025350e+00	1.13553480e-01
7.52065900e+00	5.72139000e+00	8.53260750e+00
7.53063800e+00	5.76798150e+00	8.56727850e+00
7.54061700e+00	5.90592750e+00	8.66912100e+00
7.55059600e+00	6.02698950e+00	8.75752200e+00
7.56057400e+00	6.02780550e+00	8.75811450e+00
7.57055300e+00	5.78571750e+00	8.58044100e+00
7.58053200e+00	5.86166700e+00	8.63657550e+00
7.59051100e+00	5.69781600e+00	8.51500950e+00
7.60049000e+00	5.85713400e+00	8.63323500e+00
7.61046900e+00	5.90128800e+00	8.66571450e+00
7.62044800e+00	5.76679950e+00	8.56640100e+00
7.63042600e+00	5.88648150e+00	8.65483650e+00
7.64040500e+00	6.06210600e+00	8.78299800e+00
7.65038400e+00	5.67518700e+00	1.11553695e-01
7.66036300e+00	5.98466400e+00	8.72671650e+00
7.67034200e+00	6.00090000e+00	8.73854550e+00
7.68032100e+00	5.63525400e+00	1.09256100e-01
7.69030000e+00	5.87381850e+00	1.12107510e-01
7.70027800e+00	6.03055350e+00	1.12294650e-01
7.71025700e+00	5.99425950e+00	1.12906680e-01
7.72023600e+00	6.15882600e+00	8.85278550e+00
7.73021500e+00	5.87141550e+00	8.64375450e+00
7.74019400e+00	5.85420900e+00	1.11532320e-01
7.75017300e+00	5.87414400e+00	1.12268310e-01
7.76015100e+00	5.89042800e+00	1.13986740e-01
7.77013000e+00	5.98816200e+00	1.18093065e-01
7.78010900e+00	6.09237000e+00	1.14959460e-01
7.79008800e+00	5.92728600e+00	1.15811550e-01
7.80006700e+00	5.92576200e+00	1.12592310e-01
7.81004600e+00	5.96275500e+00	1.14613725e-01
7.82002500e+00	5.86260600e+00	1.14960195e-01
7.83000300e+00	6.05768850e+00	1.16901075e-01
7.83998200e+00	6.08524650e+00	8.79974550e+00
7.84996100e+00	6.12122250e+00	8.82571800e+00
7.85994000e+00	5.94739050e+00	1.13787540e-01
7.86991900e+00	6.05623500e+00	1.14953820e-01
7.87989800e+00	6.10850100e+00	1.16503770e-01
7.88987700e+00	5.78719350e+00	1.11900495e-01
7.89985500e+00	6.36699450e+00	9.00115500e+00
7.90983400e+00	6.05707050e+00	8.77934850e+00
7.91981300e+00	5.83125450e+00	1.12925280e-01
7.92979200e+00	6.07990500e+00	1.17960525e-01
7.93977100e+00	5.93467650e+00	1.14765825e-01
7.94975000e+00	5.93469600e+00	1.14015240e-01
7.95972900e+00	5.89028850e+00	8.65763400e+00
7.96970700e+00	6.29217600e+00	8.94811200e+00
7.97968600e+00	6.00136800e+00	8.73888600e+00
7.98966500e+00	6.04443300e+00	1.14910260e-01
7.99964400e+00	5.98971600e+00	1.15655655e-01
8.00962300e+00	6.05904600e+00	1.16345820e-01
8.01960200e+00	6.15710250e+00	1.15936830e-01
8.02958100e+00	6.36925800e+00	1.20139650e-01
8.03955900e+00	6.02652900e+00	1.13163450e-01
8.04953800e+00	6.19947450e+00	1.16779980e-01
8.05951700e+00	6.02981850e+00	1.14296730e-01
8.06949600e+00	5.95983900e+00	1.14049905e-01
8.07947500e+00	6.05517450e+00	1.13474100e-01
8.08945400e+00	5.99898600e+00	1.15270005e-01
8.09943300e+00	6.02627850e+00	1.15533600e-01
8.10941100e+00	6.14563050e+00	1.16797095e-01
8.11939000e+00	6.18361350e+00	1.15388265e-01
8.12936900e+00	6.06464400e+00	8.78483550e+00
8.13934800e+00	5.93091600e+00	8.68744050e+00
8.14932700e+00	6.12217350e+00	1.13325915e-01
8.15930600e+00	5.85107250e+00	1.16194620e-01
8.16928400e+00	6.36809850e+00	1.18071675e-01
8.17926300e+00	6.31460400e+00	1.19743875e-01
8.18924200e+00	6.07879500e+00	1.14370305e-01
8.19922100e+00	6.31184100e+00	1.19622900e-01
8.20920000e+00	6.31485600e+00	1.17484020e-01
8.21917900e+00	6.12139500e+00	1.17741690e-01
8.22915800e+00	6.16739100e+00	1.17595215e-01
8.23913600e+00	6.25810950e+00	1.18617120e-01
8.24911500e+00	6.42895350e+00	1.20128850e-01
8.25909400e+00	6.30674850e+00	1.18458120e-01
8.26907300e+00	6.27610050e+00	1.17454935e-01
8.27905200e+00	6.15084750e+00	1.14733365e-01
8.28903100e+00	6.21770400e+00	8.89500150e+00
8.29901000e+00	6.20628750e+00	8.88683100e+00
8.30898800e+00	6.18331800e+00	1.17600420e-01
8.31896700e+00	6.37476450e+00	1.18360785e-01
8.32894600e+00	6.19356450e+00	1.14386955e-01
8.33892500e+00	6.40520250e+00	1.19833290e-01
8.34890400e+00	6.27079800e+00	1.17200955e-01
8.35888300e+00	6.11525250e+00	1.15298430e-01
8.36886200e+00	6.24099750e+00	1.17722070e-01
8.37884000e+00	6.14285400e+00	8.84130000e+00
8.38881900e+00	6.23497650e+00	8.90734800e+00
8.39879800e+00	6.39536400e+00	9.02118450e+00
8.40877700e+00	6.33010500e+00	8.97504000e+00
8.41875600e+00	6.33492150e+00	8.97845400e+00
8.42873500e+00	6.45785850e+00	9.06515550e+00
8.43871400e+00	6.43369500e+00	9.04818000e+00
8.44869200e+00	6.38589900e+00	1.16624445e-01
8.45867100e+00	6.37807950e+00	1.20010965e-01
8.46865000e+00	6.26746200e+00	1.19180370e-01
8.47862900e+00	6.41372850e+00	9.03412800e+00
8.48860800e+00	6.15028800e+00	8.84664750e+00
8.49858700e+00	6.28309950e+00	8.94165450e+00
8.50856600e+00	6.69413100e+00	9.22949850e+00
8.51854400e+00	6.20994900e+00	8.88945150e+00
8.52852300e+00	6.27174750e+00	8.93357400e+00
8.53850200e+00	6.46561650e+00	9.07059900e+00
8.54848100e+00	6.39272550e+00	9.01932450e+00
8.55846000e+00	6.39664650e+00	9.02208900e+00
8.56843900e+00	6.37036800e+00	9.00353850e+00
8.57841700e+00	6.35147700e+00	1.18392675e-01
8.58839600e+00	6.52036650e+00	1.21667190e-01
8.59837500e+00	6.37491600e+00	9.00675150e+00
8.60835400e+00	6.25679700e+00	8.92291950e+00
8.61833300e+00	6.50591100e+00	1.18671900e-01
8.62831200e+00	6.28104750e+00	1.18165125e-01
8.63829100e+00	6.56230200e+00	1.20326160e-01
8.64826900e+00	6.46232250e+00	1.19323035e-01
8.65824800e+00	6.53446200e+00	1.19401035e-01
8.66822700e+00	6.47222100e+00	1.23547110e-01
8.67820600e+00	6.28692150e+00	1.17350115e-01
8.68818500e+00	6.45108300e+00	1.20169620e-01
8.69816400e+00	6.53721900e+00	1.21454310e-01
8.70814300e+00	6.38038950e+00	1.18952085e-01
8.71812100e+00	6.40288650e+00	1.18970190e-01
8.72810000e+00	6.31992000e+00	1.19791260e-01
8.73807900e+00	6.62599350e+00	9.18240600e+00
8.74805800e+00	6.45401850e+00	9.06246000e+00
8.75803700e+00	6.71266950e+00	1.21305870e-01
8.76801600e+00	6.44769450e+00	1.19706210e-01
8.77799500e+00	6.50964600e+00	1.20538530e-01
8.78797300e+00	6.45500400e+00	1.22312685e-01
8.79795200e+00	6.72021000e+00	1.19296485e-01
8.80793100e+00	6.59615100e+00	9.16170450e+00
8.81791000e+00	6.62067000e+00	9.17871600e+00
8.82788900e+00	6.46500000e+00	9.07016550e+00
8.83786800e+00	6.56580900e+00	9.14060850e+00
8.84784700e+00	6.51418350e+00	1.24399575e-01
8.85782500e+00	6.50318850e+00	9.09691500e+00
8.86780400e+00	6.31559700e+00	8.96475000e+00
8.87778300e+00	6.36701100e+00	9.00116550e+00
8.88776200e+00	6.59988600e+00	9.16429800e+00
8.89774100e+00	6.73486800e+00	1.19872890e-01
8.90772000e+00	6.35585100e+00	1.20703515e-01
8.91769900e+00	6.54434850e+00	1.21388895e-01
8.92767700e+00	6.71510400e+00	1.24133595e-01
8.93765600e+00	6.53403450e+00	1.21867605e-01
8.94763500e+00	6.59738250e+00	9.16255950e+00
8.95761400e+00	6.33774300e+00	8.98045350e+00
8.96759300e+00	6.64422750e+00	1.21345575e-01
8.97757200e+00	6.66197550e+00	1.22224995e-01
8.98755000e+00	6.69189000e+00	1.22083020e-01
8.99752900e+00	6.58357650e+00	1.22053440e-01
9.00750800e+00	6.64799550e+00	1.23488235e-01
9.01748700e+00	6.84438600e+00	1.23789675e-01
9.02746600e+00	6.59697150e+00	1.20533115e-01
9.03744500e+00	6.72485850e+00	1.21868460e-01
9.04742400e+00	6.57790950e+00	1.21273365e-01
9.05740200e+00	6.63109350e+00	9.18593850e+00
9.06738100e+00	6.69171750e+00	9.22783350e+00
9.07736000e+00	6.87678750e+00	1.23758265e-01
9.08733900e+00	6.63588150e+00	1.21774290e-01
9.09731800e+00	6.76210950e+00	1.22763825e-01
9.10729700e+00	6.81027600e+00	1.26776640e-01
9.11727600e+00	6.82120500e+00	1.23510855e-01
9.12725400e+00	6.75315600e+00	1.21770090e-01
9.13723300e+00	6.73361550e+00	1.24257285e-01
9.14721200e+00	6.67396800e+00	1.23126930e-01
9.15719100e+00	6.63860850e+00	1.23272595e-01
9.16717000e+00	6.69363900e+00	1.25853330e-01
9.17714900e+00	6.85767600e+00	1.22524185e-01
9.18712800e+00	6.86801850e+00	1.22443455e-01
9.19710600e+00	6.87065850e+00	9.35039850e+00
9.20708500e+00	6.71477400e+00	9.24371850e+00
9.21706400e+00	6.61397550e+00	9.17407500e+00
9.22704300e+00	6.82684050e+00	1.23862335e-01
9.23702200e+00	6.82816950e+00	1.22021280e-01
9.24700100e+00	6.69123750e+00	1.22082825e-01
9.25698000e+00	6.54531600e+00	1.21375800e-01
9.26695800e+00	6.99825300e+00	1.26400335e-01
9.27693700e+00	6.58488750e+00	1.20006150e-01
9.28691600e+00	6.66769200e+00	9.21125400e+00
9.29689500e+00	6.74737950e+00	9.26613300e+00
9.30687400e+00	6.92353650e+00	9.38631150e+00
9.31685300e+00	6.85805250e+00	9.34181700e+00
9.32683200e+00	6.90366450e+00	1.24563375e-01
9.33681000e+00	6.80755050e+00	1.23567645e-01
9.34678900e+00	6.66809850e+00	1.20871875e-01
9.35676800e+00	6.93166350e+00	1.25336895e-01
9.36674700e+00	6.70694100e+00	1.22486820e-01
9.37672600e+00	7.01225850e+00	1.26276405e-01
9.38670500e+00	6.93870750e+00	9.39658950e+00
9.39668300e+00	6.93666000e+00	9.39520350e+00
9.40666200e+00	6.94796100e+00	1.23322680e-01
9.41664100e+00	6.77928300e+00	1.21822965e-01
9.42662000e+00	7.01944950e+00	1.30994445e-01
9.43659900e+00	7.00388850e+00	1.25510145e-01
9.44657800e+00	7.08151350e+00	1.24008585e-01
9.45655700e+00	7.18621500e+00	1.26319815e-01
9.46653500e+00	7.11843150e+00	1.24470540e-01
9.47651400e+00	7.05019200e+00	1.26006360e-01
9.48649300e+00	6.93050550e+00	1.23986865e-01
9.49647200e+00	7.00160550e+00	1.23255210e-01
9.50645100e+00	6.77235300e+00	1.25094210e-01
9.51643000e+00	7.09583550e+00	1.26580185e-01
9.52640900e+00	6.99603300e+00	1.24680660e-01
9.53638700e+00	7.13158650e+00	1.28981430e-01
9.54636600e+00	7.12070100e+00	1.25038620e-01
9.55634500e+00	7.01715450e+00	1.24413255e-01
9.56632400e+00	7.26100800e+00	1.29747135e-01
9.57630300e+00	7.05973500e+00	1.28426715e-01
9.58628200e+00	7.14924600e+00	1.25573415e-01
9.59626100e+00	6.85075800e+00	9.33684750e+00
9.60623900e+00	6.94470450e+00	9.40064850e+00
9.61621800e+00	7.10790600e+00	9.51046650e+00
9.62619700e+00	7.04010300e+00	1.24515930e-01
9.63617600e+00	6.94306500e+00	1.29063360e-01
9.64615500e+00	7.18060500e+00	1.26052920e-01
9.65613400e+00	6.89823600e+00	1.23498615e-01
9.66611300e+00	7.03128450e+00	1.26448635e-01
9.67609100e+00	6.85992750e+00	1.19620020e-01
9.68607000e+00	6.99542700e+00	1.25070870e-01
9.69604900e+00	7.01816700e+00	1.25811465e-01
9.70602800e+00	7.30833150e+00	1.27065450e-01
9.71600700e+00	7.28084550e+00	1.27411935e-01
9.72598600e+00	6.99540300e+00	1.27265265e-01
9.73596400e+00	7.00159500e+00	9.43907550e+00
9.74594300e+00	7.10694600e+00	9.50982450e+00
9.75592200e+00	7.22516700e+00	9.58859400e+00
9.76590100e+00	7.39332900e+00	1.26897900e-01
9.77588000e+00	6.89722050e+00	9.36845550e+00
9.78585900e+00	7.20939300e+00	9.57812100e+00
9.79583800e+00	7.18752300e+00	1.27122150e-01
9.80581600e+00	7.00111350e+00	1.28762625e-01
9.81579500e+00	6.97017750e+00	1.25981535e-01
9.82577400e+00	7.21202700e+00	1.26394740e-01
9.83575300e+00	7.17254700e+00	1.26157200e-01
9.84573200e+00	7.26921150e+00	1.27088355e-01
9.85571100e+00	7.24919250e+00	1.27149480e-01
9.86569000e+00	7.15041450e+00	1.26618645e-01
9.87566800e+00	7.17945450e+00	1.28964675e-01
9.88564700e+00	7.17194100e+00	1.25047965e-01
9.89562600e+00	7.31268750e+00	1.28358225e-01
9.90560500e+00	7.24631250e+00	1.29041400e-01
9.91558400e+00	7.37398800e+00	1.26796485e-01
9.92556300e+00	7.32264600e+00	1.28205195e-01
9.93554200e+00	7.16301150e+00	1.26828750e-01
9.94552000e+00	7.34320200e+00	1.25782695e-01
9.95549900e+00	7.07076150e+00	1.25590740e-01
9.96547800e+00	7.49266200e+00	1.32049845e-01
9.97545700e+00	7.36964100e+00	9.68398650e+00
9.98543600e+00	7.33871850e+00	9.66364800e+00
9.99541500e+00	7.22950950e+00	9.59147550e+00
1.00053900e+01	7.39514550e+00	1.28488605e-01
1.00153700e+01	7.39738800e+00	9.70219950e+00
1.00253500e+01	7.25001600e+00	9.60506850e+00
1.00353300e+01	7.54289400e+00	9.79715550e+00
1.00453100e+01	7.47769500e+00	9.75472050e+00
1.00552900e+01	7.60780500e+00	9.83922000e+00
1.00652700e+01	7.73696400e+00	1.34156010e-01
1.00752500e+01	7.37765700e+00	1.34631675e-01
1.00852200e+01	7.52241600e+00	1.37380905e-01
1.00952000e+01	7.34232900e+00	9.66602550e+00
1.01051800e+01	7.55087250e+00	1.42939755e-01
1.01151600e+01	7.39972650e+00	1.44573570e-01
1.01251400e+01	7.42561800e+00	9.72069450e+00
1.01351200e+01	7.62334500e+00	9.84926400e+00
1.01451000e+01	7.52032650e+00	1.47434520e-01
1.01550800e+01	7.29899550e+00	1.50980100e-01
1.01650600e+01	7.61334750e+00	1.51223250e-01
1.01750300e+01	7.45173150e+00	1.50335850e-01
1.01850100e+01	7.49907900e+00	1.54100250e-01
1.01949900e+01	7.48381800e+00	1.55849100e-01
