
SAXS 
     1000         0         0         0         0         0         0         0 
  0.000000E+00   3.499999E+02   0.000000E+00   0.000000E+00   1.340000E-01 
  0.000000E+00   0.000000E+00   0.000000E+00   0.000000E+00   0.000000E+00 
  2.261171E-01   2.851188E+01   4.819388E+00 
  2.360959E-01   3.584351E+01   4.480439E+00 
  2.460748E-01   2.800274E+01   2.504641E+00 
  2.560536E-01   2.843355E+01   2.213549E+00 
  2.660325E-01   2.839909E+01   1.978658E+00 
  2.760113E-01   2.519588E+01   1.629786E+00 
  2.859902E-01   2.383767E+01   1.440087E+00 
  2.959690E-01   2.497294E+01   1.354348E+00 
  3.059479E-01   2.462675E+01   1.242255E+00 
  3.159268E-01   2.501630E+01   1.243745E+00 
  3.259056E-01   2.564462E+01   1.229565E+00 
  3.358845E-01   2.383050E+01   1.137938E+00 
  3.458633E-01   2.234688E+01   1.111799E+00 
  3.558422E-01   2.384105E+01   1.105459E+00 
  3.658210E-01   2.179122E+01   1.053319E+00 
  3.757999E-01   2.239245E+01   1.044553E+00 
  3.857787E-01   2.124228E+01   9.829756E-01 
  3.957576E-01   2.176213E+01   9.974656E-01 
  4.057364E-01   2.293813E+01   9.917019E-01 
  4.157153E-01   2.268306E+01   1.005844E+00 
  4.256941E-01   2.040200E+01   1.352109E+01 
  4.356730E-01   2.034318E+01   1.350158E+01 
  4.456519E-01   2.364414E+01   1.455583E+01 
  4.556307E-01   2.168914E+01   9.096076E-01 
  4.656096E-01   2.170107E+01   1.394491E+01 
  4.755884E-01   2.104526E+01   1.373259E+01 
  4.855673E-01   1.955100E+01   1.323609E+01 
  4.955461E-01   1.873317E+01   1.295630E+01 
  5.055250E-01   2.082004E+01   8.538540E-01 
  5.155038E-01   2.085314E+01   8.515525E-01 
  5.254827E-01   2.089718E+01   8.502942E-01 
  5.354615E-01   2.043352E+01   8.328079E-01 
  5.454404E-01   1.875359E+01   7.966773E-01 
  5.554192E-01   2.054208E+01   8.151877E-01 
  5.653981E-01   1.963153E+01   8.211514E-01 
  5.753769E-01   1.920647E+01   7.854109E-01 
  5.853558E-01   1.993136E+01   8.103251E-01 
  5.953347E-01   1.843749E+01   7.709101E-01 
  6.053135E-01   1.903032E+01   7.655116E-01 
  6.152924E-01   1.883746E+01   7.848944E-01 
  6.252712E-01   1.860627E+01   7.608668E-01 
  6.352501E-01   1.863000E+01   7.574173E-01 
  6.452289E-01   1.732436E+01   7.271184E-01 
  6.552078E-01   1.731839E+01   7.193798E-01 
  6.651866E-01   1.799117E+01   7.540690E-01 
  6.751655E-01   1.862457E+01   7.385122E-01 
  6.851443E-01   1.707979E+01   7.166522E-01 
  6.951232E-01   1.720715E+01   6.986700E-01 
  7.051020E-01   1.680532E+01   7.026656E-01 
  7.150809E-01   1.625759E+01   6.878936E-01 
  7.250597E-01   1.684418E+01   1.228571E+01 
  7.350386E-01   1.689111E+01   1.230281E+01 
  7.450175E-01   1.671445E+01   1.223831E+01 
  7.549963E-01   1.501370E+01   6.505839E-01 
  7.649752E-01   1.678378E+01   6.794883E-01 
  7.749540E-01   1.706911E+01   6.810665E-01 
  7.849329E-01   1.574282E+01   6.548149E-01 
  7.949117E-01   1.612438E+01   6.472786E-01 
  8.048906E-01   1.638092E+01   6.692390E-01 
  8.148694E-01   1.509064E+01   6.260651E-01 
  8.248483E-01   1.467926E+01   6.167104E-01 
  8.348271E-01   1.531920E+01   6.309169E-01 
  8.448060E-01   1.485018E+01   6.139793E-01 
  8.547848E-01   1.438349E+01   6.069684E-01 
  8.647637E-01   1.532914E+01   6.211681E-01 
  8.747426E-01   1.480877E+01   6.034394E-01 
  8.847214E-01   1.470889E+01   6.076187E-01 
  8.947003E-01   1.337012E+01   5.731757E-01 
  9.046791E-01   1.353435E+01   5.757682E-01 
  9.146580E-01   1.343660E+01   5.630145E-01 
  9.246368E-01   1.368091E+01   5.725283E-01 
  9.346157E-01   1.344132E+01   5.690163E-01 
  9.445945E-01   1.308195E+01   5.527537E-01 
  9.545734E-01   1.485894E+01   5.936170E-01 
  9.645522E-01   1.387915E+01   5.612332E-01 
  9.745311E-01   1.315188E+01   5.518407E-01 
  9.845099E-01   1.297460E+01   1.078257E+01 
  9.944888E-01   1.174970E+01   1.026098E+01 
  1.004468E+00   1.309284E+01   5.445335E-01 
  1.014447E+00   1.289481E+01   1.074936E+01 
  1.024425E+00   1.281450E+01   1.071584E+01 
  1.034404E+00   1.207574E+01   1.040237E+01 
  1.044383E+00   1.301034E+01   5.269633E-01 
  1.054362E+00   1.190888E+01   5.081466E-01 
  1.064341E+00   1.149126E+01   4.953679E-01 
  1.074320E+00   1.138508E+01   4.964129E-01 
  1.084298E+00   1.111064E+01   4.862993E-01 
  1.094277E+00   1.148830E+01   4.898629E-01 
  1.104256E+00   1.115598E+01   4.840733E-01 
  1.114235E+00   1.050586E+01   9.702664E+00 
  1.124214E+00   1.035985E+01   9.635006E+00 
  1.134193E+00   1.019715E+01   4.601343E-01 
  1.144172E+00   9.831249E+00   4.409918E-01 
  1.154150E+00   1.023513E+01   4.586472E-01 
  1.164129E+00   9.474634E+00   4.344699E-01 
  1.174108E+00   1.002671E+01   4.448632E-01 
  1.184087E+00   1.024272E+01   4.537512E-01 
  1.194066E+00   1.054448E+01   4.512621E-01 
  1.204045E+00   9.716951E+00   4.409695E-01 
  1.214024E+00   1.014671E+01   4.413447E-01 
  1.224002E+00   9.704439E+00   4.301417E-01 
  1.233981E+00   9.788908E+00   4.302826E-01 
  1.243960E+00   9.071458E+00   4.159819E-01 
  1.253939E+00   9.499299E+00   4.273937E-01 
  1.263918E+00   9.200079E+00   4.114401E-01 
  1.273897E+00   9.712313E+00   4.271471E-01 
  1.283876E+00   9.306800E+00   9.132201E+00 
  1.293854E+00   8.628309E+00   8.793021E+00 
  1.303833E+00   8.173067E+00   3.907205E-01 
  1.313812E+00   8.002929E+00   3.761931E-01 
  1.323791E+00   8.250564E+00   3.876453E-01 
  1.333770E+00   8.589717E+00   3.896375E-01 
  1.343749E+00   8.397209E+00   3.895956E-01 
  1.353728E+00   8.689010E+00   3.943200E-01 
  1.363706E+00   8.169304E+00   3.742193E-01 
  1.373685E+00   8.427113E+00   3.860290E-01 
  1.383664E+00   8.085629E+00   3.749135E-01 
  1.393643E+00   7.614156E+00   3.625788E-01 
  1.403622E+00   8.136687E+00   3.777362E-01 
  1.413601E+00   8.037940E+00   8.486872E+00 
  1.423579E+00   7.493000E+00   8.194135E+00 
  1.433558E+00   6.980758E+00   3.422598E-01 
  1.443537E+00   7.399512E+00   3.543724E-01 
  1.453516E+00   7.092790E+00   3.422198E-01 
  1.463495E+00   6.806978E+00   3.345447E-01 
  1.473474E+00   7.013447E+00   3.442266E-01 
  1.483453E+00   6.877473E+00   3.318310E-01 
  1.493431E+00   7.453595E+00   3.513658E-01 
  1.503410E+00   7.065183E+00   3.381437E-01 
  1.513389E+00   6.749668E+00   3.299161E-01 
  1.523368E+00   5.904988E+00   3.114105E-01 
  1.533347E+00   6.467817E+00   3.153869E-01 
  1.543326E+00   6.243708E+00   7.479913E+00 
  1.553305E+00   6.010536E+00   7.338915E+00 
  1.563283E+00   6.667394E+00   3.233703E-01 
  1.573262E+00   6.054213E+00   3.118078E-01 
  1.583241E+00   6.180124E+00   3.062920E-01 
  1.593220E+00   5.447965E+00   2.909732E-01 
  1.603199E+00   6.431473E+00   3.149506E-01 
  1.613178E+00   6.235662E+00   3.098525E-01 
  1.623157E+00   5.321757E+00   2.846388E-01 
  1.633135E+00   5.987697E+00   2.974868E-01 
  1.643114E+00   5.653887E+00   2.935352E-01 
  1.653093E+00   6.198435E+00   3.033350E-01 
  1.663072E+00   5.400462E+00   2.842348E-01 
  1.673051E+00   5.140949E+00   2.769560E-01 
  1.683030E+00   5.249952E+00   2.747951E-01 
  1.693009E+00   5.156276E+00   2.789989E-01 
  1.702987E+00   5.301005E+00   2.774673E-01 
  1.712966E+00   5.253935E+00   2.769067E-01 
  1.722945E+00   5.159731E+00   2.730819E-01 
  1.732924E+00   5.077830E+00   2.687473E-01 
  1.742903E+00   4.942935E+00   2.672833E-01 
  1.752882E+00   4.759594E+00   2.577464E-01 
  1.762861E+00   4.846042E+00   2.635900E-01 
  1.772839E+00   5.001875E+00   2.645199E-01 
  1.782818E+00   5.314435E+00   2.740271E-01 
  1.792797E+00   4.722510E+00   2.587451E-01 
  1.802776E+00   4.983457E+00   2.618811E-01 
  1.812755E+00   4.960190E+00   2.615848E-01 
  1.822734E+00   4.446341E+00   2.462600E-01 
  1.832712E+00   4.751477E+00   6.525136E+00 
  1.842691E+00   4.639221E+00   6.447596E+00 
  1.852670E+00   4.534747E+00   6.374583E+00 
  1.862649E+00   4.865635E+00   6.603056E+00 
  1.872628E+00   4.387096E+00   2.418684E-01 
  1.882607E+00   5.167573E+00   2.631725E-01 
  1.892586E+00   4.791768E+00   2.551109E-01 
  1.902564E+00   4.093815E+00   6.056746E+00 
  1.912543E+00   4.358486E+00   6.249468E+00 
  1.922522E+00   4.362876E+00   2.387260E-01 
  1.932501E+00   4.317868E+00   2.369738E-01 
  1.942480E+00   3.969511E+00   2.280425E-01 
  1.952459E+00   4.528534E+00   2.394876E-01 
  1.962438E+00   3.971001E+00   2.277525E-01 
  1.972416E+00   4.365227E+00   2.363903E-01 
  1.982395E+00   3.836697E+00   2.222539E-01 
  1.992374E+00   3.968938E+00   2.257409E-01 
  2.002353E+00   3.694025E+00   2.148264E-01 
  2.012332E+00   3.965125E+00   2.245956E-01 
  2.022311E+00   4.018220E+00   2.225486E-01 
  2.032290E+00   4.207716E+00   2.300432E-01 
  2.042268E+00   3.820491E+00   2.181600E-01 
  2.052247E+00   4.110449E+00   2.250211E-01 
  2.062226E+00   3.754083E+00   2.165400E-01 
  2.072205E+00   3.715842E+00   2.130330E-01 
  2.082184E+00   3.879791E+00   2.177185E-01 
  2.092163E+00   4.075124E+00   2.231278E-01 
  2.102142E+00   3.699109E+00   2.125082E-01 
  2.112120E+00   3.235131E+00   1.981501E-01 
  2.122099E+00   3.515603E+00   2.042986E-01 
  2.132078E+00   3.764529E+00   2.128921E-01 
  2.142057E+00   3.663736E+00   5.729772E+00 
  2.152036E+00   3.714048E+00   5.768980E+00 
  2.162015E+00   3.824267E+00   2.142656E-01 
  2.171994E+00   3.626192E+00   5.700338E+00 
  2.181972E+00   3.304103E+00   5.441292E+00 
  2.191951E+00   3.709004E+00   5.765061E+00 
  2.201930E+00   3.751865E+00   5.798276E+00 
  2.211909E+00   3.677572E+00   2.071680E-01 
  2.221888E+00   3.550193E+00   2.011319E-01 
  2.231867E+00   3.644321E+00   2.050091E-01 
  2.241845E+00   3.411282E+00   1.972397E-01 
  2.251824E+00   3.205592E+00   1.925634E-01 
  2.261803E+00   3.491103E+00   1.992478E-01 
  2.271782E+00   3.424897E+00   1.961090E-01 
  2.281761E+00   3.240490E+00   1.922468E-01 
  2.291740E+00   3.265348E+00   1.902578E-01 
  2.301719E+00   3.862639E+00   2.073573E-01 
  2.311697E+00   3.420216E+00   1.949857E-01 
  2.321676E+00   3.497309E+00   1.977802E-01 
  2.331655E+00   3.460141E+00   1.958919E-01 
  2.341634E+00   3.597322E+00   1.972623E-01 
  2.351613E+00   3.271326E+00   1.899623E-01 
  2.361592E+00   3.623739E+00   1.994069E-01 
  2.371571E+00   3.313008E+00   1.904656E-01 
  2.381549E+00   3.588743E+00   1.985916E-01 
  2.391528E+00   3.500211E+00   1.919372E-01 
  2.401507E+00   3.653781E+00   1.991642E-01 
  2.411486E+00   3.169615E+00   1.845421E-01 
  2.421465E+00   3.170772E+00   1.833705E-01 
  2.431444E+00   3.130447E+00   1.827081E-01 
  2.441423E+00   3.378450E+00   1.885313E-01 
  2.451401E+00   3.203997E+00   1.858387E-01 
  2.461380E+00   3.226747E+00   1.833611E-01 
  2.471359E+00   3.164906E+00   1.831660E-01 
  2.481338E+00   3.144167E+00   1.815286E-01 
  2.491317E+00   3.531098E+00   1.902292E-01 
  2.501296E+00   3.344421E+00   1.869235E-01 
  2.511275E+00   3.185633E+00   1.809318E-01 
  2.521253E+00   3.447449E+00   5.558072E+00 
  2.531232E+00   3.545744E+00   5.636752E+00 
  2.541211E+00   3.444434E+00   1.883132E-01 
  2.551190E+00   3.606907E+00   1.923690E-01 
  2.561169E+00   3.488662E+00   1.864768E-01 
  2.571148E+00   3.292791E+00   1.832158E-01 
  2.581127E+00   3.152939E+00   1.783400E-01 
  2.591105E+00   3.456481E+00   1.858216E-01 
  2.601084E+00   3.382983E+00   1.845568E-01 
  2.611063E+00   3.154071E+00   1.765607E-01 
  2.621042E+00   3.097932E+00   1.757919E-01 
  2.631021E+00   3.003646E+00   1.734156E-01 
  2.641000E+00   3.359590E+00   1.820494E-01 
  2.650978E+00   3.125523E+00   1.751164E-01 
  2.660957E+00   3.283375E+00   1.794424E-01 
  2.670936E+00   3.447245E+00   1.840517E-01 
  2.680915E+00   3.279585E+00   1.778465E-01 
  2.690894E+00   3.117841E+00   1.771305E-01 
  2.700873E+00   3.238289E+00   1.772432E-01 
  2.710852E+00   3.274093E+00   5.416525E+00 
  2.720830E+00   3.135331E+00   5.300501E+00 
  2.730809E+00   3.407392E+00   5.525688E+00 
  2.740788E+00   3.150233E+00   1.745778E-01 
  2.750767E+00   3.527275E+00   5.622053E+00 
  2.760746E+00   3.529757E+00   5.624031E+00 
  2.770725E+00   3.438988E+00   1.814723E-01 
  2.780704E+00   3.427305E+00   1.779368E-01 
  2.790682E+00   3.489926E+00   1.816486E-01 
  2.800661E+00   3.308776E+00   1.761084E-01 
  2.810640E+00   3.612094E+00   1.828772E-01 
  2.820619E+00   3.202474E+00   1.740474E-01 
  2.830598E+00   3.451260E+00   1.774853E-01 
  2.840577E+00   3.010032E+00   1.678572E-01 
  2.850556E+00   3.469257E+00   1.780722E-01 
  2.860534E+00   3.442720E+00   1.770177E-01 
  2.870513E+00   2.941385E+00   5.133945E+00 
  2.880492E+00   3.304772E+00   5.441843E+00 
  2.890471E+00   3.386657E+00   5.508849E+00 
  2.900450E+00   3.343131E+00   5.473334E+00 
  2.910429E+00   3.609695E+00   5.687357E+00 
  2.920408E+00   3.069997E+00   1.659771E-01 
  2.930386E+00   3.395606E+00   1.747528E-01 
  2.940365E+00   2.807324E+00   1.586487E-01 
  2.950344E+00   3.094303E+00   1.646650E-01 
  2.960323E+00   3.383225E+00   1.743467E-01 
  2.970302E+00   3.218818E+00   1.690466E-01 
  2.980281E+00   3.402126E+00   1.735867E-01 
  2.990260E+00   3.355866E+00   1.733415E-01 
  3.000238E+00   3.328571E+00   1.690785E-01 
  3.010217E+00   3.207051E+00   1.691013E-01 
  3.020196E+00   3.279336E+00   1.684643E-01 
  3.030175E+00   3.181459E+00   1.663699E-01 
  3.040154E+00   3.107839E+00   5.277212E+00 
  3.050133E+00   3.285936E+00   5.426313E+00 
  3.060111E+00   3.630259E+00   1.792328E-01 
  3.070090E+00   3.344387E+00   5.474362E+00 
  3.080069E+00   3.237645E+00   5.386292E+00 
  3.090048E+00   3.139754E+00   1.646399E-01 
  3.100027E+00   3.481119E+00   1.717776E-01 
  3.110006E+00   3.431862E+00   1.715672E-01 
  3.119985E+00   3.150840E+00   1.619159E-01 
  3.129963E+00   3.455734E+00   1.711512E-01 
  3.139942E+00   3.184971E+00   1.635749E-01 
  3.149921E+00   3.302963E+00   1.664682E-01 
  3.159900E+00   3.390694E+00   1.699084E-01 
  3.169879E+00   3.486060E+00   5.589110E+00 
  3.179858E+00   3.385595E+00   5.507985E+00 
  3.189837E+00   3.367769E+00   1.669995E-01 
  3.199815E+00   3.346379E+00   1.657598E-01 
  3.209794E+00   3.398151E+00   1.681182E-01 
  3.219773E+00   3.400786E+00   1.656102E-01 
  3.229752E+00   3.420514E+00   1.692904E-01 
  3.239731E+00   3.441755E+00   1.670361E-01 
  3.249710E+00   3.590880E+00   1.711885E-01 
  3.259689E+00   3.228182E+00   1.617004E-01 
  3.269667E+00   3.094115E+00   1.576907E-01 
  3.279646E+00   3.402346E+00   1.670146E-01 
  3.289625E+00   3.342638E+00   1.631660E-01 
  3.299604E+00   3.302220E+00   1.626887E-01 
  3.309583E+00   3.300362E+00   1.628580E-01 
  3.319562E+00   3.469447E+00   1.664314E-01 
  3.329541E+00   3.133499E+00   1.586464E-01 
  3.339519E+00   3.280460E+00   1.598799E-01 
  3.349498E+00   3.312809E+00   1.627057E-01 
  3.359477E+00   3.257925E+00   5.403134E+00 
  3.369456E+00   3.330098E+00   5.462655E+00 
  3.379435E+00   3.288867E+00   5.428732E+00 
  3.389414E+00   3.364152E+00   5.490515E+00 
  3.399392E+00   3.174891E+00   1.583015E-01 
  3.409371E+00   3.615601E+00   1.681111E-01 
  3.419350E+00   3.324548E+00   5.458101E+00 
  3.429329E+00   3.130127E+00   5.296101E+00 
  3.439308E+00   3.541017E+00   5.632994E+00 
  3.449287E+00   3.364395E+00   1.615555E-01 
  3.459266E+00   3.405890E+00   1.606121E-01 
  3.469244E+00   3.848621E+00   1.709974E-01 
  3.479223E+00   3.762799E+00   5.806719E+00 
  3.489202E+00   3.120223E+00   5.287716E+00 
  3.499181E+00   3.235405E+00   5.384428E+00 
  3.509160E+00   3.437131E+00   5.549749E+00 
  3.519139E+00   3.230731E+00   1.560392E-01 
  3.529118E+00   3.134056E+00   1.534532E-01 
  3.539096E+00   3.536198E+00   1.633208E-01 
  3.549075E+00   3.026853E+00   1.515093E-01 
  3.559054E+00   3.386036E+00   1.577034E-01 
  3.569033E+00   3.649219E+00   1.659490E-01 
  3.579012E+00   3.294766E+00   1.560117E-01 
  3.588991E+00   3.393186E+00   1.593060E-01 
  3.598970E+00   3.319715E+00   1.565057E-01 
  3.608948E+00   3.054542E+00   1.503843E-01 
  3.618927E+00   3.246457E+00   1.556124E-01 
  3.628906E+00   3.326058E+00   1.549100E-01 
  3.638885E+00   3.391550E+00   1.575029E-01 
  3.648864E+00   3.178028E+00   1.518520E-01 
  3.658843E+00   3.348615E+00   1.566963E-01 
  3.668822E+00   3.257430E+00   5.402724E+00 
  3.678800E+00   3.388995E+00   5.510750E+00 
  3.688779E+00   3.274900E+00   1.550501E-01 
  3.698758E+00   3.389796E+00   1.552600E-01 
  3.708737E+00   3.124002E+00   1.504568E-01 
  3.718716E+00   3.201752E+00   1.519070E-01 
  3.728695E+00   3.129556E+00   1.492498E-01 
  3.738674E+00   3.500252E+00   1.593396E-01 
  3.748652E+00   3.216617E+00   1.506120E-01 
  3.758631E+00   3.258501E+00   5.403612E+00 
  3.768610E+00   3.425233E+00   5.540134E+00 
  3.778589E+00   3.406404E+00   5.524887E+00 
  3.788568E+00   3.446270E+00   1.575888E-01 
  3.798547E+00   3.404719E+00   1.534093E-01 
  3.808525E+00   3.455134E+00   5.564264E+00 
  3.818504E+00   3.205370E+00   5.359378E+00 
  3.828483E+00   3.320300E+00   1.527386E-01 
  3.838462E+00   3.257485E+00   5.402770E+00 
  3.848441E+00   3.479658E+00   5.583976E+00 
  3.858420E+00   3.318792E+00   1.520079E-01 
  3.868399E+00   3.455457E+00   1.539183E-01 
  3.878377E+00   3.222323E+00   1.493223E-01 
  3.888356E+00   3.278570E+00   1.500774E-01 
  3.898335E+00   3.425654E+00   1.531142E-01 
  3.908314E+00   3.468502E+00   1.555836E-01 
  3.918293E+00   3.333716E+00   1.499060E-01 
  3.928272E+00   3.112079E+00   1.457365E-01 
  3.938251E+00   3.395771E+00   1.507283E-01 
  3.948229E+00   3.724702E+00   1.585338E-01 
  3.958208E+00   3.473706E+00   1.541025E-01 
  3.968187E+00   3.456531E+00   1.525263E-01 
  3.978166E+00   3.456531E+00   1.527042E-01 
  3.988145E+00   3.570946E+00   5.656749E+00 
  3.998124E+00   3.365397E+00   5.491531E+00 
  4.008103E+00   3.026111E+00   1.413823E-01 
  4.018081E+00   3.077635E+00   1.433210E-01 
  4.028060E+00   3.140995E+00   1.450377E-01 
  4.038039E+00   3.184041E+00   1.448608E-01 
  4.048018E+00   3.250059E+00   1.468227E-01 
  4.057997E+00   3.397070E+00   5.517311E+00 
  4.067976E+00   3.310767E+00   5.446776E+00 
  4.077955E+00   3.267849E+00   5.411358E+00 
  4.087933E+00   3.489554E+00   5.591911E+00 
  4.097912E+00   3.336469E+00   1.488130E-01 
  4.107891E+00   3.293347E+00   1.453255E-01 
  4.117870E+00   3.452960E+00   1.506822E-01 
  4.127849E+00   3.376863E+00   1.480056E-01 
  4.137828E+00   3.369496E+00   1.472589E-01 
  4.147807E+00   3.515776E+00   1.523936E-01 
  4.157785E+00   3.031742E+00   1.387149E-01 
  4.167764E+00   3.219182E+00   1.445103E-01 
  4.177743E+00   3.507980E+00   5.606655E+00 
  4.187722E+00   3.271007E+00   5.413972E+00 
  4.197701E+00   3.266259E+00   5.410041E+00 
  4.207680E+00   3.569206E+00   1.501416E-01 
  4.217658E+00   3.481500E+00   1.496647E-01 
  4.227637E+00   3.431131E+00   1.468818E-01 
  4.237616E+00   3.223892E+00   1.429859E-01 
  4.247595E+00   3.498468E+00   1.486357E-01 
  4.257574E+00   3.311437E+00   1.443690E-01 
  4.267553E+00   3.260113E+00   5.404949E+00 
  4.277532E+00   3.322966E+00   5.456802E+00 
  4.287510E+00   3.230715E+00   5.380524E+00 
  4.297489E+00   3.364042E+00   5.490425E+00 
  4.307468E+00   3.221958E+00   5.373227E+00 
  4.317447E+00   3.115743E+00   1.393403E-01 
  4.327426E+00   3.181266E+00   1.406205E-01 
  4.337405E+00   3.335747E+00   1.437233E-01 
  4.347384E+00   3.254727E+00   1.410783E-01 
  4.357362E+00   3.399899E+00   1.456196E-01 
  4.367341E+00   3.096584E+00   1.382949E-01 
  4.377320E+00   3.370176E+00   1.440825E-01 
  4.387299E+00   3.475027E+00   1.461231E-01 
  4.397278E+00   3.429501E+00   1.435603E-01 
  4.407257E+00   2.996813E+00   1.359214E-01 
  4.417236E+00   3.125860E+00   1.366686E-01 
  4.427214E+00   3.400977E+00   1.442749E-01 
  4.437193E+00   3.361991E+00   1.426211E-01 
  4.447172E+00   3.479858E+00   1.454290E-01 
  4.457151E+00   3.137820E+00   5.302605E+00 
  4.467130E+00   3.271845E+00   5.414665E+00 
  4.477109E+00   3.218155E+00   1.397139E-01 
  4.487088E+00   3.073324E+00   1.354847E-01 
  4.497066E+00   3.216177E+00   1.382589E-01 
  4.507045E+00   3.365941E+00   1.429329E-01 
  4.517024E+00   3.468840E+00   1.423138E-01 
  4.527003E+00   3.406097E+00   1.432803E-01 
  4.536982E+00   3.194544E+00   5.350319E+00 
  4.546961E+00   3.269685E+00   5.412878E+00 
  4.556940E+00   3.331699E+00   5.463968E+00 
  4.566918E+00   3.316230E+00   1.396385E-01 
  4.576897E+00   3.292767E+00   1.399057E-01 
  4.586876E+00   3.493931E+00   1.423358E-01 
  4.596855E+00   3.356512E+00   1.405981E-01 
  4.606834E+00   3.475944E+00   1.416030E-01 
  4.616813E+00   3.248097E+00   1.384842E-01 
  4.626791E+00   3.527179E+00   1.435046E-01 
  4.636770E+00   3.411100E+00   1.399449E-01 
  4.646749E+00   3.410614E+00   1.410115E-01 
  4.656728E+00   3.346847E+00   1.386502E-01 
  4.666707E+00   3.311302E+00   1.384911E-01 
  4.676686E+00   3.169548E+00   1.342306E-01 
  4.686665E+00   3.240143E+00   1.363669E-01 
  4.696643E+00   3.410274E+00   1.411713E-01 
  4.706622E+00   3.414324E+00   5.531305E+00 
  4.716601E+00   3.368805E+00   5.494311E+00 
  4.726580E+00   3.284652E+00   1.406268E-01 
  4.736559E+00   3.304747E+00   1.427273E-01 
  4.746538E+00   3.437674E+00   1.455857E-01 
  4.756517E+00   3.285042E+00   1.420088E-01 
  4.766495E+00   3.391328E+00   1.472931E-01 
  4.776474E+00   3.506594E+00   1.484138E-01 
  4.786453E+00   3.203037E+00   1.426746E-01 
  4.796432E+00   3.333750E+00   1.454464E-01 
  4.806411E+00   3.420378E+00   1.480142E-01 
  4.816390E+00   3.432295E+00   5.545843E+00 
  4.826369E+00   3.245118E+00   5.392504E+00 
  4.836347E+00   3.398235E+00   5.518258E+00 
  4.846326E+00   3.232640E+00   5.382127E+00 
  4.856305E+00   3.249066E+00   1.471264E-01 
  4.866284E+00   3.161668E+00   1.435282E-01 
  4.876263E+00   3.270556E+00   1.466688E-01 
  4.886242E+00   3.373837E+00   1.539041E-01 
  4.896221E+00   3.398857E+00   1.540674E-01 
  4.906199E+00   3.302209E+00   1.542078E-01 
  4.916178E+00   3.314668E+00   1.538596E-01 
  4.926157E+00   3.335599E+00   1.558418E-01 
  4.936136E+00   3.639934E+00   1.654310E-01 
  4.946115E+00   3.422761E+00   1.585564E-01 
  4.956094E+00   3.361458E+00   1.592266E-01 
  4.966073E+00   2.931969E+00   1.482760E-01 
  4.976051E+00   3.395219E+00   1.610861E-01 
  4.986030E+00   3.608755E+00   1.660639E-01 
  4.996009E+00   3.288186E+00   1.582390E-01 
  5.005988E+00   3.219627E+00   1.591769E-01 
  5.015967E+00   3.483914E+00   1.653392E-01 
  5.025946E+00   3.584351E+00   1.682219E-01 
  5.035924E+00   3.329649E+00   1.604429E-01 
  5.045903E+00   3.425225E+00   1.661005E-01 
  5.055882E+00   3.391816E+00   1.650016E-01 
  5.065861E+00   3.327638E+00   1.636701E-01 
  5.075840E+00   3.398108E+00   1.666060E-01 
  5.085819E+00   3.365341E+00   5.491485E+00 
  5.095798E+00   3.281274E+00   5.422462E+00 
  5.105776E+00   3.148496E+00   5.311618E+00 
  5.115755E+00   3.298381E+00   5.436579E+00 
  5.125734E+00   3.348615E+00   5.477822E+00 
  5.135713E+00   3.381937E+00   5.505009E+00 
  5.145692E+00   3.118679E+00   5.286407E+00 
  5.155671E+00   3.423225E+00   5.538510E+00 
  5.165650E+00   3.465066E+00   5.572256E+00 
  5.175628E+00   3.510877E+00   5.608970E+00 
  5.185607E+00   3.551637E+00   5.641434E+00 
  5.195586E+00   3.528170E+00   5.622766E+00 
  5.205565E+00   3.367761E+00   5.493459E+00 
  5.215544E+00   3.495388E+00   5.596583E+00 
  5.225523E+00   3.433863E+00   5.547109E+00 
  5.235502E+00   3.430897E+00   5.544713E+00 
  5.245480E+00   3.738246E+00   5.787742E+00 
  5.255459E+00   3.575891E+00   5.660664E+00 
  5.265438E+00   3.532285E+00   5.626044E+00 
  5.275417E+00   3.376183E+00   5.500324E+00 
  5.285396E+00   3.681036E+00   5.743284E+00 
  5.295375E+00   3.373106E+00   5.497817E+00 
  5.305354E+00   3.411048E+00   5.528651E+00 
  5.315332E+00   3.425046E+00   5.539984E+00 
  5.325311E+00   3.447554E+00   5.558157E+00 
  5.335290E+00   3.668705E+00   5.733656E+00 
  5.345269E+00   3.050426E+00   5.228240E+00 
  5.355248E+00   3.354125E+00   5.482327E+00 
  5.365227E+00   3.825011E+00   5.854524E+00 
  5.375205E+00   3.806837E+00   5.840599E+00 
  5.385184E+00   3.409999E+00   5.527801E+00 
  5.395163E+00   3.545067E+00   5.636214E+00 
  5.405142E+00   3.521687E+00   5.617598E+00 
  5.415121E+00   3.671295E+00   5.735680E+00 
  5.425100E+00   3.506875E+00   5.605772E+00 
  5.435079E+00   3.506121E+00   5.605169E+00 
  5.445057E+00   3.139264E+00   5.303825E+00 
  5.455036E+00   3.501096E+00   5.601151E+00 
  5.465015E+00   3.299599E+00   5.437582E+00 
  5.474994E+00   3.844894E+00   5.869721E+00 
  5.484973E+00   3.661890E+00   5.728328E+00 
  5.494952E+00   3.609846E+00   5.687477E+00 
  5.504931E+00   3.545873E+00   5.636855E+00 
  5.514909E+00   3.520024E+00   5.616271E+00 
  5.524888E+00   3.509176E+00   5.607610E+00 
  5.534867E+00   3.417462E+00   5.533847E+00 
  5.544846E+00   3.677471E+00   5.740502E+00 
  5.554825E+00   3.834838E+00   5.862040E+00 
  5.564804E+00   3.493300E+00   5.594912E+00 
  5.574783E+00   3.890040E+00   5.904081E+00 
  5.584761E+00   3.581285E+00   5.664932E+00 
  5.594740E+00   3.563249E+00   5.650649E+00 
  5.604719E+00   3.692736E+00   5.752404E+00 
  5.614698E+00   3.176541E+00   5.335222E+00 
  5.624677E+00   3.780999E+00   5.820744E+00 
  5.634656E+00   3.928461E+00   5.933166E+00 
  5.644635E+00   3.794924E+00   5.831453E+00 
  5.654613E+00   3.632829E+00   5.705553E+00 
  5.664592E+00   3.568914E+00   5.655140E+00 
  5.674571E+00   3.494053E+00   5.595515E+00 
  5.684550E+00   3.511330E+00   5.609332E+00 
  5.694529E+00   3.664711E+00   5.730534E+00 
  5.704508E+00   3.697721E+00   5.756285E+00 
  5.714487E+00   3.842559E+00   5.867938E+00 
  5.724465E+00   3.680670E+00   5.742999E+00 
  5.734444E+00   3.747135E+00   5.794620E+00 
  5.744423E+00   3.480012E+00   5.584260E+00 
  5.754402E+00   3.515606E+00   5.612745E+00 
  5.764381E+00   3.529442E+00   5.623779E+00 
  5.774360E+00   3.893127E+00   5.906423E+00 
  5.784338E+00   3.778554E+00   5.818862E+00 
  5.794317E+00   3.444412E+00   5.555623E+00 
  5.804296E+00   3.509806E+00   5.608114E+00 
  5.814275E+00   3.527656E+00   5.622357E+00 
  5.824254E+00   3.528841E+00   5.623301E+00 
  5.834233E+00   3.863793E+00   5.884129E+00 
  5.844212E+00   3.656294E+00   5.723950E+00 
  5.854190E+00   3.595064E+00   5.675820E+00 
  5.864169E+00   3.490611E+00   5.592758E+00 
  5.874148E+00   3.841729E+00   5.867305E+00 
  5.884127E+00   3.803606E+00   5.838120E+00 
  5.894106E+00   3.902214E+00   5.913312E+00 
  5.904085E+00   3.828385E+00   5.857106E+00 
  5.914064E+00   3.964607E+00   5.960399E+00 
  5.924042E+00   3.821112E+00   5.851540E+00 
  5.934021E+00   4.072691E+00   6.041099E+00 
  5.944000E+00   3.558907E+00   5.647206E+00 
  5.953979E+00   3.840605E+00   5.866446E+00 
  5.963958E+00   3.742152E+00   5.790766E+00 
  5.973937E+00   3.835721E+00   5.862715E+00 
  5.983916E+00   3.694439E+00   5.753731E+00 
  5.993894E+00   3.426311E+00   5.541006E+00 
  6.003873E+00   3.848050E+00   5.872129E+00 
  6.013852E+00   3.394719E+00   5.515402E+00 
  6.023831E+00   3.581107E+00   5.664791E+00 
  6.033810E+00   3.819098E+00   5.849998E+00 
  6.043789E+00   3.470159E+00   5.576349E+00 
  6.053768E+00   4.064083E+00   6.034712E+00 
  6.063746E+00   4.202011E+00   6.136262E+00 
  6.073725E+00   4.119759E+00   6.075908E+00 
  6.083704E+00   3.749020E+00   5.796077E+00 
  6.093683E+00   3.782586E+00   5.821966E+00 
  6.103662E+00   3.681488E+00   5.743636E+00 
  6.113641E+00   3.916473E+00   5.924106E+00 
  6.123620E+00   3.948310E+00   5.948136E+00 
  6.133598E+00   3.653889E+00   5.722067E+00 
  6.143577E+00   3.782017E+00   5.821528E+00 
  6.153556E+00   3.676051E+00   5.739394E+00 
  6.163535E+00   3.657827E+00   5.725150E+00 
  6.173514E+00   4.118745E+00   6.075160E+00 
  6.183493E+00   3.909173E+00   5.918582E+00 
  6.193471E+00   3.891016E+00   5.904821E+00 
  6.203450E+00   3.802254E+00   5.837083E+00 
  6.213429E+00   3.582713E+00   5.666061E+00 
  6.223408E+00   3.962502E+00   5.958816E+00 
  6.233387E+00   3.831040E+00   5.859137E+00 
  6.243366E+00   3.942138E+00   5.943485E+00 
  6.253345E+00   3.945365E+00   5.945917E+00 
  6.263323E+00   3.535823E+00   5.628861E+00 
  6.273302E+00   3.650728E+00   5.719591E+00 
  6.283281E+00   3.861731E+00   5.882559E+00 
  6.293260E+00   4.045655E+00   6.021015E+00 
  6.303239E+00   3.952651E+00   5.951405E+00 
  6.313218E+00   4.059269E+00   6.031137E+00 
  6.323197E+00   3.858680E+00   5.880235E+00 
  6.333175E+00   4.077533E+00   6.044690E+00 
  6.343154E+00   3.911814E+00   5.920582E+00 
  6.353133E+00   3.872991E+00   5.891128E+00 
  6.363112E+00   4.039250E+00   6.016247E+00 
  6.373091E+00   4.020692E+00   6.002410E+00 
  6.383070E+00   3.840376E+00   5.866271E+00 
  6.393049E+00   3.853999E+00   5.876667E+00 
  6.403027E+00   4.023786E+00   6.004719E+00 
  6.413006E+00   4.098473E+00   6.060191E+00 
  6.422985E+00   3.875288E+00   5.892876E+00 
  6.432964E+00   4.035618E+00   6.013541E+00 
  6.442943E+00   3.939452E+00   5.941460E+00 
  6.452922E+00   3.892279E+00   5.905780E+00 
  6.462901E+00   3.916718E+00   5.924291E+00 
  6.472879E+00   4.041471E+00   6.017901E+00 
  6.482858E+00   3.901784E+00   5.912986E+00 
  6.492837E+00   3.489147E+00   5.591584E+00 
  6.502816E+00   4.021623E+00   6.003105E+00 
  6.512795E+00   4.248120E+00   6.169836E+00 
  6.522774E+00   4.129581E+00   6.083146E+00 
  6.532753E+00   3.977634E+00   5.970183E+00 
  6.542731E+00   3.976540E+00   5.969362E+00 
  6.552710E+00   3.838703E+00   5.864993E+00 
  6.562689E+00   3.721311E+00   5.774618E+00 
  6.572668E+00   3.727335E+00   5.779290E+00 
  6.582647E+00   4.149421E+00   6.097742E+00 
  6.592626E+00   4.304509E+00   6.210651E+00 
  6.602604E+00   3.940138E+00   5.941977E+00 
  6.612583E+00   3.686291E+00   5.747382E+00 
  6.622562E+00   3.929572E+00   5.934005E+00 
  6.632541E+00   3.766918E+00   5.809896E+00 
  6.642520E+00   4.364127E+00   6.253512E+00 
  6.652499E+00   4.127333E+00   6.081491E+00 
  6.662478E+00   4.022915E+00   6.004069E+00 
  6.672456E+00   4.136699E+00   6.088387E+00 
  6.682435E+00   3.990707E+00   5.979986E+00 
  6.692414E+00   4.169517E+00   6.112490E+00 
  6.702393E+00   4.282427E+00   6.194699E+00 
  6.712372E+00   4.042814E+00   6.018900E+00 
  6.722351E+00   3.969214E+00   5.963861E+00 
  6.732330E+00   4.301882E+00   6.208755E+00 
  6.742308E+00   3.864170E+00   5.884416E+00 
  6.752287E+00   4.130013E+00   6.083465E+00 
  6.762266E+00   3.875869E+00   5.893317E+00 
  6.772245E+00   4.287003E+00   6.198008E+00 
  6.782224E+00   4.163489E+00   6.108070E+00 
  6.792203E+00   4.419826E+00   6.293291E+00 
  6.802182E+00   3.988875E+00   5.978614E+00 
  6.812160E+00   4.518019E+00   6.362815E+00 
  6.822139E+00   4.400750E+00   6.279696E+00 
  6.832118E+00   3.928123E+00   5.932910E+00 
  6.842097E+00   4.216303E+00   6.146688E+00 
  6.852076E+00   4.107276E+00   6.066695E+00 
  6.862055E+00   4.127879E+00   6.081893E+00 
  6.872034E+00   3.962934E+00   5.959141E+00 
  6.882012E+00   4.142170E+00   6.092411E+00 
  6.891991E+00   4.106455E+00   6.066089E+00 
  6.901970E+00   4.392046E+00   6.273483E+00 
  6.911949E+00   4.209340E+00   6.141610E+00 
  6.921928E+00   4.151413E+00   6.099205E+00 
  6.931907E+00   4.314970E+00   6.218192E+00 
  6.941886E+00   4.349641E+00   6.243124E+00 
  6.951864E+00   4.303173E+00   6.209686E+00 
  6.961843E+00   3.949871E+00   5.949312E+00 
  6.971822E+00   4.226679E+00   6.154247E+00 
  6.981801E+00   4.177456E+00   6.118307E+00 
  6.991780E+00   4.160234E+00   6.105682E+00 
  7.001759E+00   4.519328E+00   6.363737E+00 
  7.011737E+00   4.346683E+00   6.241001E+00 
  7.021716E+00   4.366420E+00   6.255154E+00 
  7.031695E+00   3.942144E+00   5.943490E+00 
  7.041674E+00   4.210571E+00   6.142509E+00 
  7.051653E+00   3.703204E+00   5.760552E+00 
  7.061632E+00   4.394981E+00   6.275578E+00 
  7.071611E+00   4.350128E+00   6.243473E+00 
  7.081589E+00   3.905456E+00   5.915768E+00 
  7.091568E+00   4.166247E+00   6.110092E+00 
  7.101547E+00   4.644017E+00   6.450927E+00 
  7.111526E+00   4.292332E+00   6.201859E+00 
  7.121505E+00   3.992695E+00   5.981475E+00 
  7.131484E+00   4.295151E+00   6.203896E+00 
  7.141463E+00   4.470820E+00   6.329492E+00 
  7.151441E+00   4.298681E+00   6.206445E+00 
  7.161420E+00   4.168479E+00   6.111729E+00 
  7.171399E+00   4.389696E+00   6.271804E+00 
  7.181378E+00   4.122631E+00   6.078025E+00 
  7.191357E+00   4.354463E+00   6.246584E+00 
  7.201336E+00   4.133362E+00   6.085931E+00 
  7.211315E+00   4.147011E+00   6.095970E+00 
  7.221293E+00   4.078581E+00   6.045466E+00 
  7.231272E+00   4.345047E+00   6.239826E+00 
  7.241251E+00   4.132004E+00   6.084931E+00 
  7.251230E+00   4.269501E+00   6.185344E+00 
  7.261209E+00   4.152371E+00   6.099909E+00 
  7.271188E+00   4.115021E+00   6.072413E+00 
  7.281167E+00   4.321839E+00   6.223140E+00 
  7.291145E+00   4.234799E+00   6.160155E+00 
  7.301124E+00   4.486760E+00   6.340766E+00 
  7.311103E+00   4.257803E+00   6.176864E+00 
  7.321082E+00   4.322666E+00   6.223735E+00 
  7.331061E+00   4.385540E+00   6.268835E+00 
  7.341040E+00   4.293463E+00   6.202676E+00 
  7.351019E+00   4.204296E+00   6.137929E+00 
  7.360997E+00   4.425295E+00   6.297184E+00 
  7.370976E+00   4.384318E+00   6.267961E+00 
  7.380955E+00   4.028157E+00   6.007980E+00 
  7.390934E+00   4.220984E+00   1.810060E-01 
  7.400913E+00   4.054836E+00   1.771363E-01 
  7.410892E+00   4.458133E+00   1.852544E-01 
  7.420870E+00   4.244297E+00   1.822140E-01 
  7.430849E+00   4.312705E+00   1.805507E-01 
  7.440828E+00   4.386443E+00   1.853611E-01 
  7.450807E+00   4.316539E+00   1.819010E-01 
  7.460786E+00   4.330694E+00   6.229512E+00 
  7.470765E+00   4.458509E+00   6.320771E+00 
  7.480744E+00   4.571527E+00   1.888091E-01 
  7.490722E+00   4.243649E+00   1.813325E-01 
  7.500701E+00   4.052410E+00   1.767471E-01 
  7.510680E+00   4.380188E+00   1.841765E-01 
  7.520659E+00   4.496591E+00   6.347708E+00 
  7.530638E+00   4.332525E+00   6.230829E+00 
  7.540617E+00   4.603879E+00   6.422990E+00 
  7.550596E+00   3.936859E+00   5.939504E+00 
  7.560574E+00   4.352426E+00   6.245123E+00 
  7.570553E+00   4.436319E+00   6.305022E+00 
  7.580532E+00   4.306778E+00   6.212287E+00 
  7.590511E+00   4.627557E+00   6.439486E+00 
  7.600490E+00   4.209565E+00   6.141775E+00 
  7.610469E+00   4.246054E+00   6.168336E+00 
  7.620448E+00   4.274971E+00   6.189305E+00 
  7.630426E+00   4.550935E+00   6.385951E+00 
  7.640405E+00   4.343536E+00   6.238742E+00 
  7.650384E+00   4.258331E+00   1.807883E-01 
  7.660363E+00   4.482766E+00   6.337943E+00 
  7.670342E+00   4.502448E+00   6.351841E+00 
  7.680321E+00   4.355313E+00   1.840980E-01 
  7.690300E+00   4.473383E+00   1.873496E-01 
  7.700278E+00   4.669775E+00   1.893468E-01 
  7.710257E+00   4.385705E+00   1.845799E-01 
  7.720236E+00   4.498470E+00   6.349034E+00 
  7.730215E+00   4.771274E+00   6.538716E+00 
  7.740194E+00   4.629914E+00   1.883885E-01 
  7.750173E+00   4.903034E+00   1.944852E-01 
  7.760151E+00   4.518435E+00   1.891635E-01 
  7.770130E+00   4.571460E+00   1.894735E-01 
  7.780109E+00   4.590915E+00   1.877866E-01 
  7.790088E+00   4.416321E+00   1.858684E-01 
  7.800067E+00   4.453760E+00   1.870205E-01 
  7.810046E+00   4.552968E+00   1.884742E-01 
  7.820025E+00   4.653750E+00   1.902169E-01 
  7.830003E+00   4.758910E+00   1.924367E-01 
  7.839982E+00   4.297756E+00   6.205777E+00 
  7.849961E+00   4.571592E+00   6.400428E+00 
  7.859940E+00   4.411509E+00   1.869955E-01 
  7.869919E+00   4.976032E+00   1.962172E-01 
  7.879898E+00   4.281308E+00   1.826086E-01 
  7.889877E+00   4.594515E+00   1.901224E-01 
  7.899855E+00   4.339937E+00   6.236156E+00 
  7.909834E+00   4.581036E+00   6.407035E+00 
  7.919813E+00   4.662120E+00   1.895233E-01 
  7.929792E+00   4.463917E+00   1.875197E-01 
  7.939771E+00   4.204236E+00   1.816699E-01 
  7.949750E+00   4.149479E+00   1.800516E-01 
  7.959729E+00   4.375741E+00   6.261827E+00 
  7.969707E+00   4.778610E+00   6.543740E+00 
  7.979686E+00   4.692526E+00   6.484531E+00 
  7.989665E+00   4.729526E+00   1.925118E-01 
  7.999644E+00   4.526134E+00   1.873439E-01 
  8.009623E+00   4.580180E+00   1.904905E-01 
  8.019602E+00   4.376206E+00   1.845793E-01 
  8.029581E+00   4.430132E+00   1.866878E-01 
  8.039559E+00   4.721723E+00   1.914722E-01 
  8.049538E+00   4.764030E+00   1.929595E-01 
  8.059517E+00   4.575430E+00   1.903128E-01 
  8.069496E+00   4.660906E+00   1.908989E-01 
  8.079475E+00   4.785341E+00   1.927193E-01 
  8.089454E+00   4.391936E+00   1.863333E-01 
  8.099433E+00   4.413566E+00   1.863409E-01 
  8.109411E+00   4.431618E+00   1.868435E-01 
  8.119390E+00   4.643788E+00   1.902485E-01 
  8.129369E+00   4.757298E+00   6.529132E+00 
  8.139348E+00   4.891770E+00   6.620767E+00 
  8.149327E+00   4.478886E+00   1.865296E-01 
  8.159306E+00   4.676830E+00   1.929937E-01 
  8.169284E+00   4.506175E+00   1.875035E-01 
  8.179263E+00   4.515779E+00   1.883210E-01 
  8.189242E+00   4.475755E+00   1.870294E-01 
  8.199221E+00   4.654259E+00   1.923180E-01 
  8.209200E+00   4.685906E+00   1.913715E-01 
  8.219179E+00   4.456178E+00   1.868651E-01 
  8.229158E+00   4.638295E+00   1.909361E-01 
  8.239136E+00   4.737481E+00   1.935682E-01 
  8.249115E+00   4.751603E+00   1.924562E-01 
  8.259094E+00   4.936343E+00   1.969815E-01 
  8.269073E+00   4.569423E+00   1.889739E-01 
  8.279052E+00   4.726823E+00   1.927020E-01 
  8.289031E+00   5.084631E+00   6.750019E+00 
  8.299010E+00   4.562187E+00   6.393841E+00 
  8.308988E+00   4.669377E+00   1.914065E-01 
  8.318967E+00   4.535907E+00   1.883237E-01 
  8.328946E+00   4.350399E+00   1.851653E-01 
  8.338925E+00   4.979846E+00   1.985213E-01 
  8.348904E+00   4.884496E+00   1.951176E-01 
  8.358883E+00   4.825575E+00   1.955228E-01 
  8.368862E+00   4.999557E+00   1.982266E-01 
  8.378840E+00   4.902173E+00   6.627803E+00 
  8.388819E+00   4.682781E+00   6.477795E+00 
  8.398798E+00   4.638947E+00   6.447405E+00 
  8.408777E+00   4.802778E+00   6.560267E+00 
  8.418756E+00   4.464089E+00   6.324726E+00 
  8.428735E+00   4.912298E+00   6.634644E+00 
  8.438714E+00   4.775424E+00   6.541559E+00 
  8.448692E+00   4.991483E+00   1.976828E-01 
  8.458671E+00   4.711486E+00   1.918474E-01 
  8.468650E+00   4.678152E+00   1.931604E-01 
  8.478629E+00   4.945715E+00   6.657172E+00 
  8.488608E+00   4.743808E+00   6.519868E+00 
  8.498587E+00   4.640426E+00   6.448433E+00 
  8.508566E+00   4.414179E+00   6.289270E+00 
  8.518544E+00   4.802841E+00   6.560310E+00 
  8.528523E+00   4.924930E+00   6.643169E+00 
  8.538502E+00   4.769143E+00   6.537255E+00 
  8.548481E+00   4.899767E+00   6.626176E+00 
  8.558460E+00   4.856475E+00   6.596839E+00 
  8.568439E+00   5.087516E+00   6.751934E+00 
  8.578417E+00   4.492928E+00   1.873484E-01 
  8.588396E+00   4.733424E+00   1.932218E-01 
  8.598375E+00   4.753298E+00   6.526387E+00 
  8.608354E+00   4.881052E+00   6.613509E+00 
  8.618333E+00   4.854714E+00   1.943065E-01 
  8.628312E+00   4.716419E+00   1.939878E-01 
  8.638291E+00   4.652702E+00   1.917829E-01 
  8.648269E+00   4.925360E+00   1.962618E-01 
  8.658248E+00   5.021235E+00   1.987054E-01 
  8.668227E+00   4.607532E+00   1.925563E-01 
  8.678206E+00   4.980180E+00   1.975453E-01 
  8.688185E+00   5.050818E+00   1.985311E-01 
  8.698164E+00   5.084220E+00   2.015833E-01 
  8.708143E+00   4.922990E+00   1.966553E-01 
  8.718121E+00   4.657132E+00   1.917830E-01 
  8.728100E+00   4.681150E+00   1.924459E-01 
  8.738079E+00   4.849878E+00   6.592356E+00 
  8.748058E+00   4.950348E+00   6.660290E+00 
  8.758037E+00   5.253255E+00   2.037799E-01 
  8.768016E+00   5.061002E+00   1.998788E-01 
  8.777995E+00   4.853939E+00   1.952351E-01 
  8.787973E+00   4.759311E+00   1.957319E-01 
  8.797952E+00   4.748081E+00   1.937297E-01 
  8.807931E+00   4.818821E+00   6.571215E+00 
  8.817910E+00   5.055871E+00   6.730902E+00 
  8.827889E+00   4.975772E+00   6.677371E+00 
  8.837868E+00   4.762022E+00   6.532373E+00 
  8.847847E+00   4.879842E+00   1.964551E-01 
  8.857825E+00   4.877358E+00   6.611006E+00 
  8.867804E+00   5.305658E+00   6.895169E+00 
  8.877783E+00   4.821955E+00   6.573351E+00 
  8.887762E+00   4.774890E+00   6.541193E+00 
  8.897741E+00   4.752004E+00   1.929985E-01 
  8.907720E+00   4.850528E+00   1.954333E-01 
  8.917699E+00   4.666926E+00   1.921147E-01 
  8.927677E+00   4.476498E+00   1.878297E-01 
  8.937656E+00   5.265310E+00   2.045556E-01 
  8.947635E+00   5.146599E+00   6.791026E+00 
  8.957614E+00   4.858575E+00   6.598264E+00 
  8.967593E+00   4.884188E+00   1.956808E-01 
  8.977572E+00   4.759967E+00   1.949758E-01 
  8.987550E+00   4.909551E+00   1.969056E-01 
  8.997529E+00   5.274341E+00   2.036137E-01 
  9.007508E+00   4.740696E+00   1.950388E-01 
  9.017487E+00   4.920969E+00   1.974333E-01 
  9.027466E+00   5.080975E+00   1.999577E-01 
  9.037445E+00   5.154473E+00   2.015373E-01 
  9.047424E+00   5.018091E+00   2.017658E-01 
  9.057402E+00   4.632488E+00   6.442915E+00 
  9.067381E+00   5.252269E+00   6.860389E+00 
  9.077360E+00   5.207061E+00   2.041309E-01 
  9.087339E+00   5.288180E+00   2.043489E-01 
  9.097318E+00   4.936758E+00   1.973628E-01 
  9.107297E+00   5.285072E+00   2.059459E-01 
  9.117276E+00   4.994977E+00   1.988469E-01 
  9.127254E+00   5.054975E+00   1.997092E-01 
  9.137233E+00   4.934093E+00   1.989424E-01 
  9.147212E+00   5.149349E+00   2.015775E-01 
  9.157191E+00   5.123662E+00   2.013260E-01 
  9.167170E+00   4.867422E+00   1.965036E-01 
  9.177149E+00   5.083089E+00   2.003514E-01 
  9.187128E+00   5.167335E+00   2.008342E-01 
  9.197106E+00   4.747188E+00   6.522191E+00 
  9.207085E+00   5.198909E+00   6.825451E+00 
  9.217064E+00   5.213460E+00   6.834996E+00 
  9.227043E+00   5.448469E+00   2.087673E-01 
  9.237022E+00   5.016818E+00   1.999255E-01 
  9.247001E+00   5.151332E+00   2.007344E-01 
  9.256980E+00   5.095307E+00   2.013027E-01 
  9.266958E+00   5.371756E+00   2.067405E-01 
  9.276937E+00   4.862004E+00   1.957683E-01 
  9.286916E+00   5.225321E+00   6.842767E+00 
  9.296895E+00   5.141513E+00   6.787670E+00 
  9.306874E+00   5.417365E+00   6.967377E+00 
  9.316853E+00   5.033951E+00   6.716295E+00 
  9.326832E+00   4.811426E+00   1.970837E-01 
  9.336810E+00   5.296420E+00   2.040588E-01 
  9.346789E+00   5.259885E+00   2.037123E-01 
  9.356768E+00   5.035083E+00   2.010431E-01 
  9.366747E+00   5.263621E+00   2.045764E-01 
  9.376726E+00   5.165125E+00   2.018860E-01 
  9.386705E+00   5.271104E+00   6.872679E+00 
  9.396683E+00   5.217363E+00   6.837555E+00 
  9.406662E+00   5.020001E+00   1.999128E-01 
  9.416641E+00   5.308867E+00   2.044050E-01 
  9.426620E+00   5.048249E+00   1.991516E-01 
  9.436599E+00   5.571777E+00   2.102932E-01 
  9.446578E+00   5.308389E+00   2.050810E-01 
  9.456557E+00   5.221647E+00   2.031661E-01 
  9.466535E+00   5.283200E+00   2.044132E-01 
  9.476514E+00   5.459218E+00   2.084156E-01 
  9.486493E+00   5.279523E+00   2.048852E-01 
  9.496472E+00   5.722082E+00   2.120569E-01 
  9.506451E+00   5.467654E+00   2.090610E-01 
  9.516430E+00   5.293908E+00   2.051840E-01 
  9.526409E+00   5.142901E+00   2.007965E-01 
  9.536387E+00   5.300436E+00   2.071747E-01 
  9.546366E+00   5.259988E+00   2.035150E-01 
  9.556345E+00   5.647309E+00   2.102992E-01 
  9.566324E+00   5.305421E+00   2.071229E-01 
  9.576303E+00   5.295497E+00   2.051778E-01 
  9.586282E+00   5.109740E+00   2.003833E-01 
  9.596261E+00   5.027108E+00   6.711729E+00 
  9.606239E+00   5.286677E+00   6.882824E+00 
  9.616218E+00   5.197153E+00   6.824298E+00 
  9.626197E+00   5.658495E+00   2.124073E-01 
  9.636176E+00   5.417000E+00   2.095522E-01 
  9.646155E+00   5.273492E+00   2.029587E-01 
  9.656134E+00   5.059792E+00   2.007032E-01 
  9.666113E+00   5.009106E+00   2.005760E-01 
  9.676091E+00   5.449203E+00   2.052929E-01 
  9.686070E+00   5.236463E+00   2.041386E-01 
  9.696049E+00   5.269124E+00   2.056181E-01 
  9.706028E+00   5.572179E+00   2.088262E-01 
  9.716007E+00   5.519519E+00   2.094336E-01 
  9.725986E+00   5.552858E+00   2.110026E-01 
  9.735964E+00   5.295135E+00   6.888327E+00 
  9.745943E+00   5.304390E+00   6.894345E+00 
  9.755922E+00   5.281367E+00   6.879366E+00 
  9.765901E+00   5.302443E+00   2.044610E-01 
  9.775880E+00   5.750629E+00   7.178487E+00 
  9.785859E+00   5.284048E+00   6.881112E+00 
  9.795838E+00   5.382798E+00   2.054982E-01 
  9.805816E+00   5.813248E+00   2.168639E-01 
  9.815795E+00   5.461943E+00   2.079145E-01 
  9.825774E+00   5.560339E+00   2.099273E-01 
  9.835753E+00   5.446434E+00   2.080793E-01 
  9.845732E+00   5.249319E+00   2.055792E-01 
  9.855711E+00   5.670248E+00   2.110248E-01 
  9.865690E+00   5.530504E+00   2.095489E-01 
  9.875668E+00   5.767046E+00   2.161960E-01 
  9.885647E+00   5.469707E+00   2.061941E-01 
  9.895626E+00   5.256622E+00   2.050616E-01 
  9.905605E+00   5.403584E+00   2.073705E-01 
  9.915584E+00   5.619088E+00   2.086179E-01 
  9.925563E+00   5.219149E+00   2.049007E-01 
  9.935542E+00   5.161337E+00   2.036129E-01 
  9.945520E+00   5.399882E+00   2.051068E-01 
  9.955499E+00   6.085797E+00   2.195223E-01 
  9.965478E+00   5.470341E+00   2.104474E-01 
  9.975457E+00   5.329405E+00   6.910582E+00 
  9.985436E+00   5.427504E+00   6.973894E+00 
  9.995415E+00   5.379735E+00   6.943137E+00 
  1.000539E+01   5.566007E+00   2.096280E-01 
  1.001537E+01   5.476004E+00   7.004984E+00 
  1.002535E+01   5.190410E+00   6.819870E+00 
  1.003533E+01   5.365444E+00   6.933908E+00 
  1.004531E+01   5.595007E+00   7.080690E+00 
  1.005529E+01   5.950983E+00   7.302467E+00 
  1.006527E+01   5.822976E+00   2.155651E-01 
  1.007525E+01   5.891264E+00   2.246346E-01 
  1.008522E+01   5.628945E+00   2.253958E-01 
  1.009520E+01   5.684818E+00   7.137293E+00 
  1.010518E+01   6.040224E+00   2.404346E-01 
  1.011516E+01   5.760013E+00   2.356311E-01 
  1.012514E+01   5.752338E+00   7.179554E+00 
  1.013512E+01   5.326973E+00   6.909005E+00 
  1.014510E+01   5.219064E+00   2.325771E-01 
  1.015508E+01   5.083926E+00   2.339768E-01 
  1.016506E+01   5.383083E+00   2.426584E-01 
  1.017503E+01   5.597539E+00   2.475914E-01 
  1.018501E+01   5.688903E+00   2.546703E-01 
  1.019499E+01   5.520086E+00   2.528640E-01 
<?xml version="1.0" encoding="utf-8"?>
<fileinfo xmlns:xsd="http://www.w3.org/2001/XMLSchema" xmlns:xsi="http://www.w3.org/2001/XMLSchema-instance">
  <parameter key="Exposure">
    <value key="name">Exposure</value>
    <value key="value">0</value>
    <value key="stddev">-1</value>
    <value key="unit">second</value>
    <value key="quantity">Time</value>
  </parameter>
</fileinfo>