

  2.261171E-01   1.756920E+01   1.285247E+00 
  2.360959E-01   1.590503E+01   1.173280E+00 
  2.460748E-01   1.137360E+01   6.142791E-01 
  2.560536E-01   1.089576E+01   4.537009E-01 
  2.660325E-01   1.036020E+01   4.240610E-01 
  2.760113E-01   9.871359E+00   3.536979E-01 
  2.859902E-01   9.521459E+00   3.121864E-01 
  2.959690E-01   7.940217E+00   2.859656E-01 
  3.059479E-01   8.058494E+00   2.611682E-01 
  3.159268E-01   7.429109E+00   2.427510E-01 
  3.259056E-01   6.886390E+00   2.234473E-01 
  3.358845E-01   6.950563E+00   2.243818E-01 
  3.458633E-01   6.594679E+00   2.250628E-01 
  3.558422E-01   5.904497E+00   2.016858E-01 
  3.658210E-01   6.056462E+00   2.014352E-01 
  3.757999E-01   5.900128E+00   1.977526E-01 
  3.857787E-01   5.666768E+00   1.867318E-01 
  3.957576E-01   5.518073E+00   1.768211E-01 
  4.057364E-01   5.427555E+00   1.734346E-01 
  4.157153E-01   5.365280E+00   1.789609E-01 
  4.256941E-01   5.471374E+00   7.248573E+00 
  4.356730E-01   5.011719E+00   6.937415E+00 
  4.456519E-01   4.895233E+00   6.856319E+00 
  4.556307E-01   5.069178E+00   1.609503E-01 
  4.656096E-01   4.858776E+00   6.830740E+00 
  4.755884E-01   4.812298E+00   6.797991E+00 
  4.855673E-01   4.829987E+00   6.810474E+00 
  4.955461E-01   4.735357E+00   6.743427E+00 
  5.055250E-01   4.770572E+00   1.540847E-01 
  5.155038E-01   4.648913E+00   1.458601E-01 
  5.254827E-01   4.736634E+00   1.461208E-01 
  5.354615E-01   4.401393E+00   1.448088E-01 
  5.454404E-01   4.510710E+00   1.398554E-01 
  5.554192E-01   4.372503E+00   1.370080E-01 
  5.653981E-01   4.486017E+00   1.445097E-01 
  5.753769E-01   4.319646E+00   1.353144E-01 
  5.853558E-01   4.377856E+00   1.387165E-01 
  5.953347E-01   4.330867E+00   6.448991E+00 
  6.053135E-01   4.302392E+00   6.427755E+00 
  6.152924E-01   4.280186E+00   1.324157E-01 
  6.252712E-01   4.393057E+00   1.373359E-01 
  6.352501E-01   4.285892E+00   1.328724E-01 
  6.452289E-01   4.185814E+00   1.281856E-01 
  6.552078E-01   4.190926E+00   1.302096E-01 
  6.651866E-01   4.271492E+00   1.335898E-01 
  6.751655E-01   4.311168E+00   1.320753E-01 
  6.851443E-01   3.939502E+00   1.233684E-01 
  6.951232E-01   4.115479E+00   1.235166E-01 
  7.051020E-01   4.215104E+00   1.319226E-01 
  7.150809E-01   4.050892E+00   1.231294E-01 
  7.250597E-01   4.121557E+00   6.291222E+00 
  7.350386E-01   4.092030E+00   6.268646E+00 
  7.450175E-01   3.978504E+00   6.181079E+00 
  7.549963E-01   3.983902E+00   1.226237E-01 
  7.649752E-01   3.961253E+00   1.227308E-01 
  7.749540E-01   4.029639E+00   1.220512E-01 
  7.849329E-01   4.064508E+00   1.208836E-01 
  7.949117E-01   3.880880E+00   1.145318E-01 
  8.048906E-01   4.142042E+00   1.226863E-01 
  8.148694E-01   3.983869E+00   1.188307E-01 
  8.248483E-01   3.980682E+00   1.181379E-01 
  8.348271E-01   4.037451E+00   1.174026E-01 
  8.448060E-01   4.046606E+00   1.157316E-01 
  8.547848E-01   4.271294E+00   1.188133E-01 
  8.647637E-01   3.945069E+00   1.159951E-01 
  8.747426E-01   3.915540E+00   1.121383E-01 
  8.847214E-01   3.903756E+00   1.135920E-01 
  8.947003E-01   3.912909E+00   1.173110E-01 
  9.046791E-01   3.786116E+00   1.067652E-01 
  9.146580E-01   3.757189E+00   1.070363E-01 
  9.246368E-01   4.114671E+00   1.170755E-01 
  9.346157E-01   3.907688E+00   1.084096E-01 
  9.445945E-01   3.919365E+00   1.123794E-01 
  9.545734E-01   3.970780E+00   1.127607E-01 
  9.645522E-01   4.018689E+00   1.111479E-01 
  9.745311E-01   3.970249E+00   1.155349E-01 
  9.845099E-01   3.785573E+00   6.029345E+00 
  9.944888E-01   3.811880E+00   6.050258E+00 
  1.004468E+00   3.943066E+00   1.107957E-01 
  1.014447E+00   3.952065E+00   6.160506E+00 
  1.024425E+00   3.677420E+00   5.942592E+00 
  1.034404E+00   3.906526E+00   6.124910E+00 
  1.044383E+00   3.730895E+00   1.035506E-01 
  1.054362E+00   3.953715E+00   1.089614E-01 
  1.064341E+00   3.820638E+00   1.022745E-01 
  1.074320E+00   4.038959E+00   1.108048E-01 
  1.084298E+00   3.869158E+00   1.056945E-01 
  1.094277E+00   3.810996E+00   1.009087E-01 
  1.104256E+00   3.876074E+00   1.043763E-01 
  1.114235E+00   3.890886E+00   6.112637E+00 
  1.124214E+00   3.658802E+00   5.927531E+00 
  1.134193E+00   3.653378E+00   9.986524E-02 
  1.144172E+00   3.659436E+00   9.848322E-02 
  1.154150E+00   3.799367E+00   1.032240E-01 
  1.164129E+00   3.874293E+00   1.026802E-01 
  1.174108E+00   3.828524E+00   1.002833E-01 
  1.184087E+00   3.809457E+00   1.031456E-01 
  1.194066E+00   3.720143E+00   9.816098E-02 
  1.204045E+00   3.768335E+00   1.014644E-01 
  1.214024E+00   3.851497E+00   9.843549E-02 
  1.224002E+00   3.787581E+00   9.711438E-02 
  1.233981E+00   3.908579E+00   1.000828E-01 
  1.243960E+00   3.714537E+00   9.462078E-02 
  1.253939E+00   3.851004E+00   9.822823E-02 
  1.263918E+00   3.773679E+00   9.463668E-02 
  1.273897E+00   3.684185E+00   9.640978E-02 
  1.283876E+00   3.671141E+00   5.937517E+00 
  1.293854E+00   3.784290E+00   6.028324E+00 
  1.303833E+00   3.862222E+00   9.756255E-02 
  1.313812E+00   3.675483E+00   9.273033E-02 
  1.323791E+00   3.849999E+00   9.846799E-02 
  1.333770E+00   4.015472E+00   9.607293E-02 
  1.343749E+00   3.771516E+00   9.381974E-02 
  1.353728E+00   3.609286E+00   9.427682E-02 
  1.363706E+00   3.650256E+00   9.120657E-02 
  1.373685E+00   3.713364E+00   9.287702E-02 
  1.383664E+00   3.677443E+00   9.229288E-02 
  1.393643E+00   3.624268E+00   8.979437E-02 
  1.403622E+00   3.911218E+00   9.623039E-02 
  1.413601E+00   3.745005E+00   5.996952E+00 
  1.423579E+00   3.621717E+00   5.897414E+00 
  1.433558E+00   3.830426E+00   9.161802E-02 
  1.443537E+00   3.680710E+00   8.960874E-02 
  1.453516E+00   3.778875E+00   9.251155E-02 
  1.463495E+00   3.830203E+00   9.190128E-02 
  1.473474E+00   3.652681E+00   9.004724E-02 
  1.483453E+00   3.700600E+00   8.973608E-02 
  1.493431E+00   3.783082E+00   9.323180E-02 
  1.503410E+00   3.734178E+00   8.970796E-02 
  1.513389E+00   3.843806E+00   9.017515E-02 
  1.523368E+00   3.632798E+00   8.927990E-02 
  1.533347E+00   3.816096E+00   8.738564E-02 
  1.543326E+00   3.812819E+00   6.051004E+00 
  1.553305E+00   3.559095E+00   5.846206E+00 
  1.563283E+00   3.795886E+00   8.865875E-02 
  1.573262E+00   3.605442E+00   8.729207E-02 
  1.583241E+00   3.684008E+00   8.503923E-02 
  1.593220E+00   3.751759E+00   8.823829E-02 
  1.603199E+00   3.601140E+00   8.571030E-02 
  1.613178E+00   3.658890E+00   8.557368E-02 
  1.623157E+00   3.746652E+00   8.967819E-02 
  1.633135E+00   3.606677E+00   8.440154E-02 
  1.643114E+00   3.733835E+00   8.786423E-02 
  1.653093E+00   3.637707E+00   8.542092E-02 
  1.663072E+00   3.553044E+00   8.368494E-02 
  1.673051E+00   3.685825E+00   8.499000E-02 
  1.683030E+00   3.695551E+00   8.577311E-02 
  1.693009E+00   3.626198E+00   8.575038E-02 
  1.702987E+00   3.542774E+00   8.226870E-02 
  1.712966E+00   3.720395E+00   8.500226E-02 
  1.722945E+00   3.757963E+00   8.551136E-02 
  1.732924E+00   3.597329E+00   8.310911E-02 
  1.742903E+00   3.614692E+00   8.368200E-02 
  1.752882E+00   3.674060E+00   8.210191E-02 
  1.762861E+00   3.660678E+00   8.423192E-02 
  1.772839E+00   3.614997E+00   8.453394E-02 
  1.782818E+00   3.559173E+00   8.337161E-02 
  1.792797E+00   3.646272E+00   8.403334E-02 
  1.802776E+00   3.687302E+00   8.407490E-02 
  1.812755E+00   3.657280E+00   8.300619E-02 
  1.822734E+00   3.581042E+00   7.972358E-02 
  1.832712E+00   3.660047E+00   5.928539E+00 
  1.842691E+00   3.649229E+00   5.919771E+00 
  1.852670E+00   3.657521E+00   5.926493E+00 
  1.862649E+00   3.635540E+00   5.908657E+00 
  1.872628E+00   3.611857E+00   8.109113E-02 
  1.882607E+00   3.634154E+00   8.168290E-02 
  1.892586E+00   3.494157E+00   8.064025E-02 
  1.902564E+00   3.559221E+00   5.846310E+00 
  1.912543E+00   3.697738E+00   5.958987E+00 
  1.922522E+00   3.742875E+00   8.129492E-02 
  1.932501E+00   3.534936E+00   7.772158E-02 
  1.942480E+00   3.609914E+00   7.946665E-02 
  1.952459E+00   3.608599E+00   7.713818E-02 
  1.962438E+00   3.702629E+00   7.969459E-02 
  1.972416E+00   3.460524E+00   7.719721E-02 
  1.982395E+00   3.592516E+00   7.807477E-02 
  1.992374E+00   3.616252E+00   7.827931E-02 
  2.002353E+00   3.726687E+00   7.922905E-02 
  2.012332E+00   3.686492E+00   7.975098E-02 
  2.022311E+00   3.518582E+00   7.580109E-02 
  2.032290E+00   3.682624E+00   7.902993E-02 
  2.042268E+00   3.648089E+00   7.906188E-02 
  2.052247E+00   3.692032E+00   7.790892E-02 
  2.062226E+00   3.506513E+00   7.683423E-02 
  2.072205E+00   3.734225E+00   7.752883E-02 
  2.082184E+00   3.601794E+00   7.694533E-02 
  2.092163E+00   3.572357E+00   7.673650E-02 
  2.102142E+00   3.661649E+00   7.848678E-02 
  2.112120E+00   3.696000E+00   7.833660E-02 
  2.122099E+00   3.661158E+00   7.538986E-02 
  2.132078E+00   3.717316E+00   7.605088E-02 
  2.142057E+00   3.534756E+00   5.826182E+00 
  2.152036E+00   3.572709E+00   5.857377E+00 
  2.162015E+00   3.633921E+00   7.395619E-02 
  2.171994E+00   3.669644E+00   5.936306E+00 
  2.181972E+00   3.603979E+00   5.882954E+00 
  2.191951E+00   3.659741E+00   5.928291E+00 
  2.201930E+00   3.511995E+00   5.807394E+00 
  2.211909E+00   3.571169E+00   7.435921E-02 
  2.221888E+00   3.607851E+00   7.405857E-02 
  2.231867E+00   3.683019E+00   7.480023E-02 
  2.241845E+00   3.498642E+00   7.193215E-02 
  2.251824E+00   3.583814E+00   7.416241E-02 
  2.261803E+00   3.582860E+00   7.316944E-02 
  2.271782E+00   3.571055E+00   7.268075E-02 
  2.281761E+00   3.649643E+00   7.353825E-02 
  2.291740E+00   3.561671E+00   7.261642E-02 
  2.301719E+00   3.644383E+00   7.336812E-02 
  2.311697E+00   3.604408E+00   7.339867E-02 
  2.321676E+00   3.664223E+00   7.499451E-02 
  2.331655E+00   3.565485E+00   7.207493E-02 
  2.341634E+00   3.616199E+00   7.138461E-02 
  2.351613E+00   3.600254E+00   7.219878E-02 
  2.361592E+00   3.588828E+00   7.235332E-02 
  2.371571E+00   3.664749E+00   7.335007E-02 
  2.381549E+00   3.622323E+00   7.316904E-02 
  2.391528E+00   3.631290E+00   7.041447E-02 
  2.401507E+00   3.719434E+00   7.413158E-02 
  2.411486E+00   3.611215E+00   7.070612E-02 
  2.421465E+00   3.466186E+00   6.936512E-02 
  2.431444E+00   3.441850E+00   6.942919E-02 
  2.441423E+00   3.526274E+00   6.993240E-02 
  2.451401E+00   3.534356E+00   7.185756E-02 
  2.461380E+00   3.604203E+00   7.096505E-02 
  2.471359E+00   3.503804E+00   7.075551E-02 
  2.481338E+00   3.514094E+00   7.064748E-02 
  2.491317E+00   3.550929E+00   5.839496E+00 
  2.501296E+00   3.535181E+00   5.826533E+00 
  2.511275E+00   3.624541E+00   6.990816E-02 
  2.521253E+00   3.672273E+00   5.938433E+00 
  2.531232E+00   3.663744E+00   5.931533E+00 
  2.541211E+00   3.619607E+00   6.994367E-02 
  2.551190E+00   3.601689E+00   7.128615E-02 
  2.561169E+00   3.535713E+00   6.919358E-02 
  2.571148E+00   3.556074E+00   6.991577E-02 
  2.581127E+00   3.532816E+00   6.980033E-02 
  2.591105E+00   3.532890E+00   6.931096E-02 
  2.601084E+00   3.618673E+00   6.978352E-02 
  2.611063E+00   3.707957E+00   6.987504E-02 
  2.621042E+00   3.432098E+00   6.799785E-02 
  2.631021E+00   3.546150E+00   6.807201E-02 
  2.641000E+00   3.474895E+00   6.648044E-02 
  2.650978E+00   3.641065E+00   6.926368E-02 
  2.660957E+00   3.493799E+00   6.763768E-02 
  2.670936E+00   3.526362E+00   6.864872E-02 
  2.680915E+00   3.470959E+00   6.677898E-02 
  2.690894E+00   3.517035E+00   7.363298E-02 
  2.700873E+00   3.439276E+00   6.672341E-02 
  2.710852E+00   3.619726E+00   5.895792E+00 
  2.720830E+00   3.575772E+00   5.859887E+00 
  2.730809E+00   3.646532E+00   5.917583E+00 
  2.740788E+00   3.616578E+00   6.772808E-02 
  2.750767E+00   3.628409E+00   5.902860E+00 
  2.760746E+00   3.545660E+00   5.835161E+00 
  2.770725E+00   3.466369E+00   6.792158E-02 
  2.780704E+00   3.608565E+00   6.662198E-02 
  2.790682E+00   3.707137E+00   6.826358E-02 
  2.800661E+00   3.493156E+00   6.618683E-02 
  2.810640E+00   3.690084E+00   6.803777E-02 
  2.820619E+00   3.435771E+00   6.592170E-02 
  2.830598E+00   3.648520E+00   6.631012E-02 
  2.840577E+00   3.614171E+00   6.740647E-02 
  2.850556E+00   3.629772E+00   6.676177E-02 
  2.860534E+00   3.663895E+00   6.638260E-02 
  2.870513E+00   3.702862E+00   5.963114E+00 
  2.880492E+00   3.512792E+00   5.808052E+00 
  2.890471E+00   3.485804E+00   5.785699E+00 
  2.900450E+00   3.616219E+00   5.892936E+00 
  2.910429E+00   3.606475E+00   5.884991E+00 
  2.920408E+00   3.465257E+00   6.400535E-02 
  2.930386E+00   3.505302E+00   6.432536E-02 
  2.940365E+00   3.677647E+00   6.613044E-02 
  2.950344E+00   3.562221E+00   6.473612E-02 
  2.960323E+00   3.579970E+00   6.466966E-02 
  2.970302E+00   3.354408E+00   6.273812E-02 
  2.980281E+00   3.644747E+00   6.538235E-02 
  2.990260E+00   3.457668E+00   6.381720E-02 
  3.000238E+00   3.578604E+00   6.370988E-02 
  3.010217E+00   3.498863E+00   6.459306E-02 
  3.020196E+00   3.633227E+00   6.518768E-02 
  3.030175E+00   3.499014E+00   6.362194E-02 
  3.040154E+00   3.594569E+00   5.875269E+00 
  3.050133E+00   3.379131E+00   5.696484E+00 
  3.060111E+00   3.507238E+00   5.803459E+00 
  3.070090E+00   3.636881E+00   5.909747E+00 
  3.080069E+00   3.532051E+00   5.823953E+00 
  3.090048E+00   3.557510E+00   6.316871E-02 
  3.100027E+00   3.634238E+00   6.401284E-02 
  3.110006E+00   3.644518E+00   6.465740E-02 
  3.119985E+00   3.646974E+00   6.388123E-02 
  3.129963E+00   3.575296E+00   6.381469E-02 
  3.139942E+00   3.558205E+00   6.399735E-02 
  3.149921E+00   3.633898E+00   6.362803E-02 
  3.159900E+00   3.584755E+00   6.439918E-02 
  3.169879E+00   3.677727E+00   5.942840E+00 
  3.179858E+00   3.515398E+00   5.810207E+00 
  3.189837E+00   3.538241E+00   6.307902E-02 
  3.199815E+00   3.619167E+00   6.245149E-02 
  3.209794E+00   3.552590E+00   6.242258E-02 
  3.219773E+00   3.638024E+00   6.208655E-02 
  3.229752E+00   3.569338E+00   6.301655E-02 
  3.239731E+00   3.508235E+00   6.209338E-02 
  3.249710E+00   3.449179E+00   6.180030E-02 
  3.259689E+00   3.639526E+00   6.293247E-02 
  3.269667E+00   3.495635E+00   6.112410E-02 
  3.279646E+00   3.506691E+00   6.230742E-02 
  3.289625E+00   3.614134E+00   6.170261E-02 
  3.299604E+00   3.553897E+00   6.152345E-02 
  3.309583E+00   3.585235E+00   6.180418E-02 
  3.319562E+00   3.547053E+00   6.217776E-02 
  3.329541E+00   3.492385E+00   6.096034E-02 
  3.339519E+00   3.506153E+00   5.971904E-02 
  3.349498E+00   3.571611E+00   6.120257E-02 
  3.359477E+00   3.552954E+00   5.841161E+00 
  3.369456E+00   3.617546E+00   5.894017E+00 
  3.379435E+00   3.482607E+00   5.783045E+00 
  3.389414E+00   3.497694E+00   5.795558E+00 
  3.399392E+00   3.522661E+00   6.098892E-02 
  3.409371E+00   3.577488E+00   6.196196E-02 
  3.419350E+00   3.474224E+00   5.776081E+00 
  3.429329E+00   3.619352E+00   5.895488E+00 
  3.439308E+00   3.534590E+00   5.826045E+00 
  3.449287E+00   3.585785E+00   6.113388E-02 
  3.459266E+00   3.613498E+00   6.111516E-02 
  3.469244E+00   3.544579E+00   5.947081E-02 
  3.479223E+00   3.628547E+00   5.902972E+00 
  3.489202E+00   3.603397E+00   5.882479E+00 
  3.499181E+00   3.615901E+00   5.892676E+00 
  3.509160E+00   3.528493E+00   5.821018E+00 
  3.519139E+00   3.594286E+00   6.027395E-02 
  3.529118E+00   3.584853E+00   5.984096E-02 
  3.539096E+00   3.472131E+00   5.936648E-02 
  3.549075E+00   3.591804E+00   6.055061E-02 
  3.559054E+00   3.539153E+00   5.877799E-02 
  3.569033E+00   3.578304E+00   5.929828E-02 
  3.579012E+00   3.600150E+00   5.937340E-02 
  3.588991E+00   3.591336E+00   5.987921E-02 
  3.598970E+00   3.539890E+00   5.878197E-02 
  3.608948E+00   3.531159E+00   5.870647E-02 
  3.618927E+00   3.523972E+00   5.983464E-02 
  3.628906E+00   3.486127E+00   5.707667E-02 
  3.638885E+00   3.668838E+00   6.008275E-02 
  3.648864E+00   3.531158E+00   5.916925E-02 
  3.658843E+00   3.583683E+00   5.939385E-02 
  3.668822E+00   3.499743E+00   5.797255E+00 
  3.678800E+00   3.527562E+00   5.820250E+00 
  3.688779E+00   3.497801E+00   5.819450E-02 
  3.698758E+00   3.626060E+00   5.817032E-02 
  3.708737E+00   3.546647E+00   5.880227E-02 
  3.718716E+00   3.536207E+00   5.822450E-02 
  3.728695E+00   3.582291E+00   5.819087E-02 
  3.738674E+00   3.625808E+00   5.853264E-02 
  3.748652E+00   3.595289E+00   5.829651E-02 
  3.758631E+00   3.584866E+00   5.867334E+00 
  3.768610E+00   3.626755E+00   5.901514E+00 
  3.778589E+00   3.580518E+00   5.863775E+00 
  3.788568E+00   3.539097E+00   5.866574E-02 
  3.798547E+00   3.599659E+00   5.732468E-02 
  3.808525E+00   3.644413E+00   5.915864E+00 
  3.818504E+00   3.618248E+00   5.894589E+00 
  3.828483E+00   3.585523E+00   5.837650E-02 
  3.838462E+00   3.545190E+00   5.834775E+00 
  3.848441E+00   3.588776E+00   5.870533E+00 
  3.858420E+00   3.554763E+00   5.744246E-02 
  3.868399E+00   3.557055E+00   5.696660E-02 
  3.878377E+00   3.718864E+00   5.957915E-02 
  3.888356E+00   3.631080E+00   5.699904E-02 
  3.898335E+00   3.684891E+00   5.882517E-02 
  3.908314E+00   3.679669E+00   5.873900E-02 
  3.918293E+00   3.652945E+00   5.781793E-02 
  3.928272E+00   3.587426E+00   5.740421E-02 
  3.938251E+00   3.602394E+00   5.675775E-02 
  3.948229E+00   3.605659E+00   5.698671E-02 
  3.958208E+00   3.618340E+00   5.810186E-02 
  3.968187E+00   3.603302E+00   5.666111E-02 
  3.978166E+00   3.658275E+00   5.709416E-02 
  3.988145E+00   3.626637E+00   5.901418E+00 
  3.998124E+00   3.658171E+00   5.927019E+00 
  4.008103E+00   3.548811E+00   5.650833E-02 
  4.018081E+00   3.635793E+00   5.726038E-02 
  4.028060E+00   3.558077E+00   5.583343E-02 
  4.038039E+00   3.520703E+00   5.595543E-02 
  4.048018E+00   3.642011E+00   5.707560E-02 
  4.057997E+00   3.589118E+00   5.870813E+00 
  4.067976E+00   3.590517E+00   5.871956E+00 
  4.077955E+00   3.627258E+00   5.901923E+00 
  4.087933E+00   3.652106E+00   5.922104E+00 
  4.097912E+00   3.581784E+00   5.694621E-02 
  4.107891E+00   3.692499E+00   5.659769E-02 
  4.117870E+00   3.586883E+00   5.643745E-02 
  4.127849E+00   3.593670E+00   5.592837E-02 
  4.137828E+00   3.647155E+00   5.611503E-02 
  4.147807E+00   3.655550E+00   5.681390E-02 
  4.157785E+00   3.591122E+00   5.519295E-02 
  4.167764E+00   3.605129E+00   5.615627E-02 
  4.177743E+00   3.582043E+00   5.865023E+00 
  4.187722E+00   3.550633E+00   5.839252E+00 
  4.197701E+00   3.578275E+00   5.861938E+00 
  4.207680E+00   3.640701E+00   5.509988E-02 
  4.217658E+00   3.639717E+00   5.593094E-02 
  4.227637E+00   3.602990E+00   5.540722E-02 
  4.237616E+00   3.498129E+00   5.498087E-02 
  4.247595E+00   3.688271E+00   5.951353E+00 
  4.257574E+00   3.526842E+00   5.819657E+00 
  4.267553E+00   3.627777E+00   5.902345E+00 
  4.277532E+00   3.659944E+00   5.928455E+00 
  4.287510E+00   3.747317E+00   5.998802E+00 
  4.297489E+00   3.696308E+00   5.957834E+00 
  4.307468E+00   3.680668E+00   5.945216E+00 
  4.317447E+00   3.739709E+00   5.992710E+00 
  4.327426E+00   3.697502E+00   5.958797E+00 
  4.337405E+00   3.647697E+00   5.511837E-02 
  4.347384E+00   3.561563E+00   5.401375E-02 
  4.357362E+00   3.666084E+00   5.507662E-02 
  4.367341E+00   3.706245E+00   5.484656E-02 
  4.377320E+00   3.615814E+00   5.484194E-02 
  4.387299E+00   3.710893E+00   5.555609E-02 
  4.397278E+00   3.720293E+00   5.514307E-02 
  4.407257E+00   3.606750E+00   5.438307E-02 
  4.417236E+00   3.663358E+00   5.367226E-02 
  4.427214E+00   3.699561E+00   5.555422E-02 
  4.437193E+00   3.649867E+00   5.440112E-02 
  4.447172E+00   3.662501E+00   5.468939E-02 
  4.457151E+00   3.633398E+00   5.906917E+00 
  4.467130E+00   3.629999E+00   5.904153E+00 
  4.477109E+00   3.742781E+00   5.512981E-02 
  4.487088E+00   3.663038E+00   5.381003E-02 
  4.497066E+00   3.727462E+00   5.455100E-02 
  4.507045E+00   3.633973E+00   5.454359E-02 
  4.517024E+00   3.618958E+00   5.316959E-02 
  4.527003E+00   3.670355E+00   5.440411E-02 
  4.536982E+00   3.713572E+00   5.971732E+00 
  4.546961E+00   3.653750E+00   5.923437E+00 
  4.556940E+00   3.719121E+00   5.976192E+00 
  4.566918E+00   3.724801E+00   5.457086E-02 
  4.576897E+00   3.542232E+00   5.349984E-02 
  4.586876E+00   3.723352E+00   5.385984E-02 
  4.596855E+00   3.673351E+00   5.398882E-02 
  4.606834E+00   3.739716E+00   5.400564E-02 
  4.616813E+00   3.689489E+00   5.299923E-02 
  4.626791E+00   3.685385E+00   5.350411E-02 
  4.636770E+00   3.647095E+00   5.270484E-02 
  4.646749E+00   3.708135E+00   5.367518E-02 
  4.656728E+00   3.743464E+00   5.373912E-02 
  4.666707E+00   3.681113E+00   5.366116E-02 
  4.676686E+00   3.704203E+00   5.282068E-02 
  4.686665E+00   3.752071E+00   5.400548E-02 
  4.696643E+00   3.763433E+00   5.397735E-02 
  4.706622E+00   3.725179E+00   5.981056E+00 
  4.716601E+00   3.756216E+00   6.005921E+00 
  4.726580E+00   3.665955E+00   5.436593E-02 
  4.736559E+00   3.637275E+00   5.433567E-02 
  4.746538E+00   3.747596E+00   5.520921E-02 
  4.756517E+00   3.737363E+00   5.585416E-02 
  4.766495E+00   3.636928E+00   5.595628E-02 
  4.776474E+00   3.627684E+00   5.511329E-02 
  4.786453E+00   3.694786E+00   5.649122E-02 
  4.796432E+00   3.604022E+00   5.523944E-02 
  4.806411E+00   3.805350E+00   5.686978E-02 
  4.816390E+00   3.765310E+00   6.013187E+00 
  4.826369E+00   3.665446E+00   5.932910E+00 
  4.836347E+00   3.742884E+00   5.995253E+00 
  4.846326E+00   3.783015E+00   6.027308E+00 
  4.856305E+00   3.810738E+00   5.828966E-02 
  4.866284E+00   3.686159E+00   5.611464E-02 
  4.876263E+00   3.751165E+00   5.647719E-02 
  4.886242E+00   3.734995E+00   5.864157E-02 
  4.896221E+00   3.606931E+00   5.869940E-02 
  4.906199E+00   3.756755E+00   6.079775E-02 
  4.916178E+00   3.792092E+00   5.996240E-02 
  4.926157E+00   3.769504E+00   6.047137E-02 
  4.936136E+00   3.672377E+00   6.122380E-02 
  4.946115E+00   3.719210E+00   6.007772E-02 
  4.956094E+00   3.765763E+00   6.206456E-02 
  4.966073E+00   3.744783E+00   6.137217E-02 
  4.976051E+00   3.805051E+00   6.184650E-02 
  4.986030E+00   3.865325E+00   6.263580E-02 
  4.996009E+00   3.802559E+00   6.204710E-02 
  5.005988E+00   3.652524E+00   6.231437E-02 
  5.015967E+00   3.804006E+00   6.235876E-02 
  5.025946E+00   3.819006E+00   6.312167E-02 
  5.035924E+00   3.763672E+00   6.266309E-02 
  5.045903E+00   3.771884E+00   6.413097E-02 
  5.055882E+00   3.718706E+00   6.244837E-02 
  5.065861E+00   3.877753E+00   6.448072E-02 
  5.075840E+00   3.838589E+00   6.458790E-02 
  5.085819E+00   3.902991E+00   6.122138E+00 
  5.095798E+00   3.926557E+00   6.140593E+00 
  5.105776E+00   3.976790E+00   6.179747E+00 
  5.115755E+00   3.905797E+00   6.124339E+00 
  5.125734E+00   3.794534E+00   6.036477E+00 
  5.135713E+00   3.938988E+00   6.150305E+00 
  5.145692E+00   3.879391E+00   6.103601E+00 
  5.155671E+00   3.884384E+00   6.107527E+00 
  5.165650E+00   3.880968E+00   6.104841E+00 
  5.175628E+00   3.777916E+00   6.023244E+00 
  5.185607E+00   3.786150E+00   6.029805E+00 
  5.195586E+00   3.648364E+00   5.919070E+00 
  5.205565E+00   3.807271E+00   6.046600E+00 
  5.215544E+00   3.771826E+00   6.018388E+00 
  5.225523E+00   3.917270E+00   6.133327E+00 
  5.235502E+00   3.878556E+00   6.102944E+00 
  5.245480E+00   3.893691E+00   6.114840E+00 
  5.255459E+00   3.917148E+00   6.133231E+00 
  5.265438E+00   3.874437E+00   6.099702E+00 
  5.275417E+00   3.938539E+00   6.149954E+00 
  5.285396E+00   3.910104E+00   6.127714E+00 
  5.295375E+00   3.922458E+00   6.137387E+00 
  5.305354E+00   3.751302E+00   6.001991E+00 
  5.315332E+00   3.985997E+00   6.186896E+00 
  5.325311E+00   3.905631E+00   6.124208E+00 
  5.335290E+00   3.835288E+00   6.068807E+00 
  5.345269E+00   3.890622E+00   6.112429E+00 
  5.355248E+00   3.969379E+00   6.173986E+00 
  5.365227E+00   3.815461E+00   6.053100E+00 
  5.375205E+00   3.958968E+00   6.165884E+00 
  5.385184E+00   3.908748E+00   6.126652E+00 
  5.395163E+00   3.978765E+00   6.181281E+00 
  5.405142E+00   3.952206E+00   6.160616E+00 
  5.415121E+00   3.893063E+00   6.114347E+00 
  5.425100E+00   3.952050E+00   6.160494E+00 
  5.435079E+00   3.986023E+00   6.186916E+00 
  5.445057E+00   3.984231E+00   6.185525E+00 
  5.455036E+00   4.009288E+00   6.204946E+00 
  5.465015E+00   4.030563E+00   6.221387E+00 
  5.474994E+00   3.997366E+00   6.195713E+00 
  5.484973E+00   3.973306E+00   6.177039E+00 
  5.494952E+00   3.957939E+00   6.165082E+00 
  5.504931E+00   3.996244E+00   6.194843E+00 
  5.514909E+00   3.961654E+00   6.167975E+00 
  5.524888E+00   3.984214E+00   6.185512E+00 
  5.534867E+00   4.010799E+00   6.206115E+00 
  5.544846E+00   3.897042E+00   6.117471E+00 
  5.554825E+00   3.945874E+00   6.155679E+00 
  5.564804E+00   4.046530E+00   6.233698E+00 
  5.574783E+00   3.949009E+00   6.158123E+00 
  5.584761E+00   3.978607E+00   6.181158E+00 
  5.594740E+00   4.070994E+00   6.252512E+00 
  5.604719E+00   4.037121E+00   6.226446E+00 
  5.614698E+00   4.192225E+00   6.344927E+00 
  5.624677E+00   3.981110E+00   6.183102E+00 
  5.634656E+00   4.070237E+00   6.251931E+00 
  5.644635E+00   3.898043E+00   6.118256E+00 
  5.654613E+00   3.976372E+00   6.179422E+00 
  5.664592E+00   3.975625E+00   6.178841E+00 
  5.674571E+00   4.073501E+00   6.254437E+00 
  5.684550E+00   3.995808E+00   6.194506E+00 
  5.694529E+00   3.939521E+00   6.150721E+00 
  5.704508E+00   4.110417E+00   6.282714E+00 
  5.714487E+00   3.975683E+00   6.178886E+00 
  5.724465E+00   3.930689E+00   6.143823E+00 
  5.734444E+00   4.097698E+00   6.272986E+00 
  5.744423E+00   4.052104E+00   6.237989E+00 
  5.754402E+00   4.165886E+00   6.324963E+00 
  5.764381E+00   4.098046E+00   6.273252E+00 
  5.774360E+00   4.172119E+00   6.329694E+00 
  5.784338E+00   4.085183E+00   6.263400E+00 
  5.794317E+00   4.180134E+00   6.335770E+00 
  5.804296E+00   4.114994E+00   6.286211E+00 
  5.814275E+00   4.035723E+00   6.225368E+00 
  5.824254E+00   4.218326E+00   6.364648E+00 
  5.834233E+00   4.111405E+00   6.283469E+00 
  5.844212E+00   4.101423E+00   6.275836E+00 
  5.854190E+00   4.170474E+00   6.328446E+00 
  5.864169E+00   4.090869E+00   6.267757E+00 
  5.874148E+00   4.132902E+00   6.299875E+00 
  5.884127E+00   4.113429E+00   6.285016E+00 
  5.894106E+00   4.119806E+00   6.289885E+00 
  5.904085E+00   4.122519E+00   6.291956E+00 
  5.914064E+00   4.246572E+00   6.385922E+00 
  5.924042E+00   4.154806E+00   6.316546E+00 
  5.934021E+00   4.141150E+00   6.306158E+00 
  5.944000E+00   4.120701E+00   6.290568E+00 
  5.953979E+00   4.200579E+00   6.351245E+00 
  5.963958E+00   4.216321E+00   6.363135E+00 
  5.973937E+00   4.254021E+00   6.391520E+00 
  5.983916E+00   4.159799E+00   6.320341E+00 
  5.993894E+00   4.133371E+00   6.300232E+00 
  6.003873E+00   4.243741E+00   6.383792E+00 
  6.013852E+00   4.214760E+00   6.361957E+00 
  6.023831E+00   4.167979E+00   6.326553E+00 
  6.033810E+00   4.251101E+00   6.389326E+00 
  6.043789E+00   4.313719E+00   6.436211E+00 
  6.053768E+00   4.202726E+00   6.352869E+00 
  6.063746E+00   4.115159E+00   6.286337E+00 
  6.073725E+00   4.216361E+00   6.363166E+00 
  6.083704E+00   4.195440E+00   6.347359E+00 
  6.093683E+00   4.227453E+00   6.371530E+00 
  6.103662E+00   4.269535E+00   6.403164E+00 
  6.113641E+00   4.288483E+00   6.417357E+00 
  6.123620E+00   4.202962E+00   6.353047E+00 
  6.133598E+00   4.291517E+00   6.419626E+00 
  6.143577E+00   4.254949E+00   6.392217E+00 
  6.153556E+00   4.171158E+00   6.328965E+00 
  6.163535E+00   4.182072E+00   6.337239E+00 
  6.173514E+00   4.162917E+00   6.322710E+00 
  6.183493E+00   4.243435E+00   6.383562E+00 
  6.193471E+00   4.378570E+00   6.484411E+00 
  6.203450E+00   4.294716E+00   6.422019E+00 
  6.213429E+00   4.288231E+00   6.417168E+00 
  6.223408E+00   4.479181E+00   6.558487E+00 
  6.233387E+00   4.380237E+00   6.485645E+00 
  6.243366E+00   4.308138E+00   6.432046E+00 
  6.253345E+00   4.250770E+00   6.389077E+00 
  6.263323E+00   4.423585E+00   6.517657E+00 
  6.273302E+00   4.263783E+00   6.398849E+00 
  6.283281E+00   4.312022E+00   6.434945E+00 
  6.293260E+00   4.362493E+00   6.472494E+00 
  6.303239E+00   4.327314E+00   6.446345E+00 
  6.313218E+00   4.468379E+00   6.550574E+00 
  6.323197E+00   4.405867E+00   6.504592E+00 
  6.333175E+00   4.379819E+00   6.485335E+00 
  6.343154E+00   4.234283E+00   6.376675E+00 
  6.353133E+00   4.454185E+00   6.540161E+00 
  6.363112E+00   4.295221E+00   6.422396E+00 
  6.373091E+00   4.293150E+00   6.420847E+00 
  6.383070E+00   4.430512E+00   6.522759E+00 
  6.393049E+00   4.423124E+00   6.517318E+00 
  6.403027E+00   4.211104E+00   6.359197E+00 
  6.413006E+00   4.377068E+00   6.483298E+00 
  6.422985E+00   4.405773E+00   6.504522E+00 
  6.432964E+00   4.483505E+00   6.561652E+00 
  6.442943E+00   4.419408E+00   6.514579E+00 
  6.452922E+00   4.430929E+00   6.523066E+00 
  6.462901E+00   4.476762E+00   6.556716E+00 
  6.472879E+00   4.413993E+00   6.510587E+00 
  6.482858E+00   4.443842E+00   6.532563E+00 
  6.492837E+00   4.399230E+00   6.499690E+00 
  6.502816E+00   4.486192E+00   6.563618E+00 
  6.512795E+00   4.446963E+00   6.534857E+00 
  6.522774E+00   4.554603E+00   6.613473E+00 
  6.532753E+00   4.460523E+00   6.544812E+00 
  6.542731E+00   4.459599E+00   6.544135E+00 
  6.552710E+00   4.387271E+00   6.490850E+00 
  6.562689E+00   4.542873E+00   6.604951E+00 
  6.572668E+00   4.511382E+00   6.582019E+00 
  6.582647E+00   4.432223E+00   6.524018E+00 
  6.592626E+00   4.561223E+00   6.618278E+00 
  6.602604E+00   4.396516E+00   6.497685E+00 
  6.612583E+00   4.476866E+00   6.556792E+00 
  6.622562E+00   4.533121E+00   6.597858E+00 
  6.632541E+00   4.490094E+00   6.566471E+00 
  6.642520E+00   4.428897E+00   6.521569E+00 
  6.652499E+00   4.474427E+00   6.555005E+00 
  6.662478E+00   4.587284E+00   6.637158E+00 
  6.672456E+00   4.538363E+00   6.601673E+00 
  6.682435E+00   4.618264E+00   6.659532E+00 
  6.692414E+00   4.467200E+00   6.549709E+00 
  6.702393E+00   4.547731E+00   6.608482E+00 
  6.712372E+00   4.444197E+00   6.532824E+00 
  6.722351E+00   4.633134E+00   6.670245E+00 
  6.732330E+00   4.512719E+00   6.582995E+00 
  6.742308E+00   4.533777E+00   6.598336E+00 
  6.752287E+00   4.516513E+00   6.585761E+00 
  6.762266E+00   4.418773E+00   6.514112E+00 
  6.772245E+00   4.513384E+00   6.583479E+00 
  6.782224E+00   4.577448E+00   6.630039E+00 
  6.792203E+00   4.516018E+00   6.585400E+00 
  6.802182E+00   4.587872E+00   6.637583E+00 
  6.812160E+00   4.725447E+00   6.736368E+00 
  6.822139E+00   4.590854E+00   6.639740E+00 
  6.832118E+00   4.684319E+00   6.706988E+00 
  6.842097E+00   4.544909E+00   6.606432E+00 
  6.852076E+00   4.529079E+00   6.594916E+00 
  6.862055E+00   4.711218E+00   6.726218E+00 
  6.872034E+00   4.664831E+00   6.693022E+00 
  6.882012E+00   4.620918E+00   6.661445E+00 
  6.891991E+00   4.633137E+00   6.670247E+00 
  6.901970E+00   4.485184E+00   6.562880E+00 
  6.911949E+00   4.669739E+00   6.696542E+00 
  6.921928E+00   4.589303E+00   6.638619E+00 
  6.931907E+00   4.642397E+00   6.676909E+00 
  6.941886E+00   4.591698E+00   6.640350E+00 
  6.951864E+00   4.675817E+00   6.700899E+00 
  6.961843E+00   4.638449E+00   6.674070E+00 
  6.971822E+00   4.771775E+00   6.769309E+00 
  6.981801E+00   4.607090E+00   6.651471E+00 
  6.991780E+00   4.751170E+00   6.754678E+00 
  7.001759E+00   4.719468E+00   6.732105E+00 
  7.011737E+00   4.631250E+00   6.668888E+00 
  7.021716E+00   4.780437E+00   6.775450E+00 
  7.031695E+00   4.843645E+00   6.820096E+00 
  7.041674E+00   4.757967E+00   6.759507E+00 
  7.051653E+00   4.773029E+00   6.770198E+00 
  7.061632E+00   4.719750E+00   6.732306E+00 
  7.071611E+00   4.831044E+00   6.811219E+00 
  7.081589E+00   4.755326E+00   6.757632E+00 
  7.091568E+00   4.716054E+00   6.729669E+00 
  7.101547E+00   4.595221E+00   6.642897E+00 
  7.111526E+00   4.690306E+00   6.711273E+00 
  7.121505E+00   4.729236E+00   6.739068E+00 
  7.131484E+00   4.783760E+00   6.777804E+00 
  7.141463E+00   4.766517E+00   6.765578E+00 
  7.151441E+00   4.890618E+00   6.853086E+00 
  7.161420E+00   4.827531E+00   6.808742E+00 
  7.171399E+00   4.816063E+00   6.800650E+00 
  7.181378E+00   4.689260E+00   6.710525E+00 
  7.191357E+00   4.828902E+00   6.809709E+00 
  7.201336E+00   4.854353E+00   6.827631E+00 
  7.211315E+00   4.865081E+00   6.835171E+00 
  7.221293E+00   4.663819E+00   6.692297E+00 
  7.231272E+00   4.958355E+00   6.900382E+00 
  7.241251E+00   4.783232E+00   6.777430E+00 
  7.251230E+00   4.792171E+00   6.783760E+00 
  7.261209E+00   4.817749E+00   6.801840E+00 
  7.271188E+00   4.783020E+00   6.777280E+00 
  7.281167E+00   4.862069E+00   6.833055E+00 
  7.291145E+00   4.811975E+00   6.797763E+00 
  7.301124E+00   4.973426E+00   6.910861E+00 
  7.311103E+00   4.909989E+00   6.866645E+00 
  7.321082E+00   4.813010E+00   6.798494E+00 
  7.331061E+00   4.921766E+00   6.874875E+00 
  7.341040E+00   4.952424E+00   6.896254E+00 
  7.351019E+00   4.836508E+00   6.815070E+00 
  7.360997E+00   4.803982E+00   6.792115E+00 
  7.370976E+00   4.956032E+00   6.898766E+00 
  7.380955E+00   4.955721E+00   6.898549E+00 
  7.390934E+00   4.922906E+00   7.208537E-02 
  7.400913E+00   4.820178E+00   7.096827E-02 
  7.410892E+00   4.956899E+00   7.116885E-02 
  7.420870E+00   4.804033E+00   7.063443E-02 
  7.430849E+00   4.852530E+00   7.030330E-02 
  7.440828E+00   4.876018E+00   7.198440E-02 
  7.450807E+00   4.919300E+00   7.172944E-02 
  7.460786E+00   4.957325E+00   6.899665E+00 
  7.470765E+00   5.008977E+00   6.935518E+00 
  7.480744E+00   4.914778E+00   7.254694E-02 
  7.490722E+00   4.873252E+00   7.153462E-02 
  7.500701E+00   4.919289E+00   7.152682E-02 
  7.510680E+00   4.977134E+00   7.257215E-02 
  7.520659E+00   5.004296E+00   6.932276E+00 
  7.530638E+00   4.882034E+00   6.847069E+00 
  7.540617E+00   4.946055E+00   6.891818E+00 
  7.550596E+00   5.093413E+00   6.993729E+00 
  7.560574E+00   4.922603E+00   6.875460E+00 
  7.570553E+00   4.953961E+00   6.897324E+00 
  7.580532E+00   5.063101E+00   6.972887E+00 
  7.590511E+00   5.011876E+00   6.937524E+00 
  7.600490E+00   5.049190E+00   6.963301E+00 
  7.610469E+00   5.014741E+00   6.939506E+00 
  7.620448E+00   5.063782E+00   6.973356E+00 
  7.630426E+00   5.011376E+00   6.937178E+00 
  7.640405E+00   5.116411E+00   7.009500E+00 
  7.650384E+00   5.110335E+00   7.136453E-02 
  7.660363E+00   5.006675E+00   6.933924E+00 
  7.670342E+00   5.131518E+00   7.019841E+00 
  7.680321E+00   5.038056E+00   7.163980E-02 
  7.690300E+00   5.123721E+00   7.198923E-02 
  7.700278E+00   5.065007E+00   7.139192E-02 
  7.710257E+00   5.034938E+00   7.210502E-02 
  7.720236E+00   5.094946E+00   6.994781E+00 
  7.730215E+00   5.006847E+00   6.934043E+00 
  7.740194E+00   5.047962E+00   7.204230E-02 
  7.750173E+00   5.015770E+00   7.147329E-02 
  7.760151E+00   5.095676E+00   7.347903E-02 
  7.770130E+00   5.176559E+00   7.369831E-02 
  7.780109E+00   5.153206E+00   7.314773E-02 
  7.790088E+00   5.085798E+00   7.204602E-02 
  7.800067E+00   5.140821E+00   7.321701E-02 
  7.810046E+00   5.110129E+00   7.319936E-02 
  7.820025E+00   5.188181E+00   7.373713E-02 
  7.830003E+00   5.089527E+00   7.221517E-02 
  7.839982E+00   5.154250E+00   7.035372E+00 
  7.849961E+00   5.148595E+00   7.031511E+00 
  7.859940E+00   5.152187E+00   7.434162E-02 
  7.869919E+00   5.128594E+00   7.350557E-02 
  7.879898E+00   5.202896E+00   7.291397E-02 
  7.889877E+00   5.035483E+00   7.208611E-02 
  7.899855E+00   5.111025E+00   7.005810E+00 
  7.909834E+00   5.100059E+00   6.998290E+00 
  7.919813E+00   5.176690E+00   7.221182E-02 
  7.929792E+00   5.261226E+00   7.345622E-02 
  7.939771E+00   5.280200E+00   7.384923E-02 
  7.949750E+00   5.199694E+00   7.362352E-02 
  7.959729E+00   5.232790E+00   7.088772E+00 
  7.969707E+00   5.268603E+00   7.112988E+00 
  7.979686E+00   5.285655E+00   7.124489E+00 
  7.989665E+00   5.130365E+00   7.368597E-02 
  7.999644E+00   5.308024E+00   7.385775E-02 
  8.009623E+00   5.248799E+00   7.461355E-02 
  8.019602E+00   5.445265E+00   7.486317E-02 
  8.029581E+00   5.337268E+00   7.520288E-02 
  8.039559E+00   5.299131E+00   7.347403E-02 
  8.049538E+00   5.188111E+00   7.291831E-02 
  8.059517E+00   5.212957E+00   7.344960E-02 
  8.069496E+00   5.251322E+00   7.327355E-02 
  8.079475E+00   5.270655E+00   7.378950E-02 
  8.089454E+00   5.328035E+00   7.568022E-02 
  8.099433E+00   5.464416E+00   7.621490E-02 
  8.109411E+00   5.360993E+00   7.507940E-02 
  8.119390E+00   5.412129E+00   7.492609E-02 
  8.129369E+00   5.261195E+00   7.107985E+00 
  8.139348E+00   5.415775E+00   7.211650E+00 
  8.149327E+00   5.329312E+00   7.331147E-02 
  8.159306E+00   5.283588E+00   7.491845E-02 
  8.169284E+00   5.224003E+00   7.366120E-02 
  8.179263E+00   5.335957E+00   7.438847E-02 
  8.189242E+00   5.309903E+00   7.395470E-02 
  8.199221E+00   5.316332E+00   7.448289E-02 
  8.209200E+00   5.333580E+00   7.415556E-02 
  8.219179E+00   5.398250E+00   7.536141E-02 
  8.229158E+00   5.459887E+00   7.557654E-02 
  8.239136E+00   5.282519E+00   7.410885E-02 
  8.249115E+00   5.312359E+00   7.462727E-02 
  8.259094E+00   5.449093E+00   7.494882E-02 
  8.269073E+00   5.376823E+00   7.408131E-02 
  8.279052E+00   5.439760E+00   7.573881E-02 
  8.289031E+00   5.367022E+00   7.179117E+00 
  8.299010E+00   5.330318E+00   7.154527E+00 
  8.308988E+00   5.519647E+00   7.625857E-02 
  8.318967E+00   5.539120E+00   7.647187E-02 
  8.328946E+00   5.527871E+00   7.671410E-02 
  8.338925E+00   5.277437E+00   7.431720E-02 
  8.348904E+00   5.352380E+00   7.349816E-02 
  8.358883E+00   5.347416E+00   7.538143E-02 
  8.368862E+00   5.390452E+00   7.481959E-02 
  8.378840E+00   5.406023E+00   7.205154E+00 
  8.388819E+00   5.431745E+00   7.222275E+00 
  8.398798E+00   5.541167E+00   7.294658E+00 
  8.408777E+00   5.528082E+00   7.286040E+00 
  8.418756E+00   5.428512E+00   7.220125E+00 
  8.428735E+00   5.472674E+00   7.249435E+00 
  8.438714E+00   5.431852E+00   7.222346E+00 
  8.448692E+00   5.490716E+00   7.553118E-02 
  8.458671E+00   5.549979E+00   7.737927E-02 
  8.468650E+00   5.508932E+00   7.531471E-02 
  8.478629E+00   5.635909E+00   7.356756E+00 
  8.488608E+00   5.556286E+00   7.304603E+00 
  8.498587E+00   5.370987E+00   7.181768E+00 
  8.508566E+00   5.423688E+00   7.216917E+00 
  8.518544E+00   5.488933E+00   7.260195E+00 
  8.528523E+00   5.387855E+00   7.193037E+00 
  8.538502E+00   5.604379E+00   7.336148E+00 
  8.548481E+00   5.704070E+00   7.401108E+00 
  8.558460E+00   5.442436E+00   7.229379E+00 
  8.568439E+00   5.624637E+00   7.349395E+00 
  8.578417E+00   5.512337E+00   7.561723E-02 
  8.588396E+00   5.623732E+00   7.719397E-02 
  8.598375E+00   5.498651E+00   7.266619E+00 
  8.608354E+00   5.614165E+00   7.342550E+00 
  8.618333E+00   5.606211E+00   7.462667E-02 
  8.628312E+00   5.665280E+00   7.783181E-02 
  8.638291E+00   5.622308E+00   7.717562E-02 
  8.648269E+00   5.467584E+00   7.481961E-02 
  8.658248E+00   5.432666E+00   7.505644E-02 
  8.668227E+00   5.517437E+00   7.700555E-02 
  8.678206E+00   5.530142E+00   7.595112E-02 
  8.688185E+00   5.573520E+00   7.550720E-02 
  8.698164E+00   5.615467E+00   7.685104E-02 
  8.708143E+00   5.623706E+00   7.679119E-02 
  8.718121E+00   5.797116E+00   7.818433E-02 
  8.728100E+00   5.667613E+00   7.734535E-02 
  8.738079E+00   5.642838E+00   7.361277E+00 
  8.748058E+00   5.699195E+00   7.397945E+00 
  8.758037E+00   5.666767E+00   7.681388E-02 
  8.768016E+00   5.755483E+00   7.845020E-02 
  8.777995E+00   5.698966E+00   7.694322E-02 
  8.787973E+00   5.647276E+00   7.695990E-02 
  8.797952E+00   5.683772E+00   7.739497E-02 
  8.807931E+00   5.643674E+00   7.361822E+00 
  8.817910E+00   5.800950E+00   7.463695E+00 
  8.827889E+00   5.655528E+00   7.369549E+00 
  8.837868E+00   5.750361E+00   7.431079E+00 
  8.847847E+00   5.692534E+00   7.829744E-02 
  8.857825E+00   5.669071E+00   7.378368E+00 
  8.867804E+00   5.809290E+00   7.469059E+00 
  8.877783E+00   5.821213E+00   7.476719E+00 
  8.887762E+00   5.670356E+00   7.379203E+00 
  8.897741E+00   5.608342E+00   7.560262E-02 
  8.907720E+00   5.625330E+00   7.668712E-02 
  8.917699E+00   5.620614E+00   7.669701E-02 
  8.927677E+00   5.886823E+00   7.828380E-02 
  8.937656E+00   5.660727E+00   7.711974E-02 
  8.947635E+00   5.786506E+00   7.454397E+00 
  8.957614E+00   5.716490E+00   7.409161E+00 
  8.967593E+00   5.653232E+00   7.688222E-02 
  8.977572E+00   5.801836E+00   7.862125E-02 
  8.987550E+00   5.753792E+00   7.803832E-02 
  8.997529E+00   5.858696E+00   7.854298E-02 
  9.007508E+00   5.808809E+00   7.834002E-02 
  9.017487E+00   5.730251E+00   7.795023E-02 
  9.027466E+00   5.783093E+00   7.683114E-02 
  9.037445E+00   5.841356E+00   7.776954E-02 
  9.047424E+00   5.918687E+00   7.934884E-02 
  9.057402E+00   5.769888E+00   7.443686E+00 
  9.067381E+00   5.730026E+00   7.417929E+00 
  9.077360E+00   5.848987E+00   7.874940E-02 
  9.087339E+00   5.922860E+00   7.950639E-02 
  9.097318E+00   5.903926E+00   7.953162E-02 
  9.107297E+00   5.878745E+00   7.963776E-02 
  9.117276E+00   5.909644E+00   7.710817E-02 
  9.127254E+00   5.790962E+00   7.816142E-02 
  9.137233E+00   5.828821E+00   7.902855E-02 
  9.147212E+00   5.836424E+00   7.860567E-02 
  9.157191E+00   5.990467E+00   7.917291E-02 
  9.167170E+00   5.944961E+00   7.969037E-02 
  9.177149E+00   5.914407E+00   7.966273E-02 
  9.187128E+00   5.937070E+00   7.855635E-02 
  9.197106E+00   5.673667E+00   7.381358E+00 
  9.207085E+00   5.978749E+00   7.577213E+00 
  9.217064E+00   5.952178E+00   7.560357E+00 
  9.227043E+00   5.866763E+00   7.875884E-02 
  9.237022E+00   6.026632E+00   8.012541E-02 
  9.247001E+00   6.010698E+00   7.947029E-02 
  9.256980E+00   5.970187E+00   8.019241E-02 
  9.266958E+00   5.837659E+00   7.830643E-02 
  9.276937E+00   5.877540E+00   7.919771E-02 
  9.286916E+00   5.986761E+00   7.582289E+00 
  9.296895E+00   5.861195E+00   7.502351E+00 
  9.306874E+00   5.938145E+00   7.551440E+00 
  9.316853E+00   6.022507E+00   7.604891E+00 
  9.326832E+00   6.038668E+00   8.269277E-02 
  9.336810E+00   5.954768E+00   8.034456E-02 
  9.346789E+00   5.932431E+00   7.905269E-02 
  9.356768E+00   5.951007E+00   7.904818E-02 
  9.366747E+00   6.166991E+00   8.268953E-02 
  9.376726E+00   5.915675E+00   7.955269E-02 
  9.386705E+00   6.000829E+00   7.591192E+00 
  9.396683E+00   6.106160E+00   7.657525E+00 
  9.406662E+00   5.971410E+00   7.889532E-02 
  9.416641E+00   6.060285E+00   8.055969E-02 
  9.426620E+00   5.900272E+00   7.844787E-02 
  9.436599E+00   5.918968E+00   7.971546E-02 
  9.446578E+00   6.122892E+00   7.988532E-02 
  9.456557E+00   5.968449E+00   7.997170E-02 
  9.466535E+00   5.926677E+00   7.958831E-02 
  9.476514E+00   6.051746E+00   8.135267E-02 
  9.486493E+00   6.114801E+00   8.084925E-02 
  9.496472E+00   6.030094E+00   7.978181E-02 
  9.506451E+00   6.049015E+00   8.073197E-02 
  9.516430E+00   5.939326E+00   7.976663E-02 
  9.526409E+00   6.083815E+00   7.919400E-02 
  9.536387E+00   6.048960E+00   8.083443E-02 
  9.546366E+00   6.030379E+00   7.927573E-02 
  9.556345E+00   6.125397E+00   8.109182E-02 
  9.566324E+00   6.147806E+00   8.017146E-02 
  9.576303E+00   6.076178E+00   8.111319E-02 
  9.586282E+00   6.216958E+00   8.038220E-02 
  9.596261E+00   6.205953E+00   7.719845E+00 
  9.606239E+00   6.107215E+00   7.658186E+00 
  9.616218E+00   6.039718E+00   7.615750E+00 
  9.626197E+00   6.089607E+00   8.043559E-02 
  9.636176E+00   6.001465E+00   8.027011E-02 
  9.646155E+00   6.244276E+00   8.076879E-02 
  9.656134E+00   6.091874E+00   7.984139E-02 
  9.666113E+00   6.073041E+00   8.111343E-02 
  9.676091E+00   6.079991E+00   7.840906E-02 
  9.686070E+00   6.172468E+00   8.158941E-02 
  9.696049E+00   6.229735E+00   8.176212E-02 
  9.706028E+00   6.226250E+00   8.061134E-02 
  9.716007E+00   6.188554E+00   8.159252E-02 
  9.725986E+00   6.199887E+00   8.203676E-02 
  9.735964E+00   6.350796E+00   7.809413E+00 
  9.745943E+00   6.262160E+00   7.754726E+00 
  9.755922E+00   6.167615E+00   7.695963E+00 
  9.765901E+00   6.231418E+00   8.151219E-02 
  9.775880E+00   6.085637E+00   7.644645E+00 
  9.785859E+00   6.172131E+00   7.698780E+00 
  9.795838E+00   6.190725E+00   8.000244E-02 
  9.805816E+00   6.339262E+00   8.296432E-02 
  9.815795E+00   6.241128E+00   8.206801E-02 
  9.825774E+00   6.046900E+00   8.125142E-02 
  9.835753E+00   6.217712E+00   8.140883E-02 
  9.845732E+00   6.321138E+00   8.190072E-02 
  9.855711E+00   6.204943E+00   7.949905E-02 
  9.865690E+00   6.344683E+00   8.160737E-02 
  9.875668E+00   6.322507E+00   8.378785E-02 
  9.885647E+00   6.259034E+00   8.081202E-02 
  9.895626E+00   6.229768E+00   8.214183E-02 
  9.905605E+00   6.402736E+00   8.216050E-02 
  9.915584E+00   6.282540E+00   8.078847E-02 
  9.925563E+00   6.268650E+00   8.182269E-02 
  9.935542E+00   6.237888E+00   8.223304E-02 
  9.945520E+00   6.149783E+00   8.109174E-02 
  9.955499E+00   6.475265E+00   8.271161E-02 
  9.965478E+00   6.489635E+00   8.369056E-02 
  9.975457E+00   6.343602E+00   7.804989E+00 
  9.985436E+00   6.351023E+00   7.809553E+00 
  9.995415E+00   6.339123E+00   7.802233E+00 
  1.000539E+01   6.337159E+00   8.249887E-02 
  1.001537E+01   6.408865E+00   7.845035E+00 
  1.002535E+01   6.427459E+00   7.856407E+00 
  1.003533E+01   6.436029E+00   7.861644E+00 
  1.004531E+01   6.421184E+00   7.852571E+00 
  1.005529E+01   6.537140E+00   7.923156E+00 
  1.006527E+01   6.680263E+00   8.434396E-02 
  1.007525E+01   6.570018E+00   8.616493E-02 
  1.008522E+01   6.608369E+00   8.997622E-02 
  1.009520E+01   6.461651E+00   7.877276E+00 
  1.010518E+01   6.532014E+00   9.178971E-02 
  1.011516E+01   6.736841E+00   9.374211E-02 
  1.012514E+01   6.418987E+00   7.851228E+00 
  1.013512E+01   6.526028E+00   7.916420E+00 
  1.014510E+01   6.743498E+00   9.709371E-02 
  1.015508E+01   6.358987E+00   9.611933E-02 
  1.016506E+01   6.595941E+00   9.816692E-02 
  1.017503E+01   6.524849E+00   9.782673E-02 
  1.018501E+01   6.550164E+00   9.867217E-02 
  1.019499E+01   6.436765E+00   9.977744E-02 
