

  2.261171E-01   2.838088E+01   2.025828E+00 
  2.360959E-01   2.089041E+01   1.756920E+00 
  2.460748E-01   2.468674E+01   1.040300E+00 
  2.560536E-01   2.499344E+01   8.398279E-01 
  2.660325E-01   2.448444E+01   8.091872E-01 
  2.760113E-01   2.299504E+01   6.463474E-01 
  2.859902E-01   2.233691E+01   5.707482E-01 
  2.959690E-01   2.104165E+01   5.132505E-01 
  3.059479E-01   2.204501E+01   4.866062E-01 
  3.159268E-01   2.100376E+01   4.904071E-01 
  3.259056E-01   2.094064E+01   4.767267E-01 
  3.358845E-01   2.064812E+01   4.663735E-01 
  3.458633E-01   2.078960E+01   4.619567E-01 
  3.558422E-01   2.109704E+01   4.498675E-01 
  3.658210E-01   2.075544E+01   4.394513E-01 
  3.757999E-01   1.997291E+01   4.037853E-01 
  3.857787E-01   1.961090E+01   4.173782E-01 
  3.957576E-01   1.911365E+01   3.751392E-01 
  4.057364E-01   1.928861E+01   3.848185E-01 
  4.157153E-01   1.959204E+01   4.065386E-01 
  4.256941E-01   1.895892E+01   1.268213E+01 
  4.356730E-01   1.963628E+01   1.290669E+01 
  4.456519E-01   1.881234E+01   1.263301E+01 
  4.556307E-01   1.848301E+01   3.666913E-01 
  4.656096E-01   1.847184E+01   1.251816E+01 
  4.755884E-01   1.890590E+01   1.266438E+01 
  4.855673E-01   1.811360E+01   1.239618E+01 
  4.955461E-01   1.755466E+01   1.220342E+01 
  5.055250E-01   1.785494E+01   3.363501E-01 
  5.155038E-01   1.799931E+01   3.412708E-01 
  5.254827E-01   1.767433E+01   3.415903E-01 
  5.354615E-01   1.779589E+01   3.245390E-01 
  5.454404E-01   1.671073E+01   3.262488E-01 
  5.554192E-01   1.711383E+01   3.098230E-01 
  5.653981E-01   1.719435E+01   3.442304E-01 
  5.753769E-01   1.711886E+01   3.256762E-01 
  5.853558E-01   1.683584E+01   3.215345E-01 
  5.953347E-01   1.727809E+01   3.222280E-01 
  6.053135E-01   1.714758E+01   3.125727E-01 
  6.152924E-01   1.657052E+01   3.152591E-01 
  6.252712E-01   1.647785E+01   3.140102E-01 
  6.352501E-01   1.623801E+01   3.098693E-01 
  6.452289E-01   1.637818E+01   3.078454E-01 
  6.552078E-01   1.621463E+01   2.878533E-01 
  6.651866E-01   1.598108E+01   3.080354E-01 
  6.751655E-01   1.559174E+01   3.011041E-01 
  6.851443E-01   1.616973E+01   2.985732E-01 
  6.951232E-01   1.538290E+01   2.904610E-01 
  7.051020E-01   1.537584E+01   2.970294E-01 
  7.150809E-01   1.517650E+01   2.984125E-01 
  7.250597E-01   1.507685E+01   1.130943E+01 
  7.350386E-01   1.429984E+01   1.101415E+01 
  7.450175E-01   1.475708E+01   1.118885E+01 
  7.549963E-01   1.413369E+01   2.770600E-01 
  7.649752E-01   1.375562E+01   2.717353E-01 
  7.749540E-01   1.467374E+01   2.794422E-01 
  7.849329E-01   1.431093E+01   2.736662E-01 
  7.949117E-01   1.390296E+01   2.661818E-01 
  8.048906E-01   1.395108E+01   2.677649E-01 
  8.148694E-01   1.433574E+01   2.645641E-01 
  8.248483E-01   1.378923E+01   2.581093E-01 
  8.348271E-01   1.336691E+01   2.549268E-01 
  8.448060E-01   1.338601E+01   2.477313E-01 
  8.547848E-01   1.349105E+01   2.528930E-01 
  8.647637E-01   1.301585E+01   2.436009E-01 
  8.747426E-01   1.292733E+01   2.355162E-01 
  8.847214E-01   1.303642E+01   2.431509E-01 
  8.947003E-01   1.301565E+01   2.433008E-01 
  9.046791E-01   1.272976E+01   2.392692E-01 
  9.146580E-01   1.267154E+01   2.394898E-01 
  9.246368E-01   1.231683E+01   2.368167E-01 
  9.346157E-01   1.230095E+01   2.306564E-01 
  9.445945E-01   1.209770E+01   2.299502E-01 
  9.545734E-01   1.242888E+01   2.322162E-01 
  9.645522E-01   1.179087E+01   2.358757E-01 
  9.745311E-01   1.194254E+01   2.288406E-01 
  9.845099E-01   1.127587E+01   9.780485E+00 
  9.944888E-01   1.104748E+01   9.680927E+00 
  1.004468E+00   1.166684E+01   2.208520E-01 
  1.014447E+00   1.146623E+01   9.862694E+00 
  1.024425E+00   1.154664E+01   9.897217E+00 
  1.034404E+00   1.103485E+01   9.675392E+00 
  1.044383E+00   1.086685E+01   2.088188E-01 
  1.054362E+00   1.064730E+01   2.091121E-01 
  1.064341E+00   1.051539E+01   2.038359E-01 
  1.074320E+00   1.050386E+01   2.042361E-01 
  1.084298E+00   1.034936E+01   2.031519E-01 
  1.094277E+00   9.875565E+00   1.925791E-01 
  1.104256E+00   1.032314E+01   1.961153E-01 
  1.114235E+00   9.540429E+00   8.996411E+00 
  1.124214E+00   9.843112E+00   9.138008E+00 
  1.134193E+00   9.422089E+00   1.942429E-01 
  1.144172E+00   9.764354E+00   1.881313E-01 
  1.154150E+00   9.499089E+00   1.904439E-01 
  1.164129E+00   9.301593E+00   1.892729E-01 
  1.174108E+00   9.298121E+00   1.845656E-01 
  1.184087E+00   8.928508E+00   1.832553E-01 
  1.194066E+00   9.094074E+00   1.785776E-01 
  1.204045E+00   9.040139E+00   1.805405E-01 
  1.214024E+00   8.984790E+00   1.870633E-01 
  1.224002E+00   8.685573E+00   1.744774E-01 
  1.233981E+00   8.486994E+00   1.718346E-01 
  1.243960E+00   8.570054E+00   1.762609E-01 
  1.253939E+00   8.213984E+00   1.704649E-01 
  1.263918E+00   8.047921E+00   1.652765E-01 
  1.273897E+00   8.330464E+00   1.693402E-01 
  1.283876E+00   8.357992E+00   8.420470E+00 
  1.293854E+00   7.916687E+00   8.195154E+00 
  1.303833E+00   7.709303E+00   1.636329E-01 
  1.313812E+00   7.569816E+00   1.558017E-01 
  1.323791E+00   7.828191E+00   1.630508E-01 
  1.333770E+00   7.583202E+00   1.617963E-01 
  1.343749E+00   7.491402E+00   1.535143E-01 
  1.353728E+00   7.518236E+00   1.617253E-01 
  1.363706E+00   7.234422E+00   1.534720E-01 
  1.373685E+00   7.670212E+00   1.615712E-01 
  1.383664E+00   7.007037E+00   1.531902E-01 
  1.393643E+00   7.110376E+00   1.492569E-01 
  1.403622E+00   7.035756E+00   1.525722E-01 
  1.413601E+00   6.942420E+00   7.674335E+00 
  1.423579E+00   6.512031E+00   7.432648E+00 
  1.433558E+00   6.659639E+00   1.454118E-01 
  1.443537E+00   6.654982E+00   1.470466E-01 
  1.453516E+00   6.758610E+00   1.453212E-01 
  1.463495E+00   6.637299E+00   1.438309E-01 
  1.473474E+00   6.320224E+00   1.404098E-01 
  1.483453E+00   6.368620E+00   1.376306E-01 
  1.493431E+00   6.288076E+00   1.394639E-01 
  1.503410E+00   6.324278E+00   1.392896E-01 
  1.513389E+00   6.029938E+00   1.405885E-01 
  1.523368E+00   5.929068E+00   1.327879E-01 
  1.533347E+00   5.974768E+00   1.301834E-01 
  1.543326E+00   6.047854E+00   7.162852E+00 
  1.553305E+00   5.847762E+00   7.043365E+00 
  1.563283E+00   5.787113E+00   1.295159E-01 
  1.573262E+00   5.801561E+00   1.314004E-01 
  1.583241E+00   5.687189E+00   1.280999E-01 
  1.593220E+00   5.636986E+00   1.274812E-01 
  1.603199E+00   5.785075E+00   1.296815E-01 
  1.613178E+00   5.678932E+00   1.264028E-01 
  1.623157E+00   5.205273E+00   1.205565E-01 
  1.633135E+00   5.173905E+00   1.175644E-01 
  1.643114E+00   5.127560E+00   1.214147E-01 
  1.653093E+00   5.222075E+00   1.193280E-01 
  1.663072E+00   5.107044E+00   1.183237E-01 
  1.673051E+00   5.030764E+00   1.182505E-01 
  1.683030E+00   5.054644E+00   1.187574E-01 
  1.693009E+00   4.975794E+00   1.167623E-01 
  1.702987E+00   4.883807E+00   1.161320E-01 
  1.712966E+00   4.927012E+00   1.174495E-01 
  1.722945E+00   4.794498E+00   1.156996E-01 
  1.732924E+00   4.686077E+00   1.114000E-01 
  1.742903E+00   4.682298E+00   1.097538E-01 
  1.752882E+00   4.831054E+00   1.114845E-01 
  1.762861E+00   4.731709E+00   1.125043E-01 
  1.772839E+00   4.528899E+00   1.073558E-01 
  1.782818E+00   4.740024E+00   1.128717E-01 
  1.792797E+00   4.669228E+00   1.115342E-01 
  1.802776E+00   4.481117E+00   1.083778E-01 
  1.812755E+00   4.139906E+00   1.039698E-01 
  1.822734E+00   4.273988E+00   1.037658E-01 
  1.832712E+00   4.375243E+00   6.092372E+00 
  1.842691E+00   4.154128E+00   5.936429E+00 
  1.852670E+00   4.177439E+00   5.953062E+00 
  1.862649E+00   3.946131E+00   5.785902E+00 
  1.872628E+00   3.971551E+00   9.917778E-02 
  1.882607E+00   3.958927E+00   1.019046E-01 
  1.892586E+00   4.110996E+00   1.020047E-01 
  1.902564E+00   4.007893E+00   5.831005E+00 
  1.912543E+00   4.020837E+00   5.840413E+00 
  1.922522E+00   3.979538E+00   9.999287E-02 
  1.932501E+00   4.016386E+00   1.010538E-01 
  1.942480E+00   3.713354E+00   9.712156E-02 
  1.952459E+00   3.915791E+00   9.747670E-02 
  1.962438E+00   3.843506E+00   9.762483E-02 
  1.972416E+00   3.732702E+00   9.722561E-02 
  1.982395E+00   3.968678E+00   9.763232E-02 
  1.992374E+00   3.774452E+00   9.662058E-02 
  2.002353E+00   3.622265E+00   9.228828E-02 
  2.012332E+00   3.559189E+00   9.315437E-02 
  2.022311E+00   3.759775E+00   9.578594E-02 
  2.032290E+00   3.643228E+00   9.179365E-02 
  2.042268E+00   3.583978E+00   9.260214E-02 
  2.052247E+00   3.623780E+00   9.079888E-02 
  2.062226E+00   3.632036E+00   9.415277E-02 
  2.072205E+00   3.598535E+00   8.934245E-02 
  2.082184E+00   3.640702E+00   9.289469E-02 
  2.092163E+00   3.504321E+00   8.861136E-02 
  2.102142E+00   3.430351E+00   8.724406E-02 
  2.112120E+00   3.524233E+00   9.131865E-02 
  2.122099E+00   3.350724E+00   8.476465E-02 
  2.132078E+00   3.420658E+00   8.754124E-02 
  2.142057E+00   3.261275E+00   5.259919E+00 
  2.152036E+00   3.301834E+00   5.292526E+00 
  2.162015E+00   3.450149E+00   8.903205E-02 
  2.171994E+00   3.289936E+00   5.282982E+00 
  2.181972E+00   3.471400E+00   5.426723E+00 
  2.191951E+00   3.304301E+00   5.294502E+00 
  2.201930E+00   3.495471E+00   5.445505E+00 
  2.211909E+00   3.311731E+00   8.443432E-02 
  2.221888E+00   3.328689E+00   8.369174E-02 
  2.231867E+00   3.238328E+00   8.413366E-02 
  2.241845E+00   3.345936E+00   8.428663E-02 
  2.251824E+00   3.262179E+00   8.608051E-02 
  2.261803E+00   3.119916E+00   8.157857E-02 
  2.271782E+00   3.223272E+00   8.266123E-02 
  2.281761E+00   3.197180E+00   8.387203E-02 
  2.291740E+00   3.034734E+00   7.790973E-02 
  2.301719E+00   3.142552E+00   8.074095E-02 
  2.311697E+00   3.162382E+00   8.155714E-02 
  2.321676E+00   3.158831E+00   8.153282E-02 
  2.331655E+00   3.122485E+00   7.877956E-02 
  2.341634E+00   3.166186E+00   8.005563E-02 
  2.351613E+00   3.051108E+00   7.822549E-02 
  2.361592E+00   3.072260E+00   7.975187E-02 
  2.371571E+00   3.132338E+00   8.173185E-02 
  2.381549E+00   3.191677E+00   7.951672E-02 
  2.391528E+00   3.094654E+00   7.734527E-02 
  2.401507E+00   2.935303E+00   7.677483E-02 
  2.411486E+00   3.185858E+00   7.926300E-02 
  2.421465E+00   3.108243E+00   7.987591E-02 
  2.431444E+00   3.121009E+00   7.826596E-02 
  2.441423E+00   3.043288E+00   7.801900E-02 
  2.451401E+00   2.990556E+00   7.807932E-02 
  2.461380E+00   3.086310E+00   7.719187E-02 
  2.471359E+00   3.104569E+00   7.904710E-02 
  2.481338E+00   2.956792E+00   7.674106E-02 
  2.491317E+00   3.230484E+00   8.129059E-02 
  2.501296E+00   3.016106E+00   7.710810E-02 
  2.511275E+00   3.031459E+00   7.654195E-02 
  2.521253E+00   3.116477E+00   5.141825E+00 
  2.531232E+00   3.160601E+00   5.178097E+00 
  2.541211E+00   2.992084E+00   7.674117E-02 
  2.551190E+00   3.086643E+00   7.573499E-02 
  2.561169E+00   2.993258E+00   7.349575E-02 
  2.571148E+00   3.163667E+00   7.865589E-02 
  2.581127E+00   3.166251E+00   7.685239E-02 
  2.591105E+00   2.977234E+00   7.362318E-02 
  2.601084E+00   3.025433E+00   7.704958E-02 
  2.611063E+00   3.021516E+00   7.474374E-02 
  2.621042E+00   3.068750E+00   7.672055E-02 
  2.631021E+00   2.972513E+00   7.503137E-02 
  2.641000E+00   3.133917E+00   7.761297E-02 
  2.650978E+00   2.999824E+00   7.419505E-02 
  2.660957E+00   3.047368E+00   7.360430E-02 
  2.670936E+00   3.092970E+00   7.554986E-02 
  2.680915E+00   2.959668E+00   7.271001E-02 
  2.690894E+00   2.997719E+00   7.797627E-02 
  2.700873E+00   3.069404E+00   7.439196E-02 
  2.710852E+00   3.021190E+00   5.062609E+00 
  2.720830E+00   2.968271E+00   5.018075E+00 
  2.730809E+00   3.161676E+00   5.178977E+00 
  2.740788E+00   3.127861E+00   7.716415E-02 
  2.750767E+00   3.042142E+00   5.080133E+00 
  2.760746E+00   2.995929E+00   5.041399E+00 
  2.770725E+00   3.152535E+00   7.416387E-02 
  2.780704E+00   2.992809E+00   7.165144E-02 
  2.790682E+00   3.035793E+00   7.487714E-02 
  2.800661E+00   2.999366E+00   7.289544E-02 
  2.810640E+00   3.039671E+00   7.301746E-02 
  2.820619E+00   2.954877E+00   7.348880E-02 
  2.830598E+00   2.994654E+00   7.041887E-02 
  2.840577E+00   2.986020E+00   7.293703E-02 
  2.850556E+00   3.078589E+00   7.268203E-02 
  2.860534E+00   3.028931E+00   7.165491E-02 
  2.870513E+00   3.129243E+00   5.152346E+00 
  2.880492E+00   2.864001E+00   4.929149E+00 
  2.890471E+00   2.914097E+00   4.972071E+00 
  2.900450E+00   2.968772E+00   5.018498E+00 
  2.910429E+00   2.990618E+00   5.036929E+00 
  2.920408E+00   2.953925E+00   6.930488E-02 
  2.930386E+00   3.039394E+00   7.208033E-02 
  2.940365E+00   2.918769E+00   7.065274E-02 
  2.950344E+00   3.070267E+00   7.100619E-02 
  2.960323E+00   3.058449E+00   7.219851E-02 
  2.970302E+00   3.052349E+00   7.078474E-02 
  2.980281E+00   2.897593E+00   7.013651E-02 
  2.990260E+00   3.058761E+00   7.235161E-02 
  3.000238E+00   2.956194E+00   6.922750E-02 
  3.010217E+00   2.965404E+00   6.931633E-02 
  3.020196E+00   3.044241E+00   7.135507E-02 
  3.030175E+00   2.983992E+00   7.058033E-02 
  3.040154E+00   2.993659E+00   5.039489E+00 
  3.050133E+00   3.039026E+00   5.077530E+00 
  3.060111E+00   3.030627E+00   7.168454E-02 
  3.070090E+00   3.116940E+00   5.142207E+00 
  3.080069E+00   3.029208E+00   5.069322E+00 
  3.090048E+00   3.055661E+00   7.036913E-02 
  3.100027E+00   2.931945E+00   6.787924E-02 
  3.110006E+00   2.934321E+00   6.902847E-02 
  3.119985E+00   3.075729E+00   6.970445E-02 
  3.129963E+00   3.052107E+00   6.865008E-02 
  3.139942E+00   3.075635E+00   6.897395E-02 
  3.149921E+00   2.969988E+00   6.770336E-02 
  3.159900E+00   3.102276E+00   7.126293E-02 
  3.169879E+00   2.949809E+00   5.002445E+00 
  3.179858E+00   2.969195E+00   5.018856E+00 
  3.189837E+00   3.034934E+00   6.841399E-02 
  3.199815E+00   2.945889E+00   6.683787E-02 
  3.209794E+00   3.043956E+00   6.866863E-02 
  3.219773E+00   2.929941E+00   6.624666E-02 
  3.229752E+00   3.035670E+00   6.942381E-02 
  3.239731E+00   3.025189E+00   6.681581E-02 
  3.249710E+00   2.997782E+00   6.847212E-02 
  3.259689E+00   3.069969E+00   6.856948E-02 
  3.269667E+00   2.945989E+00   6.813700E-02 
  3.279646E+00   3.132576E+00   6.988877E-02 
  3.289625E+00   2.976346E+00   6.763806E-02 
  3.299604E+00   2.994236E+00   6.886318E-02 
  3.309583E+00   3.148813E+00   7.006196E-02 
  3.319562E+00   3.029251E+00   6.820607E-02 
  3.329541E+00   2.933120E+00   6.596573E-02 
  3.339519E+00   3.105667E+00   6.829893E-02 
  3.349498E+00   3.015317E+00   6.697334E-02 
  3.359477E+00   2.935816E+00   4.990566E+00 
  3.369456E+00   2.931034E+00   4.986500E+00 
  3.379435E+00   2.949431E+00   5.002124E+00 
  3.389414E+00   2.990910E+00   5.037175E+00 
  3.399392E+00   3.026596E+00   6.665159E-02 
  3.409371E+00   2.948116E+00   6.671335E-02 
  3.419350E+00   3.023689E+00   5.064702E+00 
  3.429329E+00   2.938479E+00   4.992829E+00 
  3.439308E+00   3.040257E+00   5.078558E+00 
  3.449287E+00   3.072213E+00   6.667915E-02 
  3.459266E+00   3.066915E+00   6.569138E-02 
  3.469244E+00   3.187751E+00   6.670990E-02 
  3.479223E+00   3.121023E+00   5.145574E+00 
  3.489202E+00   3.093183E+00   5.122573E+00 
  3.499181E+00   3.116622E+00   5.141945E+00 
  3.509160E+00   2.980928E+00   5.028762E+00 
  3.519139E+00   3.007303E+00   6.610144E-02 
  3.529118E+00   2.908802E+00   6.389795E-02 
  3.539096E+00   3.089929E+00   6.627774E-02 
  3.549075E+00   3.026205E+00   6.544196E-02 
  3.559054E+00   3.138863E+00   6.459758E-02 
  3.569033E+00   3.164856E+00   6.649114E-02 
  3.579012E+00   3.140192E+00   6.565932E-02 
  3.588991E+00   3.042718E+00   6.594760E-02 
  3.598970E+00   3.021738E+00   6.526198E-02 
  3.608948E+00   3.121560E+00   6.574537E-02 
  3.618927E+00   3.012880E+00   6.586432E-02 
  3.628906E+00   3.076433E+00   6.507950E-02 
  3.638885E+00   3.119573E+00   6.554773E-02 
  3.648864E+00   3.137833E+00   6.585087E-02 
  3.658843E+00   3.014939E+00   6.504710E-02 
  3.668822E+00   3.011368E+00   5.054373E+00 
  3.678800E+00   3.019452E+00   5.061153E+00 
  3.688779E+00   3.025427E+00   6.473800E-02 
  3.698758E+00   3.058600E+00   6.399166E-02 
  3.708737E+00   2.986326E+00   6.421652E-02 
  3.718716E+00   3.069280E+00   6.481338E-02 
  3.728695E+00   3.030079E+00   6.414127E-02 
  3.738674E+00   3.037831E+00   6.500525E-02 
  3.748652E+00   3.019882E+00   6.462047E-02 
  3.758631E+00   2.965813E+00   5.015996E+00 
  3.768610E+00   3.049801E+00   5.086524E+00 
  3.778589E+00   2.966855E+00   5.016878E+00 
  3.788568E+00   3.009365E+00   6.480623E-02 
  3.798547E+00   3.070250E+00   6.270984E-02 
  3.808525E+00   3.002437E+00   5.046872E+00 
  3.818504E+00   3.041150E+00   5.079304E+00 
  3.828483E+00   3.002437E+00   6.323366E-02 
  3.838462E+00   3.007215E+00   5.050886E+00 
  3.848441E+00   2.919964E+00   4.977074E+00 
  3.858420E+00   3.084040E+00   6.412722E-02 
  3.868399E+00   3.109071E+00   6.365573E-02 
  3.878377E+00   3.004842E+00   6.401968E-02 
  3.888356E+00   3.049356E+00   6.393969E-02 
  3.898335E+00   2.928397E+00   6.013169E-02 
  3.908314E+00   2.967874E+00   6.199343E-02 
  3.918293E+00   3.056581E+00   6.250937E-02 
  3.928272E+00   3.022499E+00   6.327254E-02 
  3.938251E+00   3.029972E+00   6.173851E-02 
  3.948229E+00   3.015190E+00   6.121933E-02 
  3.958208E+00   2.947211E+00   6.215454E-02 
  3.968187E+00   2.955183E+00   6.163071E-02 
  3.978166E+00   3.076193E+00   6.215501E-02 
  3.988145E+00   2.883219E+00   4.945659E+00 
  3.998124E+00   3.050446E+00   5.087062E+00 
  4.008103E+00   3.129743E+00   6.258226E-02 
  4.018081E+00   2.913649E+00   6.023310E-02 
  4.028060E+00   3.035769E+00   6.139364E-02 
  4.038039E+00   3.010646E+00   6.164905E-02 
  4.048018E+00   3.036698E+00   6.088065E-02 
  4.057997E+00   3.075699E+00   5.108075E+00 
  4.067976E+00   3.058033E+00   5.093384E+00 
  4.077955E+00   3.011549E+00   5.054525E+00 
  4.087933E+00   2.965254E+00   5.015523E+00 
  4.097912E+00   3.036962E+00   6.267809E-02 
  4.107891E+00   3.048689E+00   6.048192E-02 
  4.117870E+00   2.961732E+00   6.134974E-02 
  4.127849E+00   3.076619E+00   6.120678E-02 
  4.137828E+00   2.884239E+00   5.946441E-02 
  4.147807E+00   2.980119E+00   6.154381E-02 
  4.157785E+00   3.018992E+00   5.979153E-02 
  4.167764E+00   3.015780E+00   6.086576E-02 
  4.177743E+00   3.075238E+00   5.107692E+00 
  4.187722E+00   3.048482E+00   5.085424E+00 
  4.197701E+00   3.010204E+00   5.053396E+00 
  4.207680E+00   3.012210E+00   5.971248E-02 
  4.217658E+00   3.016055E+00   6.023884E-02 
  4.227637E+00   2.927283E+00   5.853266E-02 
  4.237616E+00   3.083245E+00   6.093107E-02 
  4.247595E+00   2.953352E+00   5.890514E-02 
  4.257574E+00   2.915913E+00   5.817174E-02 
  4.267553E+00   3.134367E+00   5.156562E+00 
  4.277532E+00   3.009747E+00   5.053012E+00 
  4.287510E+00   2.929438E+00   4.985142E+00 
  4.297489E+00   2.965680E+00   5.015884E+00 
  4.307468E+00   3.072530E+00   5.105443E+00 
  4.317447E+00   2.935568E+00   5.905350E-02 
  4.327426E+00   2.976534E+00   5.944388E-02 
  4.337405E+00   2.974172E+00   5.919878E-02 
  4.347384E+00   3.006180E+00   5.839256E-02 
  4.357362E+00   2.965065E+00   5.953481E-02 
  4.367341E+00   2.989893E+00   5.889119E-02 
  4.377320E+00   2.919087E+00   5.770315E-02 
  4.387299E+00   2.944483E+00   5.790068E-02 
  4.397278E+00   2.947887E+00   5.766728E-02 
  4.407257E+00   2.953744E+00   5.860186E-02 
  4.417236E+00   2.977390E+00   5.681718E-02 
  4.427214E+00   3.013753E+00   5.921770E-02 
  4.437193E+00   3.061580E+00   5.912291E-02 
  4.447172E+00   2.939000E+00   5.785302E-02 
  4.457151E+00   2.970627E+00   5.020066E+00 
  4.467130E+00   2.967514E+00   5.017435E+00 
  4.477109E+00   2.990432E+00   5.869763E-02 
  4.487088E+00   2.926524E+00   5.789760E-02 
  4.497066E+00   2.999834E+00   5.820749E-02 
  4.507045E+00   3.119967E+00   5.998228E-02 
  4.517024E+00   3.010066E+00   5.797368E-02 
  4.527003E+00   3.108305E+00   5.942410E-02 
  4.536982E+00   3.046493E+00   5.083765E+00 
  4.546961E+00   2.856923E+00   4.923054E+00 
  4.556940E+00   2.944047E+00   4.997556E+00 
  4.566918E+00   2.994801E+00   5.707270E-02 
  4.576897E+00   2.947874E+00   5.697026E-02 
  4.586876E+00   2.988401E+00   5.774488E-02 
  4.596855E+00   3.038686E+00   5.770383E-02 
  4.606834E+00   2.967557E+00   5.768058E-02 
  4.616813E+00   3.038168E+00   5.875005E-02 
  4.626791E+00   2.958149E+00   5.713094E-02 
  4.636770E+00   2.930634E+00   5.718434E-02 
  4.646749E+00   2.930835E+00   5.620646E-02 
  4.656728E+00   2.942583E+00   5.758015E-02 
  4.666707E+00   2.938799E+00   5.686813E-02 
  4.676686E+00   3.020031E+00   5.757283E-02 
  4.686665E+00   2.946927E+00   5.583237E-02 
  4.696643E+00   2.985233E+00   5.728022E-02 
  4.706622E+00   3.012700E+00   5.055490E+00 
  4.716601E+00   2.942828E+00   4.996522E+00 
  4.726580E+00   3.046964E+00   5.885159E-02 
  4.736559E+00   2.937419E+00   5.783693E-02 
  4.746538E+00   3.010620E+00   5.966080E-02 
  4.756517E+00   2.976453E+00   5.838430E-02 
  4.766495E+00   3.069036E+00   6.138646E-02 
  4.776474E+00   3.051417E+00   6.015048E-02 
  4.786453E+00   3.004693E+00   5.970098E-02 
  4.796432E+00   3.050674E+00   5.931503E-02 
  4.806411E+00   3.034382E+00   5.999904E-02 
  4.816390E+00   3.037788E+00   5.076497E+00 
  4.826369E+00   2.935261E+00   4.990094E+00 
  4.836347E+00   3.044665E+00   5.082239E+00 
  4.846326E+00   3.039584E+00   5.077997E+00 
  4.856305E+00   3.060831E+00   6.148867E-02 
  4.866284E+00   3.095400E+00   6.086360E-02 
  4.876263E+00   3.114936E+00   6.133629E-02 
  4.886242E+00   3.038617E+00   6.298826E-02 
  4.896221E+00   2.961603E+00   6.266571E-02 
  4.906199E+00   3.013145E+00   6.405873E-02 
  4.916178E+00   2.936774E+00   6.316635E-02 
  4.926157E+00   3.091764E+00   6.472735E-02 
  4.936136E+00   2.990884E+00   6.530509E-02 
  4.946115E+00   2.995619E+00   6.378405E-02 
  4.956094E+00   2.927134E+00   6.367526E-02 
  4.966073E+00   2.951802E+00   6.550427E-02 
  4.976051E+00   2.976054E+00   6.437487E-02 
  4.986030E+00   3.091573E+00   6.571324E-02 
  4.996009E+00   3.064094E+00   6.503865E-02 
  5.005988E+00   2.973660E+00   6.647637E-02 
  5.015967E+00   2.984795E+00   6.759581E-02 
  5.025946E+00   2.950883E+00   6.802091E-02 
  5.035924E+00   3.060167E+00   6.513475E-02 
  5.045903E+00   3.110332E+00   6.842525E-02 
  5.055882E+00   3.060713E+00   6.795561E-02 
  5.065861E+00   3.109320E+00   6.847142E-02 
  5.075840E+00   3.020621E+00   6.925502E-02 
  5.085819E+00   3.079436E+00   5.111177E+00 
  5.095798E+00   3.050809E+00   5.087364E+00 
  5.105776E+00   3.089837E+00   5.119802E+00 
  5.115755E+00   3.065936E+00   5.099961E+00 
  5.125734E+00   3.110585E+00   5.136963E+00 
  5.135713E+00   2.980735E+00   5.028599E+00 
  5.145692E+00   3.108267E+00   5.135048E+00 
  5.155671E+00   3.193992E+00   5.205378E+00 
  5.165650E+00   3.073861E+00   5.106548E+00 
  5.175628E+00   3.026479E+00   5.067038E+00 
  5.185607E+00   3.156369E+00   5.174629E+00 
  5.195586E+00   3.050306E+00   5.086945E+00 
  5.205565E+00   3.060998E+00   5.095853E+00 
  5.215544E+00   3.110812E+00   5.137150E+00 
  5.225523E+00   3.117493E+00   5.142663E+00 
  5.235502E+00   3.230761E+00   5.235254E+00 
  5.245480E+00   2.977473E+00   5.025847E+00 
  5.255459E+00   3.121042E+00   5.145590E+00 
  5.265438E+00   3.126151E+00   5.149800E+00 
  5.275417E+00   3.098404E+00   5.126894E+00 
  5.285396E+00   3.106827E+00   5.133858E+00 
  5.295375E+00   3.097898E+00   5.126476E+00 
  5.305354E+00   3.142054E+00   5.162881E+00 
  5.315332E+00   3.137238E+00   5.158924E+00 
  5.325311E+00   3.082024E+00   5.113324E+00 
  5.335290E+00   3.042509E+00   5.080439E+00 
  5.345269E+00   3.095879E+00   5.124805E+00 
  5.355248E+00   3.121897E+00   5.146294E+00 
  5.365227E+00   3.171893E+00   5.187339E+00 
  5.375205E+00   3.087110E+00   5.117542E+00 
  5.385184E+00   3.196315E+00   5.207271E+00 
  5.395163E+00   3.133028E+00   5.155461E+00 
  5.405142E+00   3.218029E+00   5.224928E+00 
  5.415121E+00   3.246001E+00   5.247588E+00 
  5.425100E+00   3.163636E+00   5.180582E+00 
  5.435079E+00   3.149636E+00   5.169107E+00 
  5.445057E+00   3.155382E+00   5.173820E+00 
  5.455036E+00   3.217752E+00   5.224703E+00 
  5.465015E+00   3.151578E+00   5.170700E+00 
  5.474994E+00   2.995572E+00   5.041099E+00 
  5.484973E+00   3.131592E+00   5.154279E+00 
  5.494952E+00   3.177553E+00   5.191965E+00 
  5.504931E+00   3.258864E+00   5.257974E+00 
  5.514909E+00   3.151185E+00   5.170378E+00 
  5.524888E+00   3.238216E+00   5.241291E+00 
  5.534867E+00   3.223982E+00   5.229759E+00 
  5.544846E+00   3.232947E+00   5.237025E+00 
  5.554825E+00   3.211276E+00   5.219443E+00 
  5.564804E+00   3.169249E+00   5.185176E+00 
  5.574783E+00   3.237316E+00   5.240563E+00 
  5.584761E+00   3.108892E+00   5.135564E+00 
  5.594740E+00   3.270645E+00   5.267470E+00 
  5.604719E+00   3.277749E+00   5.273187E+00 
  5.614698E+00   3.235088E+00   5.238758E+00 
  5.624677E+00   3.274894E+00   5.270890E+00 
  5.634656E+00   3.110340E+00   5.136760E+00 
  5.644635E+00   3.288596E+00   5.281906E+00 
  5.654613E+00   3.222694E+00   5.228714E+00 
  5.664592E+00   3.329064E+00   5.314305E+00 
  5.674571E+00   3.115174E+00   5.140750E+00 
  5.684550E+00   3.219039E+00   5.225748E+00 
  5.694529E+00   3.255564E+00   5.255312E+00 
  5.704508E+00   3.347788E+00   5.329228E+00 
  5.714487E+00   3.231364E+00   5.235742E+00 
  5.724465E+00   3.294704E+00   5.286808E+00 
  5.734444E+00   3.353737E+00   5.333961E+00 
  5.744423E+00   3.274249E+00   5.270371E+00 
  5.754402E+00   3.210227E+00   5.218590E+00 
  5.764381E+00   3.173880E+00   5.188963E+00 
  5.774360E+00   3.251724E+00   5.252212E+00 
  5.784338E+00   3.306505E+00   5.296268E+00 
  5.794317E+00   3.224751E+00   5.230383E+00 
  5.804296E+00   3.184589E+00   5.197710E+00 
  5.814275E+00   3.317328E+00   5.304929E+00 
  5.824254E+00   3.196671E+00   5.207560E+00 
  5.834233E+00   3.270696E+00   5.267511E+00 
  5.844212E+00   3.311634E+00   5.300374E+00 
  5.854190E+00   3.339756E+00   5.322831E+00 
  5.864169E+00   3.315150E+00   5.303187E+00 
  5.874148E+00   3.409809E+00   5.378367E+00 
  5.884127E+00   3.343729E+00   5.325996E+00 
  5.894106E+00   3.420585E+00   5.386858E+00 
  5.904085E+00   3.371293E+00   5.347904E+00 
  5.914064E+00   3.362987E+00   5.341312E+00 
  5.924042E+00   3.400788E+00   5.371247E+00 
  5.934021E+00   3.385812E+00   5.359407E+00 
  5.944000E+00   3.333146E+00   5.317562E+00 
  5.953979E+00   3.443402E+00   5.404795E+00 
  5.963958E+00   3.426903E+00   5.391831E+00 
  5.973937E+00   3.441842E+00   5.403571E+00 
  5.983916E+00   3.437814E+00   5.400407E+00 
  5.993894E+00   3.417305E+00   5.384275E+00 
  6.003873E+00   3.371791E+00   5.348299E+00 
  6.013852E+00   3.383065E+00   5.357233E+00 
  6.023831E+00   3.444036E+00   5.405292E+00 
  6.033810E+00   3.401029E+00   5.371438E+00 
  6.043789E+00   3.367841E+00   5.345165E+00 
  6.053768E+00   3.460200E+00   5.417962E+00 
  6.063746E+00   3.338830E+00   5.322093E+00 
  6.073725E+00   3.355426E+00   5.335304E+00 
  6.083704E+00   3.485692E+00   5.437883E+00 
  6.093683E+00   3.498646E+00   5.447978E+00 
  6.103662E+00   3.480729E+00   5.434010E+00 
  6.113641E+00   3.294633E+00   5.286751E+00 
  6.123620E+00   3.337989E+00   5.321423E+00 
  6.133598E+00   3.382892E+00   5.357096E+00 
  6.143577E+00   3.413639E+00   5.381386E+00 
  6.153556E+00   3.372043E+00   5.348499E+00 
  6.163535E+00   3.461415E+00   5.418913E+00 
  6.173514E+00   3.390281E+00   5.362943E+00 
  6.183493E+00   3.454563E+00   5.413547E+00 
  6.193471E+00   3.384001E+00   5.357973E+00 
  6.203450E+00   3.373932E+00   5.349997E+00 
  6.213429E+00   3.334432E+00   5.318587E+00 
  6.223408E+00   3.413255E+00   5.381083E+00 
  6.233387E+00   3.541845E+00   5.481509E+00 
  6.243366E+00   3.428618E+00   5.393179E+00 
  6.253345E+00   3.350644E+00   5.331501E+00 
  6.263323E+00   3.404455E+00   5.374142E+00 
  6.273302E+00   3.453214E+00   5.412489E+00 
  6.283281E+00   3.407518E+00   5.376559E+00 
  6.293260E+00   3.483145E+00   5.435896E+00 
  6.303239E+00   3.587940E+00   5.517062E+00 
  6.313218E+00   3.496655E+00   5.446428E+00 
  6.323197E+00   3.564434E+00   5.498961E+00 
  6.333175E+00   3.448761E+00   5.408999E+00 
  6.343154E+00   3.381148E+00   5.355715E+00 
  6.353133E+00   3.404173E+00   5.373919E+00 
  6.363112E+00   3.472779E+00   5.427801E+00 
  6.373091E+00   3.502574E+00   5.451035E+00 
  6.383070E+00   3.590016E+00   5.518659E+00 
  6.393049E+00   3.440064E+00   5.402174E+00 
  6.403027E+00   3.399575E+00   5.370289E+00 
  6.413006E+00   3.494068E+00   5.444413E+00 
  6.422985E+00   3.541314E+00   5.481098E+00 
  6.432964E+00   3.520007E+00   5.464584E+00 
  6.442943E+00   3.570137E+00   5.503358E+00 
  6.452922E+00   3.481285E+00   5.434444E+00 
  6.462901E+00   3.492082E+00   5.442865E+00 
  6.472879E+00   3.590219E+00   5.518814E+00 
  6.482858E+00   3.527974E+00   5.470764E+00 
  6.492837E+00   3.428153E+00   5.392814E+00 
  6.502816E+00   3.687981E+00   5.593449E+00 
  6.512795E+00   3.517475E+00   5.462618E+00 
  6.522774E+00   3.499409E+00   5.448572E+00 
  6.532753E+00   3.440496E+00   5.402514E+00 
  6.542731E+00   3.598794E+00   5.525401E+00 
  6.552710E+00   3.455150E+00   5.414007E+00 
  6.562689E+00   3.529353E+00   5.471834E+00 
  6.572668E+00   3.521040E+00   5.465386E+00 
  6.582647E+00   3.542142E+00   5.481739E+00 
  6.592626E+00   3.615958E+00   5.538562E+00 
  6.602604E+00   3.565697E+00   5.499935E+00 
  6.612583E+00   3.623741E+00   5.544520E+00 
  6.622562E+00   3.562252E+00   5.497278E+00 
  6.632541E+00   3.589991E+00   5.518639E+00 
  6.642520E+00   3.498827E+00   5.448119E+00 
  6.652499E+00   3.522667E+00   5.466648E+00 
  6.662478E+00   3.605646E+00   5.530659E+00 
  6.672456E+00   3.591659E+00   5.519921E+00 
  6.682435E+00   3.607942E+00   5.532420E+00 
  6.692414E+00   3.702715E+00   5.604611E+00 
  6.702393E+00   3.650728E+00   5.565127E+00 
  6.712372E+00   3.606438E+00   5.531266E+00 
  6.722351E+00   3.649823E+00   5.564437E+00 
  6.732330E+00   3.635973E+00   5.553869E+00 
  6.742308E+00   3.543166E+00   5.482531E+00 
  6.752287E+00   3.549764E+00   5.487633E+00 
  6.762266E+00   3.612900E+00   5.536219E+00 
  6.772245E+00   3.518582E+00   5.463478E+00 
  6.782224E+00   3.547324E+00   5.485747E+00 
  6.792203E+00   3.602737E+00   5.528428E+00 
  6.802182E+00   3.525208E+00   5.468620E+00 
  6.812160E+00   3.597347E+00   5.524291E+00 
  6.822139E+00   3.679739E+00   5.587195E+00 
  6.832118E+00   3.704939E+00   5.606294E+00 
  6.842097E+00   3.697180E+00   5.600420E+00 
  6.852076E+00   3.590764E+00   5.519233E+00 
  6.862055E+00   3.804402E+00   5.681049E+00 
  6.872034E+00   3.528731E+00   5.471352E+00 
  6.882012E+00   3.578123E+00   5.509510E+00 
  6.891991E+00   3.748197E+00   5.638928E+00 
  6.901970E+00   3.651323E+00   5.565581E+00 
  6.911949E+00   3.654630E+00   5.568101E+00 
  6.921928E+00   3.637947E+00   5.555377E+00 
  6.931907E+00   3.756616E+00   5.645258E+00 
  6.941886E+00   3.691785E+00   5.596333E+00 
  6.951864E+00   3.635089E+00   5.553194E+00 
  6.961843E+00   3.618980E+00   5.540876E+00 
  6.971822E+00   3.660631E+00   5.572670E+00 
  6.981801E+00   3.723572E+00   5.620374E+00 
  6.991780E+00   3.587316E+00   5.516583E+00 
  7.001759E+00   3.667965E+00   5.578249E+00 
  7.011737E+00   3.769593E+00   5.655000E+00 
  7.021716E+00   3.759764E+00   5.647622E+00 
  7.031695E+00   3.634881E+00   5.553036E+00 
  7.041674E+00   3.729973E+00   5.625203E+00 
  7.051653E+00   3.785705E+00   5.667072E+00 
  7.061632E+00   3.878793E+00   5.736324E+00 
  7.071611E+00   3.702546E+00   5.604483E+00 
  7.081589E+00   3.697361E+00   5.600558E+00 
  7.091568E+00   3.763662E+00   5.650549E+00 
  7.101547E+00   3.712155E+00   5.611751E+00 
  7.111526E+00   3.722483E+00   5.619552E+00 
  7.121505E+00   3.678703E+00   5.586409E+00 
  7.131484E+00   3.707902E+00   5.608536E+00 
  7.141463E+00   3.722686E+00   5.619706E+00 
  7.151441E+00   3.751037E+00   5.641064E+00 
  7.161420E+00   3.708292E+00   5.608830E+00 
  7.171399E+00   3.701714E+00   5.603854E+00 
  7.181378E+00   3.752908E+00   5.642471E+00 
  7.191357E+00   3.765406E+00   5.651858E+00 
  7.201336E+00   3.795133E+00   5.674124E+00 
  7.211315E+00   3.754556E+00   5.643709E+00 
  7.221293E+00   3.756620E+00   5.645261E+00 
  7.231272E+00   3.831984E+00   5.701606E+00 
  7.241251E+00   3.746528E+00   5.637673E+00 
  7.251230E+00   3.659129E+00   5.571527E+00 
  7.261209E+00   3.703208E+00   5.604984E+00 
  7.271188E+00   3.556424E+00   5.492779E+00 
  7.281167E+00   3.723693E+00   5.620466E+00 
  7.291145E+00   3.748351E+00   5.639044E+00 
  7.301124E+00   3.890102E+00   5.744680E+00 
  7.311103E+00   3.804410E+00   5.681055E+00 
  7.321082E+00   3.819712E+00   5.692469E+00 
  7.331061E+00   3.926525E+00   5.771511E+00 
  7.341040E+00   3.788524E+00   5.669182E+00 
  7.351019E+00   3.873025E+00   5.732057E+00 
  7.360997E+00   3.816811E+00   5.690307E+00 
  7.370976E+00   3.792585E+00   5.672219E+00 
  7.380955E+00   3.828113E+00   5.698726E+00 
  7.390934E+00   3.814237E+00   7.475301E-02 
  7.400913E+00   3.947205E+00   7.592848E-02 
  7.410892E+00   3.873971E+00   7.469541E-02 
  7.420870E+00   3.932277E+00   7.746279E-02 
  7.430849E+00   3.858308E+00   7.357476E-02 
  7.440828E+00   3.827918E+00   7.539854E-02 
  7.450807E+00   3.970528E+00   7.565870E-02 
  7.460786E+00   3.852415E+00   5.716785E+00 
  7.470765E+00   3.755611E+00   5.644502E+00 
  7.480744E+00   3.809061E+00   7.542411E-02 
  7.490722E+00   3.945740E+00   7.526112E-02 
  7.500701E+00   3.988079E+00   7.639018E-02 
  7.510680E+00   3.840169E+00   7.570232E-02 
  7.520659E+00   3.814260E+00   5.688405E+00 
  7.530638E+00   3.845321E+00   5.711519E+00 
  7.540617E+00   3.937285E+00   5.779414E+00 
  7.550596E+00   4.017993E+00   5.838348E+00 
  7.560574E+00   4.018537E+00   5.838743E+00 
  7.570553E+00   3.857145E+00   5.720294E+00 
  7.580532E+00   3.907778E+00   5.757717E+00 
  7.590511E+00   3.798544E+00   5.676673E+00 
  7.600490E+00   3.904756E+00   5.755490E+00 
  7.610469E+00   3.934192E+00   5.777143E+00 
  7.620448E+00   3.844533E+00   5.710934E+00 
  7.630426E+00   3.924321E+00   5.769891E+00 
  7.640405E+00   4.041404E+00   5.855332E+00 
  7.650384E+00   3.783458E+00   7.436913E-02 
  7.660363E+00   3.989776E+00   5.817811E+00 
  7.670342E+00   4.000600E+00   5.825697E+00 
  7.680321E+00   3.756836E+00   7.283740E-02 
  7.690300E+00   3.915879E+00   7.473834E-02 
  7.700278E+00   4.020369E+00   7.486310E-02 
  7.710257E+00   3.996173E+00   7.527112E-02 
  7.720236E+00   4.105884E+00   5.901857E+00 
  7.730215E+00   3.914277E+00   5.762503E+00 
  7.740194E+00   3.902806E+00   7.435488E-02 
  7.750173E+00   3.916096E+00   7.484554E-02 
  7.760151E+00   3.926952E+00   7.599116E-02 
  7.770130E+00   3.992108E+00   7.872871E-02 
  7.780109E+00   4.061580E+00   7.663964E-02 
  7.790088E+00   3.951524E+00   7.720770E-02 
  7.800067E+00   3.950508E+00   7.506154E-02 
  7.810046E+00   3.975170E+00   7.640915E-02 
  7.820025E+00   3.908404E+00   7.664013E-02 
  7.830003E+00   4.038459E+00   7.793405E-02 
  7.839982E+00   4.056831E+00   5.866497E+00 
  7.849961E+00   4.080815E+00   5.883812E+00 
  7.859940E+00   3.964927E+00   7.585836E-02 
  7.869919E+00   4.037490E+00   7.663588E-02 
  7.879898E+00   4.072334E+00   7.766918E-02 
  7.889877E+00   3.858129E+00   7.460033E-02 
  7.899855E+00   4.244663E+00   6.000770E+00 
  7.909834E+00   4.038047E+00   5.852899E+00 
  7.919813E+00   3.887503E+00   7.528352E-02 
  7.929792E+00   4.053270E+00   7.864035E-02 
  7.939771E+00   3.956451E+00   7.651055E-02 
  7.949750E+00   3.956464E+00   7.601016E-02 
  7.959729E+00   3.926859E+00   5.771756E+00 
  7.969707E+00   4.194784E+00   5.965408E+00 
  7.979686E+00   4.000912E+00   5.825924E+00 
  7.989665E+00   4.029622E+00   7.660684E-02 
  7.999644E+00   3.993144E+00   7.710377E-02 
  8.009623E+00   4.039364E+00   7.756388E-02 
  8.019602E+00   4.104735E+00   7.729122E-02 
  8.029581E+00   4.246172E+00   8.009310E-02 
  8.039559E+00   4.017686E+00   7.544230E-02 
  8.049538E+00   4.132983E+00   7.785332E-02 
  8.059517E+00   4.019879E+00   7.619782E-02 
  8.069496E+00   3.973226E+00   7.603327E-02 
  8.079475E+00   4.036783E+00   7.564940E-02 
  8.089454E+00   3.999324E+00   7.684667E-02 
  8.099433E+00   4.017519E+00   7.702240E-02 
  8.109411E+00   4.097087E+00   7.786473E-02 
  8.119390E+00   4.122409E+00   7.692551E-02 
  8.129369E+00   4.043096E+00   5.856557E+00 
  8.139348E+00   3.953944E+00   5.791627E+00 
  8.149327E+00   4.081449E+00   7.555061E-02 
  8.159306E+00   3.900715E+00   7.746308E-02 
  8.169284E+00   4.245399E+00   7.871445E-02 
  8.179263E+00   4.209736E+00   7.982925E-02 
  8.189242E+00   4.052530E+00   7.624687E-02 
  8.199221E+00   4.207894E+00   7.974860E-02 
  8.209200E+00   4.209904E+00   7.832268E-02 
  8.219179E+00   4.080930E+00   7.849446E-02 
  8.229158E+00   4.111594E+00   7.839681E-02 
  8.239136E+00   4.172073E+00   7.907808E-02 
  8.249115E+00   4.285969E+00   8.008590E-02 
  8.259094E+00   4.204499E+00   7.897208E-02 
  8.269073E+00   4.184067E+00   7.830329E-02 
  8.279052E+00   4.100565E+00   7.648891E-02 
  8.289031E+00   4.145136E+00   5.930001E+00 
  8.299010E+00   4.137525E+00   5.924554E+00 
  8.308988E+00   4.122212E+00   7.840028E-02 
  8.318967E+00   4.249843E+00   7.890719E-02 
  8.328946E+00   4.129043E+00   7.625797E-02 
  8.338925E+00   4.270135E+00   7.988886E-02 
  8.348904E+00   4.180532E+00   7.813397E-02 
  8.358883E+00   4.076835E+00   7.686562E-02 
  8.368862E+00   4.160665E+00   7.848138E-02 
  8.378840E+00   4.095236E+00   5.894200E+00 
  8.388819E+00   4.156651E+00   5.938232E+00 
  8.398798E+00   4.263576E+00   6.014123E+00 
  8.408777E+00   4.220070E+00   5.983360E+00 
  8.418756E+00   4.223281E+00   5.985636E+00 
  8.428735E+00   4.305239E+00   6.043437E+00 
  8.438714E+00   4.289130E+00   6.032120E+00 
  8.448692E+00   4.257266E+00   7.774963E-02 
  8.458671E+00   4.252053E+00   8.000731E-02 
  8.468650E+00   4.178308E+00   7.945358E-02 
  8.478629E+00   4.275819E+00   6.022752E+00 
  8.488608E+00   4.100192E+00   5.897765E+00 
  8.498587E+00   4.188733E+00   5.961103E+00 
  8.508566E+00   4.462754E+00   6.152999E+00 
  8.518544E+00   4.139966E+00   5.926301E+00 
  8.528523E+00   4.181165E+00   5.955716E+00 
  8.538502E+00   4.310411E+00   6.047066E+00 
  8.548481E+00   4.261817E+00   6.012883E+00 
  8.558460E+00   4.264431E+00   6.014726E+00 
  8.568439E+00   4.246912E+00   6.002359E+00 
  8.578417E+00   4.234318E+00   7.892845E-02 
  8.588396E+00   4.346911E+00   8.111146E-02 
  8.598375E+00   4.249944E+00   6.004501E+00 
  8.608354E+00   4.171198E+00   5.948613E+00 
  8.618333E+00   4.337274E+00   7.911460E-02 
  8.628312E+00   4.187365E+00   7.877675E-02 
  8.638291E+00   4.374868E+00   8.021744E-02 
  8.648269E+00   4.308215E+00   7.954869E-02 
  8.658248E+00   4.356308E+00   7.960069E-02 
  8.668227E+00   4.314814E+00   8.236474E-02 
  8.678206E+00   4.191281E+00   7.823341E-02 
  8.688185E+00   4.300722E+00   8.011308E-02 
  8.698164E+00   4.358146E+00   8.096954E-02 
  8.708143E+00   4.253593E+00   7.930139E-02 
  8.718121E+00   4.268591E+00   7.931346E-02 
  8.728100E+00   4.213280E+00   7.986084E-02 
  8.738079E+00   4.417329E+00   6.121604E+00 
  8.748058E+00   4.302679E+00   6.041640E+00 
  8.758037E+00   4.475113E+00   8.087058E-02 
  8.768016E+00   4.298463E+00   7.980414E-02 
  8.777995E+00   4.339764E+00   8.035902E-02 
  8.787973E+00   4.303336E+00   8.154179E-02 
  8.797952E+00   4.480140E+00   7.953099E-02 
  8.807931E+00   4.397434E+00   6.107803E+00 
  8.817910E+00   4.413780E+00   6.119144E+00 
  8.827889E+00   4.310000E+00   6.046777E+00 
  8.837868E+00   4.377206E+00   6.093739E+00 
  8.847847E+00   4.342789E+00   8.293305E-02 
  8.857825E+00   4.335459E+00   6.064610E+00 
  8.867804E+00   4.210398E+00   5.976500E+00 
  8.877783E+00   4.244674E+00   6.000777E+00 
  8.887762E+00   4.399924E+00   6.109532E+00 
  8.897741E+00   4.489912E+00   7.991526E-02 
  8.907720E+00   4.237234E+00   8.046901E-02 
  8.917699E+00   4.362899E+00   8.092593E-02 
  8.927677E+00   4.476736E+00   8.275573E-02 
  8.937656E+00   4.356023E+00   8.124507E-02 
  8.947635E+00   4.398255E+00   6.108373E+00 
  8.957614E+00   4.225162E+00   5.986969E+00 
  8.967593E+00   4.429485E+00   8.089705E-02 
  8.977572E+00   4.441317E+00   8.148333E-02 
  8.987550E+00   4.461260E+00   8.138868E-02 
  8.997529E+00   4.389051E+00   8.136896E-02 
  9.007508E+00   4.431997E+00   8.232549E-02 
  9.017487E+00   4.562924E+00   8.252645E-02 
  9.027466E+00   4.397981E+00   8.035541E-02 
  9.037445E+00   4.483239E+00   8.124564E-02 
  9.047424E+00   4.385273E+00   8.084891E-02 
  9.057402E+00   4.420729E+00   6.123959E+00 
  9.067381E+00   4.461145E+00   6.151889E+00 
  9.077360E+00   4.584525E+00   8.250551E-02 
  9.087339E+00   4.423921E+00   8.118286E-02 
  9.097318E+00   4.508073E+00   8.184255E-02 
  9.107297E+00   4.540184E+00   8.451776E-02 
  9.117276E+00   4.547470E+00   8.234057E-02 
  9.127254E+00   4.502104E+00   8.118006E-02 
  9.137233E+00   4.489077E+00   8.283819E-02 
  9.147212E+00   4.449312E+00   8.208462E-02 
  9.157191E+00   4.425739E+00   8.218173E-02 
  9.167170E+00   4.462426E+00   8.390222E-02 
  9.177149E+00   4.571784E+00   8.168279E-02 
  9.187128E+00   4.578679E+00   8.162897E-02 
  9.197106E+00   4.580439E+00   6.233599E+00 
  9.207085E+00   4.476516E+00   6.162479E+00 
  9.217064E+00   4.409317E+00   6.116050E+00 
  9.227043E+00   4.551227E+00   8.257489E-02 
  9.237022E+00   4.552113E+00   8.134752E-02 
  9.247001E+00   4.460825E+00   8.138855E-02 
  9.256980E+00   4.363544E+00   8.091720E-02 
  9.266958E+00   4.665502E+00   8.426689E-02 
  9.276937E+00   4.389925E+00   8.000410E-02 
  9.286916E+00   4.445128E+00   6.140836E+00 
  9.296895E+00   4.498253E+00   6.177422E+00 
  9.306874E+00   4.615691E+00   6.257541E+00 
  9.316853E+00   4.572035E+00   6.227878E+00 
  9.326832E+00   4.602443E+00   8.304225E-02 
  9.336810E+00   4.538367E+00   8.237843E-02 
  9.346789E+00   4.445399E+00   8.058125E-02 
  9.356768E+00   4.621109E+00   8.355793E-02 
  9.366747E+00   4.471294E+00   8.165788E-02 
  9.376726E+00   4.674839E+00   8.418427E-02 
  9.386705E+00   4.625805E+00   6.264393E+00 
  9.396683E+00   4.624440E+00   6.263469E+00 
  9.406662E+00   4.631974E+00   8.221512E-02 
  9.416641E+00   4.519522E+00   8.121531E-02 
  9.426620E+00   4.679633E+00   8.732963E-02 
  9.436599E+00   4.669259E+00   8.367343E-02 
  9.446578E+00   4.721009E+00   8.267239E-02 
  9.456557E+00   4.790810E+00   8.421321E-02 
  9.466535E+00   4.745621E+00   8.298036E-02 
  9.476514E+00   4.700128E+00   8.400424E-02 
  9.486493E+00   4.620337E+00   8.265791E-02 
  9.496472E+00   4.667737E+00   8.217014E-02 
  9.506451E+00   4.514902E+00   8.339614E-02 
  9.516430E+00   4.730557E+00   8.438679E-02 
  9.526409E+00   4.664022E+00   8.312044E-02 
  9.536387E+00   4.754391E+00   8.598762E-02 
  9.546366E+00   4.747134E+00   8.335908E-02 
  9.556345E+00   4.678103E+00   8.294217E-02 
  9.566324E+00   4.840672E+00   8.649809E-02 
  9.576303E+00   4.706490E+00   8.561781E-02 
  9.586282E+00   4.766164E+00   8.371561E-02 
  9.596261E+00   4.567172E+00   6.224565E+00 
  9.606239E+00   4.629803E+00   6.267099E+00 
  9.616218E+00   4.738604E+00   6.340311E+00 
  9.626197E+00   4.693402E+00   8.301062E-02 
  9.636176E+00   4.628710E+00   8.604224E-02 
  9.646155E+00   4.787070E+00   8.403528E-02 
  9.656134E+00   4.598824E+00   8.233241E-02 
  9.666113E+00   4.687523E+00   8.429909E-02 
  9.676091E+00   4.573285E+00   7.974668E-02 
  9.686070E+00   4.663618E+00   8.338058E-02 
  9.696049E+00   4.678778E+00   8.387431E-02 
  9.706028E+00   4.872221E+00   8.471030E-02 
  9.716007E+00   4.853897E+00   8.494129E-02 
  9.725986E+00   4.663602E+00   8.484351E-02 
  9.735964E+00   4.667730E+00   6.292717E+00 
  9.745943E+00   4.737964E+00   6.339883E+00 
  9.755922E+00   4.816778E+00   6.392396E+00 
  9.765901E+00   4.928886E+00   8.459860E-02 
  9.775880E+00   4.598147E+00   6.245637E+00 
  9.785859E+00   4.806262E+00   6.385414E+00 
  9.795838E+00   4.791682E+00   8.474810E-02 
  9.805816E+00   4.667409E+00   8.584175E-02 
  9.815795E+00   4.646785E+00   8.398769E-02 
  9.825774E+00   4.808018E+00   8.426316E-02 
  9.835753E+00   4.781698E+00   8.410480E-02 
  9.845732E+00   4.846141E+00   8.472557E-02 
  9.855711E+00   4.832795E+00   8.476632E-02 
  9.865690E+00   4.766943E+00   8.441243E-02 
  9.875668E+00   4.786303E+00   8.597645E-02 
  9.885647E+00   4.781294E+00   8.336531E-02 
  9.895626E+00   4.875125E+00   8.557215E-02 
  9.905605E+00   4.830875E+00   8.602760E-02 
  9.915584E+00   4.915992E+00   8.453099E-02 
  9.925563E+00   4.881764E+00   8.547013E-02 
  9.935542E+00   4.775341E+00   8.455250E-02 
  9.945520E+00   4.895468E+00   8.385513E-02 
  9.955499E+00   4.713841E+00   8.372716E-02 
  9.965478E+00   4.995108E+00   8.803323E-02 
  9.975457E+00   4.913094E+00   6.455991E+00 
  9.985436E+00   4.892479E+00   6.442432E+00 
  9.995415E+00   4.819673E+00   6.394317E+00 
  1.000539E+01   4.930097E+00   8.565907E-02 
  1.001537E+01   4.931592E+00   6.468133E+00 
  1.002535E+01   4.833344E+00   6.403379E+00 
  1.003533E+01   5.028596E+00   6.531437E+00 
  1.004531E+01   4.985130E+00   6.503147E+00 
  1.005529E+01   5.071870E+00   6.559480E+00 
  1.006527E+01   5.157976E+00   8.943734E-02 
  1.007525E+01   4.918438E+00   8.975445E-02 
  1.008522E+01   5.014944E+00   9.158727E-02 
  1.009520E+01   4.894886E+00   6.444017E+00 
  1.010518E+01   5.033915E+00   9.529317E-02 
  1.011516E+01   4.933151E+00   9.638238E-02 
  1.012514E+01   4.950412E+00   6.480463E+00 
  1.013512E+01   5.082230E+00   6.566176E+00 
  1.014510E+01   5.013551E+00   9.828968E-02 
  1.015508E+01   4.865997E+00   1.006534E-01 
  1.016506E+01   5.075565E+00   1.008155E-01 
  1.017503E+01   4.967821E+00   1.002239E-01 
  1.018501E+01   4.999386E+00   1.027335E-01 
  1.019499E+01   4.989212E+00   1.038994E-01 
