
SAXS 
     1000         0         0         0         0         0         0         0 
  0.000000E+00   3.499999E+02   0.000000E+00   0.000000E+00   1.340000E-01 
  0.000000E+00   0.000000E+00   0.000000E+00   0.000000E+00   0.000000E+00 
  2.261171E-01   3.177038E+01   5.087333E+00 
  2.360959E-01   3.136307E+01   4.191067E+00 
  2.460748E-01   2.755470E+01   2.484523E+00 
  2.560536E-01   2.464241E+01   2.060702E+00 
  2.660325E-01   2.895053E+01   1.997776E+00 
  2.760113E-01   2.740974E+01   1.699880E+00 
  2.859902E-01   2.549065E+01   1.489180E+00 
  2.959690E-01   2.409154E+01   1.330233E+00 
  3.059479E-01   2.775992E+01   1.318914E+00 
  3.159268E-01   2.600508E+01   1.268073E+00 
  3.259056E-01   2.310963E+01   1.167213E+00 
  3.358845E-01   2.583991E+01   1.184918E+00 
  3.458633E-01   2.317659E+01   1.132251E+00 
  3.558422E-01   2.322659E+01   1.091135E+00 
  3.658210E-01   2.423510E+01   1.110814E+00 
  3.757999E-01   2.229505E+01   1.042280E+00 
  3.857787E-01   2.197007E+01   9.996728E-01 
  3.957576E-01   2.212788E+01   1.005813E+00 
  4.057364E-01   2.220926E+01   9.758187E-01 
  4.157153E-01   2.130103E+01   9.747351E-01 
  4.256941E-01   2.104206E+01   1.373154E+01 
  4.356730E-01   2.042283E+01   1.352799E+01 
  4.456519E-01   1.963533E+01   1.326460E+01 
  4.556307E-01   2.134595E+01   9.023857E-01 
  4.656096E-01   1.945148E+01   1.320236E+01 
  4.755884E-01   2.067951E+01   1.361273E+01 
  4.855673E-01   2.110942E+01   1.375351E+01 
  4.955461E-01   2.081464E+01   1.365714E+01 
  5.055250E-01   1.987495E+01   8.342573E-01 
  5.155038E-01   1.817877E+01   7.951447E-01 
  5.254827E-01   2.055120E+01   8.432260E-01 
  5.354615E-01   1.890609E+01   8.010769E-01 
  5.454404E-01   1.997092E+01   8.221059E-01 
  5.554192E-01   1.992744E+01   8.028994E-01 
  5.653981E-01   2.011219E+01   8.311390E-01 
  5.753769E-01   1.920647E+01   7.854109E-01 
  5.853558E-01   1.891009E+01   7.892918E-01 
  5.953347E-01   1.956566E+01   7.941455E-01 
  6.053135E-01   1.890714E+01   7.630302E-01 
  6.152924E-01   1.703875E+01   7.464811E-01 
  6.252712E-01   1.801510E+01   7.486819E-01 
  6.352501E-01   1.770620E+01   7.383996E-01 
  6.452289E-01   1.765963E+01   7.341116E-01 
  6.552078E-01   1.743787E+01   7.218560E-01 
  6.651866E-01   1.701305E+01   7.333198E-01 
  6.751655E-01   1.710180E+01   7.076777E-01 
  6.851443E-01   1.701965E+01   7.153894E-01 
  6.951232E-01   1.652658E+01   6.847194E-01 
  7.051020E-01   1.624710E+01   6.908969E-01 
  7.150809E-01   1.544297E+01   6.704454E-01 
  7.250597E-01   1.721282E+01   1.241942E+01 
  7.350386E-01   1.606087E+01   1.199664E+01 
  7.450175E-01   1.639250E+01   1.211987E+01 
  7.549963E-01   1.701440E+01   6.925582E-01 
  7.649752E-01   1.650890E+01   6.739056E-01 
  7.749540E-01   1.546702E+01   6.483425E-01 
  7.849329E-01   1.498019E+01   6.387574E-01 
  7.949117E-01   1.599452E+01   6.446677E-01 
  8.048906E-01   1.512421E+01   6.430769E-01 
  8.148694E-01   1.566205E+01   6.378082E-01 
  8.248483E-01   1.506774E+01   6.248141E-01 
  8.348271E-01   1.505947E+01   6.255477E-01 
  8.448060E-01   1.563711E+01   6.300372E-01 
  8.547848E-01   1.543319E+01   6.287175E-01 
  8.647637E-01   1.532914E+01   6.211681E-01 
  8.747426E-01   1.331120E+01   5.721653E-01 
  8.847214E-01   1.488459E+01   6.112370E-01 
  8.947003E-01   1.425393E+01   5.918009E-01 
  9.046791E-01   1.319159E+01   5.684339E-01 
  9.146580E-01   1.386106E+01   5.718345E-01 
  9.246368E-01   1.418406E+01   5.829614E-01 
  9.346157E-01   1.363402E+01   5.730807E-01 
  9.445945E-01   1.382869E+01   5.682978E-01 
  9.545734E-01   1.208533E+01   5.353784E-01 
  9.645522E-01   1.290366E+01   5.411589E-01 
  9.745311E-01   1.271194E+01   5.425325E-01 
  9.845099E-01   1.218119E+01   1.044769E+01 
  9.944888E-01   1.275528E+01   1.069105E+01 
  1.004468E+00   1.171250E+01   5.150552E-01 
  1.014447E+00   1.238592E+01   1.053512E+01 
  1.024425E+00   1.323385E+01   1.088976E+01 
  1.034404E+00   1.119545E+01   1.001604E+01 
  1.044383E+00   1.190090E+01   5.040039E-01 
  1.054362E+00   1.208203E+01   5.118212E-01 
  1.064341E+00   1.142725E+01   4.939876E-01 
  1.074320E+00   1.186126E+01   5.066878E-01 
  1.084298E+00   1.119578E+01   4.881590E-01 
  1.094277E+00   1.067368E+01   4.721758E-01 
  1.104256E+00   1.130288E+01   4.872471E-01 
  1.114235E+00   1.060885E+01   9.750110E+00 
  1.124214E+00   1.054610E+01   9.721232E+00 
  1.134193E+00   1.100611E+01   4.780208E-01 
  1.144172E+00   1.008840E+01   4.467221E-01 
  1.154150E+00   1.072839E+01   4.695689E-01 
  1.164129E+00   1.025124E+01   4.519168E-01 
  1.174108E+00   1.032277E+01   4.513833E-01 
  1.184087E+00   9.780617E+00   4.434023E-01 
  1.194066E+00   9.443683E+00   4.270581E-01 
  1.204045E+00   9.556936E+00   4.373253E-01 
  1.214024E+00   9.954825E+00   4.371536E-01 
  1.224002E+00   8.503300E+00   4.026429E-01 
  1.233981E+00   8.805858E+00   4.081162E-01 
  1.243960E+00   9.490904E+00   4.254855E-01 
  1.253939E+00   9.768510E+00   4.334075E-01 
  1.263918E+00   9.310480E+00   4.139013E-01 
  1.273897E+00   8.810590E+00   4.068352E-01 
  1.283876E+00   8.349992E+00   8.650043E+00 
  1.293854E+00   8.184884E+00   8.564096E+00 
  1.303833E+00   8.826464E+00   4.060301E-01 
  1.313812E+00   8.939668E+00   3.975896E-01 
  1.323791E+00   8.305203E+00   3.889268E-01 
  1.333770E+00   8.483671E+00   3.872248E-01 
  1.343749E+00   7.548094E+00   3.693837E-01 
  1.353728E+00   7.991457E+00   3.781691E-01 
  1.363706E+00   7.432559E+00   3.569552E-01 
  1.373685E+00   8.038278E+00   3.770226E-01 
  1.383664E+00   8.363485E+00   3.812944E-01 
  1.393643E+00   7.320640E+00   3.555217E-01 
  1.403622E+00   7.926255E+00   3.728197E-01 
  1.413601E+00   7.870134E+00   8.397815E+00 
  1.423579E+00   7.902640E+00   8.415140E+00 
  1.433558E+00   7.249249E+00   3.487797E-01 
  1.443537E+00   6.958257E+00   3.436438E-01 
  1.453516E+00   7.191805E+00   3.445989E-01 
  1.463495E+00   6.905630E+00   3.369602E-01 
  1.473474E+00   6.574685E+00   3.332981E-01 
  1.483453E+00   6.669453E+00   3.267769E-01 
  1.493431E+00   6.857307E+00   3.370183E-01 
  1.503410E+00   6.304964E+00   3.194444E-01 
  1.513389E+00   6.153351E+00   3.150142E-01 
  1.523368E+00   6.725581E+00   3.323311E-01 
  1.533347E+00   6.221892E+00   3.093363E-01 
  1.543326E+00   6.564886E+00   7.669885E+00 
  1.553305E+00   6.340095E+00   7.537428E+00 
  1.563283E+00   6.980711E+00   3.308727E-01 
  1.573262E+00   6.279038E+00   3.175446E-01 
  1.583241E+00   6.544018E+00   3.151702E-01 
  1.593220E+00   6.426362E+00   3.160064E-01 
  1.603199E+00   6.030470E+00   3.049740E-01 
  1.613178E+00   6.512803E+00   3.166633E-01 
  1.623157E+00   5.580390E+00   2.914687E-01 
  1.633135E+00   5.323381E+00   2.805198E-01 
  1.643114E+00   5.745324E+00   2.958993E-01 
  1.653093E+00   6.050076E+00   2.996850E-01 
  1.663072E+00   5.879173E+00   2.965651E-01 
  1.673051E+00   5.737347E+00   2.925695E-01 
  1.683030E+00   5.508854E+00   2.814893E-01 
  1.693009E+00   4.884734E+00   2.715585E-01 
  1.702987E+00   5.533378E+00   2.834835E-01 
  1.712966E+00   5.633385E+00   2.867318E-01 
  1.722945E+00   4.899576E+00   2.661085E-01 
  1.732924E+00   4.693793E+00   2.583848E-01 
  1.742903E+00   5.159731E+00   2.730819E-01 
  1.752882E+00   5.248115E+00   2.706509E-01 
  1.762861E+00   5.003754E+00   2.678448E-01 
  1.772839E+00   5.323404E+00   2.728838E-01 
  1.782818E+00   4.665301E+00   2.567694E-01 
  1.792797E+00   4.835759E+00   2.618247E-01 
  1.802776E+00   4.859764E+00   2.586150E-01 
  1.812755E+00   4.780973E+00   2.568189E-01 
  1.822734E+00   4.937348E+00   2.595012E-01 
  1.832712E+00   4.447250E+00   6.312786E+00 
  1.842691E+00   4.625414E+00   6.437994E+00 
  1.852670E+00   4.521170E+00   6.365033E+00 
  1.862649E+00   4.433134E+00   6.302759E+00 
  1.872628E+00   4.213746E+00   2.370417E-01 
  1.882607E+00   4.390696E+00   2.425983E-01 
  1.892586E+00   4.575191E+00   2.492990E-01 
  1.902564E+00   4.481732E+00   6.337211E+00 
  1.912543E+00   4.093371E+00   6.056418E+00 
  1.922522E+00   4.297564E+00   2.369323E-01 
  1.932501E+00   3.953711E+00   2.267609E-01 
  1.942480E+00   4.336331E+00   2.383463E-01 
  1.952459E+00   4.414624E+00   2.364585E-01 
  1.962438E+00   4.023251E+00   2.292460E-01 
  1.972416E+00   3.878780E+00   2.228301E-01 
  1.982395E+00   4.055569E+00   2.285055E-01 
  1.992374E+00   3.943299E+00   2.250117E-01 
  2.002353E+00   4.130229E+00   2.271272E-01 
  2.012332E+00   4.180897E+00   2.306119E-01 
  2.022311E+00   4.129152E+00   2.255997E-01 
  2.032290E+00   4.170013E+00   2.290109E-01 
  2.042268E+00   3.832919E+00   2.185138E-01 
  2.052247E+00   3.532724E+00   2.086458E-01 
  2.062226E+00   4.228336E+00   2.298008E-01 
  2.072205E+00   3.703667E+00   2.126848E-01 
  2.082184E+00   3.721084E+00   2.132224E-01 
  2.092163E+00   4.038499E+00   2.221236E-01 
  2.102142E+00   3.760150E+00   2.142544E-01 
  2.112120E+00   3.647404E+00   2.103867E-01 
  2.122099E+00   3.977871E+00   2.172952E-01 
  2.132078E+00   3.584351E+00   2.077468E-01 
  2.142057E+00   3.976464E+00   5.969306E+00 
  2.152036E+00   3.997023E+00   5.984716E+00 
  2.162015E+00   3.524372E+00   2.056995E-01 
  2.171994E+00   3.265897E+00   5.409741E+00 
  2.181972E+00   3.468955E+00   5.575381E+00 
  2.191951E+00   3.661965E+00   5.728387E+00 
  2.201930E+00   3.465025E+00   5.572223E+00 
  2.211909E+00   4.201941E+00   2.214246E-01 
  2.221888E+00   3.345242E+00   1.952446E-01 
  2.231867E+00   3.575125E+00   2.030534E-01 
  2.241845E+00   3.582074E+00   2.021093E-01 
  2.251824E+00   3.863801E+00   2.113796E-01 
  2.261803E+00   3.559333E+00   2.011854E-01 
  2.271782E+00   3.582105E+00   2.005594E-01 
  2.281761E+00   3.513757E+00   2.001756E-01 
  2.291740E+00   3.353960E+00   1.928200E-01 
  2.301719E+00   3.461904E+00   1.963066E-01 
  2.311697E+00   3.719651E+00   2.033229E-01 
  2.321676E+00   3.832086E+00   2.070093E-01 
  2.331655E+00   3.571043E+00   1.990064E-01 
  2.341634E+00   3.748652E+00   2.013658E-01 
  2.351613E+00   3.359502E+00   1.925034E-01 
  2.361592E+00   3.306443E+00   1.905033E-01 
  2.371571E+00   3.378656E+00   1.923419E-01 
  2.381549E+00   3.511873E+00   1.964547E-01 
  2.391528E+00   2.963821E+00   1.766307E-01 
  2.401507E+00   3.458508E+00   1.937729E-01 
  2.411486E+00   3.427482E+00   1.919021E-01 
  2.421465E+00   3.266213E+00   1.861098E-01 
  2.431444E+00   2.757521E+00   1.714897E-01 
  2.441423E+00   3.536027E+00   1.928715E-01 
  2.451401E+00   3.386653E+00   1.910460E-01 
  2.461380E+00   3.361888E+00   1.871527E-01 
  2.471359E+00   3.270826E+00   1.862034E-01 
  2.481338E+00   3.248973E+00   1.845293E-01 
  2.491317E+00   3.346760E+00   1.852008E-01 
  2.501296E+00   3.459170E+00   1.900985E-01 
  2.511275E+00   3.442539E+00   1.880860E-01 
  2.521253E+00   3.478563E+00   5.583097E+00 
  2.531232E+00   3.139355E+00   5.303902E+00 
  2.541211E+00   3.753075E+00   1.965634E-01 
  2.551190E+00   3.278820E+00   1.834177E-01 
  2.561169E+00   3.139796E+00   1.769074E-01 
  2.571148E+00   3.415124E+00   1.865881E-01 
  2.581127E+00   3.364613E+00   1.842248E-01 
  2.591105E+00   3.506430E+00   1.871594E-01 
  2.601084E+00   3.664898E+00   1.920929E-01 
  2.611063E+00   3.104727E+00   1.751762E-01 
  2.621042E+00   2.908547E+00   1.703382E-01 
  2.631021E+00   3.183865E+00   1.785423E-01 
  2.641000E+00   3.418737E+00   1.836439E-01 
  2.650978E+00   3.164739E+00   1.762108E-01 
  2.660957E+00   3.166111E+00   1.762205E-01 
  2.670936E+00   3.182825E+00   1.768770E-01 
  2.680915E+00   2.857897E+00   1.660963E-01 
  2.690894E+00   3.088684E+00   1.763288E-01 
  2.700873E+00   3.257622E+00   1.777696E-01 
  2.710852E+00   3.187374E+00   5.344312E+00 
  2.720830E+00   3.213421E+00   5.366104E+00 
  2.730809E+00   3.134424E+00   5.299735E+00 
  2.740788E+00   3.111816E+00   1.735178E-01 
  2.750767E+00   3.470200E+00   5.576382E+00 
  2.760746E+00   3.360329E+00   5.487394E+00 
  2.770725E+00   2.999073E+00   1.694849E-01 
  2.780704E+00   3.067022E+00   1.683247E-01 
  2.790682E+00   2.989477E+00   1.681391E-01 
  2.800661E+00   3.205669E+00   1.733428E-01 
  2.810640E+00   2.974012E+00   1.659620E-01 
  2.820619E+00   3.363165E+00   1.783576E-01 
  2.830598E+00   3.515070E+00   1.791165E-01 
  2.840577E+00   3.552548E+00   1.823474E-01 
  2.850556E+00   3.195224E+00   1.708993E-01 
  2.860534E+00   3.333773E+00   1.742014E-01 
  2.870513E+00   3.181573E+00   5.339446E+00 
  2.880492E+00   3.313732E+00   5.449215E+00 
  2.890471E+00   3.414371E+00   5.531344E+00 
  2.900450E+00   3.146581E+00   5.310003E+00 
  2.910429E+00   3.374359E+00   5.498837E+00 
  2.920408E+00   3.338823E+00   1.730818E-01 
  2.930386E+00   3.521436E+00   1.779592E-01 
  2.940365E+00   3.362343E+00   1.736027E-01 
  2.950344E+00   3.496842E+00   1.750346E-01 
  2.960323E+00   3.140796E+00   1.679882E-01 
  2.970302E+00   3.245435E+00   1.697436E-01 
  2.980281E+00   3.260592E+00   1.699422E-01 
  2.990260E+00   3.311240E+00   1.721888E-01 
  3.000238E+00   3.302821E+00   1.684236E-01 
  3.010217E+00   3.474008E+00   1.759852E-01 
  3.020196E+00   3.287953E+00   1.686845E-01 
  3.030175E+00   3.207508E+00   1.670483E-01 
  3.040154E+00   3.431937E+00   5.545554E+00 
  3.050133E+00   3.454532E+00   5.563779E+00 
  3.060111E+00   3.374234E+00   1.728123E-01 
  3.070090E+00   3.411510E+00   5.529025E+00 
  3.080069E+00   2.961660E+00   5.151609E+00 
  3.090048E+00   3.260381E+00   1.677666E-01 
  3.100027E+00   3.261116E+00   1.662707E-01 
  3.110006E+00   3.003522E+00   1.605173E-01 
  3.119985E+00   3.167450E+00   1.623413E-01 
  3.129963E+00   3.176500E+00   1.641035E-01 
  3.139942E+00   3.302436E+00   1.665603E-01 
  3.149921E+00   3.227591E+00   1.645614E-01 
  3.159900E+00   3.093414E+00   1.623079E-01 
  3.169879E+00   3.436914E+00   5.549573E+00 
  3.179858E+00   3.318220E+00   5.452904E+00 
  3.189837E+00   3.359502E+00   1.667948E-01 
  3.199815E+00   3.067377E+00   1.587036E-01 
  3.209794E+00   3.306713E+00   1.658422E-01 
  3.219773E+00   3.304173E+00   1.632449E-01 
  3.229752E+00   3.270051E+00   1.655341E-01 
  3.239731E+00   3.101468E+00   1.585687E-01 
  3.249710E+00   3.150181E+00   1.603400E-01 
  3.259689E+00   3.406267E+00   1.660981E-01 
  3.269667E+00   3.383434E+00   1.648985E-01 
  3.279646E+00   3.172790E+00   1.612820E-01 
  3.289625E+00   3.414198E+00   1.649003E-01 
  3.299604E+00   3.254129E+00   1.614997E-01 
  3.309583E+00   3.180028E+00   1.598668E-01 
  3.319562E+00   3.421571E+00   1.652798E-01 
  3.329541E+00   3.622858E+00   1.705709E-01 
  3.339519E+00   3.194748E+00   1.577773E-01 
  3.349498E+00   3.696162E+00   1.718569E-01 
  3.359477E+00   3.273771E+00   5.416258E+00 
  3.369456E+00   3.229327E+00   5.379368E+00 
  3.379435E+00   3.160395E+00   5.321646E+00 
  3.389414E+00   3.287694E+00   5.427764E+00 
  3.399392E+00   3.529231E+00   1.668817E-01 
  3.409371E+00   2.834356E+00   1.488553E-01 
  3.419350E+00   3.666803E+00   5.732170E+00 
  3.429329E+00   3.276900E+00   5.418847E+00 
  3.439308E+00   3.270179E+00   5.413286E+00 
  3.449287E+00   3.457334E+00   1.637681E-01 
  3.459266E+00   2.974860E+00   1.501227E-01 
  3.469244E+00   3.165164E+00   1.550806E-01 
  3.479223E+00   3.378212E+00   5.501976E+00 
  3.489202E+00   3.426578E+00   5.541222E+00 
  3.499181E+00   3.464975E+00   5.572182E+00 
  3.509160E+00   3.249351E+00   5.396020E+00 
  3.519139E+00   3.275874E+00   1.571237E-01 
  3.529118E+00   3.261639E+00   1.565420E-01 
  3.539096E+00   3.415817E+00   1.605240E-01 
  3.549075E+00   3.314691E+00   1.585413E-01 
  3.559054E+00   3.437451E+00   1.588962E-01 
  3.569033E+00   3.256992E+00   1.567820E-01 
  3.579012E+00   3.309541E+00   1.563611E-01 
  3.588991E+00   2.989946E+00   1.495569E-01 
  3.598970E+00   3.157992E+00   1.526604E-01 
  3.608948E+00   2.936149E+00   1.474428E-01 
  3.618927E+00   3.112491E+00   1.523751E-01 
  3.628906E+00   3.405422E+00   1.567472E-01 
  3.638885E+00   3.311216E+00   1.556293E-01 
  3.648864E+00   3.308632E+00   1.549409E-01 
  3.658843E+00   3.041134E+00   1.493408E-01 
  3.668822E+00   3.456233E+00   5.565149E+00 
  3.678800E+00   3.481011E+00   5.585061E+00 
  3.688779E+00   3.377561E+00   1.574590E-01 
  3.698758E+00   3.148378E+00   1.496378E-01 
  3.708737E+00   3.297719E+00   1.545790E-01 
  3.718716E+00   3.223327E+00   1.524169E-01 
  3.728695E+00   3.356954E+00   1.545685E-01 
  3.738674E+00   3.036258E+00   1.484088E-01 
  3.748652E+00   3.406824E+00   1.549965E-01 
  3.758631E+00   3.301376E+00   5.439046E+00 
  3.768610E+00   3.229824E+00   5.379782E+00 
  3.778589E+00   3.293422E+00   5.432491E+00 
  3.788568E+00   3.050726E+00   1.482889E-01 
  3.798547E+00   3.473808E+00   1.549572E-01 
  3.808525E+00   3.104003E+00   5.273954E+00 
  3.818504E+00   3.427483E+00   5.541954E+00 
  3.828483E+00   3.193893E+00   1.498044E-01 
  3.838462E+00   3.327328E+00   5.460383E+00 
  3.848441E+00   3.121499E+00   5.288796E+00 
  3.858420E+00   3.381358E+00   1.534319E-01 
  3.868399E+00   3.311479E+00   1.506775E-01 
  3.878377E+00   3.353593E+00   1.523289E-01 
  3.888356E+00   3.545957E+00   1.560655E-01 
  3.898335E+00   3.124678E+00   1.462367E-01 
  3.908314E+00   3.307987E+00   1.519409E-01 
  3.918293E+00   3.306766E+00   1.492991E-01 
  3.928272E+00   3.487440E+00   1.542752E-01 
  3.938251E+00   3.262027E+00   1.477316E-01 
  3.948229E+00   3.090423E+00   1.444060E-01 
  3.958208E+00   3.453216E+00   1.536478E-01 
  3.968187E+00   3.247982E+00   1.478556E-01 
  3.978166E+00   3.422894E+00   1.519615E-01 
  3.988145E+00   3.524031E+00   5.619467E+00 
  3.998124E+00   3.385671E+00   5.508047E+00 
  4.008103E+00   3.263660E+00   1.468211E-01 
  4.018081E+00   3.344327E+00   1.493956E-01 
  4.028060E+00   3.455764E+00   1.521315E-01 
  4.038039E+00   3.407899E+00   1.498618E-01 
  4.048018E+00   3.236794E+00   1.465228E-01 
  4.057997E+00   3.254008E+00   5.399886E+00 
  4.067976E+00   3.416500E+00   5.533067E+00 
  4.077955E+00   3.254494E+00   5.400289E+00 
  4.087933E+00   3.387071E+00   5.509185E+00 
  4.097912E+00   3.349724E+00   1.491079E-01 
  4.107891E+00   3.408723E+00   1.478480E-01 
  4.117870E+00   3.262443E+00   1.464702E-01 
  4.127849E+00   3.162891E+00   1.432419E-01 
  4.137828E+00   3.472420E+00   1.494901E-01 
  4.147807E+00   3.456433E+00   1.511043E-01 
  4.157785E+00   3.430989E+00   1.475533E-01 
  4.167764E+00   3.387522E+00   1.482335E-01 
  4.177743E+00   3.406152E+00   5.524682E+00 
  4.187722E+00   3.194581E+00   5.350351E+00 
  4.197701E+00   3.369704E+00   5.495043E+00 
  4.207680E+00   3.335718E+00   1.451519E-01 
  4.217658E+00   3.256514E+00   1.447525E-01 
  4.227637E+00   3.079477E+00   1.391619E-01 
  4.237616E+00   3.078444E+00   1.397325E-01 
  4.247595E+00   3.195352E+00   1.420507E-01 
  4.257574E+00   3.342879E+00   1.450521E-01 
  4.267553E+00   3.108126E+00   5.277456E+00 
  4.277532E+00   3.204155E+00   5.358361E+00 
  4.287510E+00   3.262290E+00   5.406753E+00 
  4.297489E+00   3.357854E+00   5.485373E+00 
  4.307468E+00   3.283800E+00   5.424548E+00 
  4.317447E+00   3.084586E+00   1.386418E-01 
  4.327426E+00   3.261883E+00   1.423870E-01 
  4.337405E+00   3.212063E+00   1.410373E-01 
  4.347384E+00   3.157061E+00   1.389493E-01 
  4.357362E+00   3.156871E+00   1.403233E-01 
  4.367341E+00   3.287503E+00   1.424826E-01 
  4.377320E+00   3.271705E+00   1.419638E-01 
  4.387299E+00   3.241639E+00   1.411330E-01 
  4.397278E+00   3.519530E+00   1.454301E-01 
  4.407257E+00   3.298588E+00   1.425944E-01 
  4.417236E+00   3.054220E+00   1.350948E-01 
  4.427214E+00   3.138141E+00   1.385954E-01 
  4.437193E+00   3.325736E+00   1.418510E-01 
  4.447172E+00   3.267227E+00   1.409178E-01 
  4.457151E+00   3.041011E+00   5.220165E+00 
  4.467130E+00   3.354706E+00   5.482801E+00 
  4.477109E+00   3.412166E+00   1.438619E-01 
  4.487088E+00   3.347941E+00   1.414056E-01 
  4.497066E+00   3.186486E+00   1.376198E-01 
  4.507045E+00   3.250669E+00   1.404652E-01 
  4.517024E+00   3.433836E+00   1.415945E-01 
  4.527003E+00   3.267589E+00   1.403394E-01 
  4.536982E+00   2.966279E+00   5.155624E+00 
  4.546961E+00   3.240111E+00   5.388343E+00 
  4.556940E+00   3.095576E+00   5.266790E+00 
  4.566918E+00   3.239792E+00   1.380198E-01 
  4.576897E+00   3.174237E+00   1.373723E-01 
  4.586876E+00   3.343230E+00   1.392336E-01 
  4.596855E+00   3.115755E+00   1.354772E-01 
  4.606834E+00   3.262590E+00   1.371902E-01 
  4.616813E+00   3.442770E+00   1.425703E-01 
  4.626791E+00   3.305490E+00   1.389253E-01 
  4.636770E+00   3.267680E+00   1.369738E-01 
  4.646749E+00   2.985016E+00   1.319203E-01 
  4.656728E+00   3.272269E+00   1.370987E-01 
  4.666707E+00   3.195603E+00   1.360532E-01 
  4.676686E+00   3.408202E+00   1.391903E-01 
  4.686665E+00   3.154091E+00   1.345447E-01 
  4.696643E+00   3.468689E+00   1.423748E-01 
  4.706622E+00   3.322418E+00   5.456352E+00 
  4.716601E+00   3.150838E+00   5.313593E+00 
  4.726580E+00   3.453157E+00   1.441873E-01 
  4.736559E+00   3.323223E+00   1.431254E-01 
  4.746538E+00   3.413022E+00   1.450630E-01 
  4.756517E+00   3.444510E+00   1.454117E-01 
  4.766495E+00   3.416894E+00   1.478468E-01 
  4.776474E+00   3.312201E+00   1.442487E-01 
  4.786453E+00   3.190326E+00   1.423912E-01 
  4.796432E+00   3.371720E+00   1.462701E-01 
  4.806411E+00   3.298679E+00   1.453572E-01 
  4.816390E+00   3.269843E+00   5.413009E+00 
  4.826369E+00   3.545947E+00   5.636914E+00 
  4.836347E+00   3.170472E+00   5.330123E+00 
  4.846326E+00   3.400737E+00   5.520289E+00 
  4.856305E+00   3.142627E+00   1.447000E-01 
  4.866284E+00   3.363255E+00   1.480244E-01 
  4.876263E+00   3.277121E+00   1.468157E-01 
  4.886242E+00   3.254546E+00   1.511602E-01 
  4.896221E+00   3.468592E+00   1.556376E-01 
  4.906199E+00   3.338197E+00   1.550454E-01 
  4.916178E+00   3.343206E+00   1.545199E-01 
  4.926157E+00   3.059209E+00   1.492527E-01 
  4.936136E+00   3.587355E+00   1.642330E-01 
  4.946115E+00   3.341966E+00   1.566738E-01 
  4.956094E+00   3.361458E+00   1.592266E-01 
  4.966073E+00   3.344394E+00   1.583617E-01 
  4.976051E+00   3.349462E+00   1.599992E-01 
  4.986030E+00   3.357088E+00   1.601809E-01 
  4.996009E+00   3.546381E+00   1.643177E-01 
  5.005988E+00   3.423998E+00   1.641454E-01 
  5.015967E+00   3.452527E+00   1.645928E-01 
  5.025946E+00   3.252759E+00   1.602519E-01 
  5.035924E+00   3.484014E+00   1.641138E-01 
  5.045903E+00   3.127869E+00   1.587439E-01 
  5.055882E+00   3.608418E+00   1.701856E-01 
  5.065861E+00   3.415883E+00   1.658186E-01 
  5.075840E+00   3.251075E+00   1.629617E-01 
  5.085819E+00   3.141705E+00   5.305887E+00 
  5.095798E+00   3.428173E+00   5.542512E+00 
  5.105776E+00   3.495702E+00   5.596835E+00 
  5.115755E+00   3.253465E+00   5.399435E+00 
  5.125734E+00   3.114344E+00   5.282732E+00 
  5.135713E+00   3.374550E+00   5.498993E+00 
  5.145692E+00   3.853177E+00   5.876040E+00 
  5.155671E+00   3.218284E+00   5.370162E+00 
  5.165650E+00   3.312324E+00   5.448058E+00 
  5.175628E+00   3.323592E+00   5.457316E+00 
  5.185607E+00   3.373841E+00   5.498416E+00 
  5.195586E+00   3.591374E+00   5.672906E+00 
  5.205565E+00   3.509323E+00   5.607728E+00 
  5.215544E+00   3.603004E+00   5.682084E+00 
  5.225523E+00   3.727999E+00   5.779804E+00 
  5.235502E+00   3.381622E+00   5.504753E+00 
  5.245480E+00   3.402475E+00   5.521699E+00 
  5.255459E+00   2.948418E+00   5.140079E+00 
  5.265438E+00   3.662450E+00   5.728767E+00 
  5.275417E+00   3.203858E+00   5.358114E+00 
  5.285396E+00   3.596962E+00   5.677318E+00 
  5.295375E+00   3.311777E+00   5.447607E+00 
  5.305354E+00   3.521081E+00   5.617115E+00 
  5.315332E+00   3.411313E+00   5.528866E+00 
  5.325311E+00   3.482099E+00   5.585934E+00 
  5.335290E+00   3.191621E+00   5.347871E+00 
  5.345269E+00   3.636279E+00   5.708261E+00 
  5.355248E+00   3.333446E+00   5.465401E+00 
  5.365227E+00   3.576284E+00   5.660975E+00 
  5.375205E+00   3.363229E+00   5.489762E+00 
  5.385184E+00   3.714101E+00   5.769021E+00 
  5.395163E+00   3.741488E+00   5.790252E+00 
  5.405142E+00   3.417248E+00   5.533673E+00 
  5.415121E+00   3.629225E+00   5.702722E+00 
  5.425100E+00   3.682292E+00   5.744264E+00 
  5.435079E+00   3.463450E+00   5.570956E+00 
  5.445057E+00   3.642020E+00   5.712766E+00 
  5.455036E+00   3.325822E+00   5.459147E+00 
  5.465015E+00   3.145481E+00   5.309074E+00 
  5.474994E+00   3.347904E+00   5.477240E+00 
  5.484973E+00   3.383920E+00   5.506622E+00 
  5.494952E+00   3.294903E+00   5.433712E+00 
  5.504931E+00   3.235091E+00   5.384167E+00 
  5.514909E+00   3.587343E+00   5.669721E+00 
  5.524888E+00   3.674561E+00   5.738231E+00 
  5.534867E+00   3.507672E+00   5.606409E+00 
  5.544846E+00   3.379793E+00   5.503263E+00 
  5.554825E+00   3.663374E+00   5.729489E+00 
  5.564804E+00   3.379487E+00   5.503015E+00 
  5.574783E+00   3.545391E+00   5.636471E+00 
  5.584761E+00   3.795917E+00   5.832216E+00 
  5.594740E+00   3.540639E+00   5.632693E+00 
  5.604719E+00   3.433222E+00   5.546592E+00 
  5.614698E+00   3.465602E+00   5.572686E+00 
  5.624677E+00   3.780999E+00   5.820744E+00 
  5.634656E+00   3.414631E+00   5.531554E+00 
  5.644635E+00   3.648906E+00   5.718164E+00 
  5.654613E+00   3.511634E+00   5.609574E+00 
  5.664592E+00   3.198439E+00   5.353580E+00 
  5.674571E+00   3.670057E+00   5.734713E+00 
  5.684550E+00   3.487519E+00   5.590280E+00 
  5.694529E+00   3.513088E+00   5.610736E+00 
  5.704508E+00   3.457004E+00   5.565769E+00 
  5.714487E+00   3.643937E+00   5.714269E+00 
  5.724465E+00   3.546455E+00   5.637317E+00 
  5.734444E+00   3.561096E+00   5.648942E+00 
  5.744423E+00   3.786891E+00   5.825278E+00 
  5.754402E+00   3.651498E+00   5.720194E+00 
  5.764381E+00   3.575199E+00   5.660117E+00 
  5.774360E+00   3.678257E+00   5.741116E+00 
  5.784338E+00   3.442139E+00   5.553790E+00 
  5.794317E+00   3.547776E+00   5.638367E+00 
  5.804296E+00   3.261324E+00   5.405953E+00 
  5.814275E+00   3.732386E+00   5.783205E+00 
  5.824254E+00   3.846040E+00   5.870596E+00 
  5.834233E+00   3.598401E+00   5.678453E+00 
  5.844212E+00   3.656294E+00   5.723950E+00 
  5.854190E+00   3.556802E+00   5.645535E+00 
  5.864169E+00   3.959310E+00   5.956416E+00 
  5.874148E+00   3.154860E+00   5.316984E+00 
  5.884127E+00   3.660614E+00   5.727330E+00 
  5.894106E+00   3.686578E+00   5.747606E+00 
  5.904085E+00   3.579688E+00   5.663669E+00 
  5.914064E+00   3.531404E+00   5.625342E+00 
  5.924042E+00   3.805433E+00   5.839522E+00 
  5.934021E+00   3.689679E+00   5.750023E+00 
  5.944000E+00   3.900804E+00   5.912244E+00 
  5.953979E+00   3.632398E+00   5.705215E+00 
  5.963958E+00   4.023941E+00   6.004835E+00 
  5.973937E+00   3.781413E+00   5.821063E+00 
  5.983916E+00   3.265418E+00   5.409345E+00 
  5.993894E+00   3.505331E+00   5.604537E+00 
  6.003873E+00   3.660856E+00   5.727520E+00 
  6.013852E+00   3.845483E+00   5.870171E+00 
  6.023831E+00   3.402701E+00   5.521882E+00 
  6.033810E+00   3.843383E+00   5.868567E+00 
  6.043789E+00   3.938028E+00   5.940386E+00 
  6.053768E+00   3.510546E+00   5.608705E+00 
  6.063746E+00   3.737966E+00   5.787526E+00 
  6.073725E+00   3.879306E+00   5.895930E+00 
  6.083704E+00   3.796982E+00   5.833034E+00 
  6.093683E+00   4.056570E+00   6.029131E+00 
  6.103662E+00   3.754340E+00   5.800188E+00 
  6.113641E+00   3.812183E+00   5.844699E+00 
  6.123620E+00   3.598974E+00   5.678905E+00 
  6.133598E+00   3.582770E+00   5.666107E+00 
  6.143577E+00   3.954975E+00   5.953155E+00 
  6.153556E+00   3.716270E+00   5.770706E+00 
  6.163535E+00   3.226555E+00   5.377059E+00 
  6.173514E+00   3.719579E+00   5.773274E+00 
  6.183493E+00   3.876852E+00   5.894064E+00 
  6.193471E+00   4.039402E+00   6.016360E+00 
  6.203450E+00   3.683828E+00   5.745462E+00 
  6.213429E+00   4.246178E+00   6.168426E+00 
  6.223408E+00   3.566575E+00   5.653285E+00 
  6.233387E+00   3.708513E+00   5.764679E+00 
  6.243366E+00   3.869286E+00   5.888310E+00 
  6.253345E+00   3.792256E+00   5.829403E+00 
  6.263323E+00   3.862130E+00   5.882862E+00 
  6.273302E+00   3.808768E+00   5.842080E+00 
  6.283281E+00   3.554454E+00   5.643671E+00 
  6.293260E+00   3.925105E+00   5.930631E+00 
  6.303239E+00   3.878662E+00   5.895440E+00 
  6.313218E+00   4.147514E+00   6.096340E+00 
  6.323197E+00   3.645130E+00   5.715205E+00 
  6.333175E+00   3.943789E+00   5.944730E+00 
  6.343154E+00   3.855355E+00   5.877700E+00 
  6.353133E+00   3.962681E+00   5.958951E+00 
  6.363112E+00   3.700495E+00   5.758445E+00 
  6.373091E+00   3.920384E+00   5.927063E+00 
  6.383070E+00   3.856478E+00   5.878557E+00 
  6.393049E+00   3.788231E+00   5.826309E+00 
  6.403027E+00   3.974596E+00   5.967903E+00 
  6.413006E+00   3.631089E+00   5.704187E+00 
  6.422985E+00   3.908538E+00   5.918102E+00 
  6.432964E+00   3.971151E+00   5.965316E+00 
  6.442943E+00   4.131173E+00   6.084319E+00 
  6.452922E+00   4.030765E+00   6.009925E+00 
  6.462901E+00   3.818963E+00   5.849894E+00 
  6.472879E+00   3.744425E+00   5.792524E+00 
  6.482858E+00   3.480193E+00   5.584405E+00 
  6.492837E+00   4.107138E+00   6.066594E+00 
  6.502816E+00   4.021623E+00   6.003105E+00 
  6.512795E+00   3.824967E+00   5.854491E+00 
  6.522774E+00   3.948387E+00   5.948194E+00 
  6.532753E+00   3.753612E+00   5.799625E+00 
  6.542731E+00   3.815807E+00   5.847476E+00 
  6.552710E+00   4.098074E+00   6.059896E+00 
  6.562689E+00   3.738014E+00   5.787563E+00 
  6.572668E+00   3.962934E+00   5.959141E+00 
  6.582647E+00   4.115985E+00   6.073124E+00 
  6.592626E+00   3.696156E+00   5.755068E+00 
  6.602604E+00   3.749833E+00   5.796706E+00 
  6.612583E+00   4.089120E+00   6.053272E+00 
  6.622562E+00   3.937831E+00   5.940237E+00 
  6.632541E+00   3.775293E+00   5.816351E+00 
  6.642520E+00   3.659707E+00   5.726621E+00 
  6.652499E+00   3.985758E+00   5.976277E+00 
  6.662478E+00   4.294956E+00   6.203755E+00 
  6.672456E+00   3.773534E+00   5.814996E+00 
  6.682435E+00   3.788338E+00   5.826391E+00 
  6.692414E+00   3.819418E+00   5.850242E+00 
  6.702393E+00   3.997155E+00   5.984816E+00 
  6.712372E+00   4.192857E+00   6.129574E+00 
  6.722351E+00   4.299569E+00   6.207086E+00 
  6.732330E+00   4.177885E+00   6.118620E+00 
  6.742308E+00   3.830858E+00   5.858997E+00 
  6.752287E+00   4.138357E+00   6.089606E+00 
  6.762266E+00   4.000096E+00   5.987017E+00 
  6.772245E+00   3.526485E+00   5.621424E+00 
  6.782224E+00   4.030735E+00   6.009902E+00 
  6.792203E+00   4.182289E+00   6.121844E+00 
  6.802182E+00   3.590982E+00   5.672597E+00 
  6.812160E+00   3.657842E+00   5.725161E+00 
  6.822139E+00   3.782759E+00   5.822099E+00 
  6.832118E+00   3.919976E+00   5.926755E+00 
  6.842097E+00   4.405559E+00   6.283126E+00 
  6.852076E+00   4.156920E+00   6.103249E+00 
  6.862055E+00   4.013624E+00   5.997132E+00 
  6.872034E+00   3.938561E+00   5.940788E+00 
  6.882012E+00   4.182827E+00   6.122238E+00 
  6.891991E+00   4.319225E+00   6.221257E+00 
  6.901970E+00   4.043342E+00   6.019294E+00 
  6.911949E+00   4.071355E+00   6.040109E+00 
  6.921928E+00   4.078296E+00   6.045255E+00 
  6.931907E+00   4.259015E+00   6.177743E+00 
  6.941886E+00   3.878443E+00   5.895274E+00 
  6.951864E+00   4.254384E+00   6.174383E+00 
  6.961843E+00   4.070637E+00   6.039576E+00 
  6.971822E+00   4.329769E+00   6.228846E+00 
  6.981801E+00   3.880100E+00   5.896533E+00 
  6.991780E+00   4.168300E+00   6.111598E+00 
  7.001759E+00   4.308675E+00   6.213655E+00 
  7.011737E+00   4.176588E+00   6.117671E+00 
  7.021716E+00   4.069330E+00   6.038607E+00 
  7.031695E+00   3.845877E+00   5.870471E+00 
  7.041674E+00   4.250611E+00   6.171645E+00 
  7.051653E+00   4.172360E+00   6.114573E+00 
  7.061632E+00   3.971760E+00   5.965774E+00 
  7.071611E+00   4.108812E+00   6.067830E+00 
  7.081589E+00   4.221815E+00   6.150704E+00 
  7.091568E+00   4.182277E+00   6.121836E+00 
  7.101547E+00   3.870014E+00   5.888864E+00 
  7.111526E+00   4.482820E+00   6.337981E+00 
  7.121505E+00   4.106123E+00   6.065844E+00 
  7.131484E+00   4.167367E+00   6.110913E+00 
  7.141463E+00   3.989915E+00   5.979393E+00 
  7.151441E+00   3.997075E+00   5.984756E+00 
  7.161420E+00   4.208270E+00   6.140830E+00 
  7.171399E+00   4.089919E+00   6.053864E+00 
  7.181378E+00   4.420804E+00   6.293988E+00 
  7.191357E+00   4.615921E+00   6.431384E+00 
  7.201336E+00   4.322677E+00   6.223743E+00 
  7.211315E+00   4.219146E+00   6.148760E+00 
  7.221293E+00   4.252272E+00   6.172851E+00 
  7.231272E+00   4.290265E+00   6.200366E+00 
  7.241251E+00   4.132004E+00   6.084931E+00 
  7.251230E+00   4.166411E+00   6.110213E+00 
  7.261209E+00   4.356922E+00   6.248347E+00 
  7.271188E+00   4.130538E+00   6.083851E+00 
  7.281167E+00   4.361489E+00   6.251621E+00 
  7.291145E+00   3.722093E+00   5.775224E+00 
  7.301124E+00   3.704461E+00   5.761530E+00 
  7.311103E+00   4.218188E+00   6.148062E+00 
  7.321082E+00   4.223101E+00   6.151641E+00 
  7.331061E+00   4.144406E+00   6.094055E+00 
  7.341040E+00   4.378804E+00   6.264019E+00 
  7.351019E+00   4.243632E+00   6.166577E+00 
  7.360997E+00   4.126599E+00   6.080949E+00 
  7.370976E+00   4.221534E+00   6.150500E+00 
  7.380955E+00   4.205371E+00   6.138714E+00 
  7.390934E+00   4.422352E+00   1.852640E-01 
  7.400913E+00   4.062574E+00   1.773053E-01 
  7.410892E+00   4.504283E+00   1.862100E-01 
  7.420870E+00   4.353767E+00   1.845479E-01 
  7.430849E+00   4.078484E+00   1.755815E-01 
  7.440828E+00   4.096625E+00   1.791329E-01 
  7.450807E+00   4.102090E+00   1.773289E-01 
  7.460786E+00   4.544615E+00   6.381515E+00 
  7.470765E+00   4.670243E+00   6.469117E+00 
  7.480744E+00   4.228973E+00   1.816095E-01 
  7.490722E+00   4.406152E+00   1.847673E-01 
  7.500701E+00   4.483518E+00   1.858988E-01 
  7.510680E+00   4.626959E+00   1.892722E-01 
  7.520659E+00   4.065854E+00   6.036027E+00 
  7.530638E+00   4.324699E+00   6.225199E+00 
  7.540617E+00   4.314327E+00   6.217729E+00 
  7.550596E+00   4.248813E+00   6.170340E+00 
  7.560574E+00   4.539761E+00   6.378107E+00 
  7.570553E+00   4.489567E+00   6.342748E+00 
  7.580532E+00   4.445707E+00   6.311690E+00 
  7.590511E+00   4.155518E+00   6.102220E+00 
  7.600490E+00   4.477289E+00   6.334069E+00 
  7.610469E+00   4.035033E+00   6.013105E+00 
  7.620448E+00   4.243721E+00   6.166641E+00 
  7.630426E+00   4.245451E+00   6.167898E+00 
  7.640405E+00   4.219080E+00   6.148712E+00 
  7.650384E+00   4.434485E+00   1.844818E-01 
  7.660363E+00   3.986233E+00   5.976633E+00 
  7.670342E+00   4.431704E+00   6.301742E+00 
  7.680321E+00   4.192105E+00   1.806202E-01 
  7.690300E+00   4.481223E+00   1.875136E-01 
  7.700278E+00   4.393819E+00   1.836760E-01 
  7.710257E+00   4.191578E+00   1.804503E-01 
  7.720236E+00   4.114321E+00   6.071896E+00 
  7.730215E+00   4.425416E+00   6.297270E+00 
  7.740194E+00   4.629914E+00   1.883885E-01 
  7.750173E+00   4.517454E+00   1.866844E-01 
  7.760151E+00   4.415528E+00   1.869979E-01 
  7.770130E+00   4.265440E+00   1.830273E-01 
  7.780109E+00   3.969484E+00   1.746316E-01 
  7.790088E+00   4.244297E+00   1.822140E-01 
  7.800067E+00   4.492993E+00   1.878417E-01 
  7.810046E+00   4.396991E+00   1.852190E-01 
  7.820025E+00   4.474998E+00   1.865295E-01 
  7.830003E+00   4.494440E+00   1.870152E-01 
  7.839982E+00   4.549732E+00   6.385107E+00 
  7.849961E+00   4.347570E+00   6.241638E+00 
  7.859940E+00   4.229281E+00   1.830943E-01 
  7.869919E+00   4.202876E+00   1.803427E-01 
  7.879898E+00   4.040173E+00   1.773985E-01 
  7.889877E+00   4.476505E+00   1.876648E-01 
  7.899855E+00   4.675580E+00   6.472812E+00 
  7.909834E+00   4.565559E+00   6.396203E+00 
  7.919813E+00   4.900768E+00   1.943097E-01 
  7.929792E+00   4.833681E+00   1.951222E-01 
  7.939771E+00   4.541642E+00   1.888160E-01 
  7.949750E+00   4.734903E+00   1.923232E-01 
  7.959729E+00   4.914625E+00   6.636215E+00 
  7.969707E+00   4.873018E+00   6.608064E+00 
  7.979686E+00   4.520352E+00   6.364457E+00 
  7.989665E+00   4.588533E+00   1.896217E-01 
  7.999644E+00   4.448684E+00   1.857361E-01 
  8.009623E+00   4.564348E+00   1.901613E-01 
  8.019602E+00   4.438434E+00   1.858859E-01 
  8.029581E+00   4.610922E+00   1.904559E-01 
  8.039559E+00   4.341564E+00   1.836088E-01 
  8.049538E+00   4.435908E+00   1.861987E-01 
  8.059517E+00   4.591262E+00   1.906418E-01 
  8.069496E+00   4.785905E+00   1.934397E-01 
  8.079475E+00   4.490524E+00   1.866908E-01 
  8.089454E+00   4.178582E+00   1.817531E-01 
  8.099433E+00   4.578780E+00   1.897965E-01 
  8.109411E+00   4.549732E+00   1.893160E-01 
  8.119390E+00   4.418210E+00   1.855797E-01 
  8.129369E+00   4.694907E+00   6.486176E+00 
  8.139348E+00   4.583864E+00   6.409012E+00 
  8.149327E+00   4.401235E+00   1.849062E-01 
  8.159306E+00   4.764292E+00   1.947871E-01 
  8.169284E+00   4.662152E+00   1.907197E-01 
  8.179263E+00   4.586461E+00   1.897891E-01 
  8.189242E+00   4.179141E+00   1.807339E-01 
  8.199221E+00   4.535204E+00   1.898454E-01 
  8.209200E+00   4.693718E+00   1.915309E-01 
  8.219179E+00   4.777048E+00   1.934676E-01 
  8.229158E+00   4.638295E+00   1.909361E-01 
  8.239136E+00   4.286669E+00   1.841282E-01 
  8.249115E+00   4.424336E+00   1.857129E-01 
  8.259094E+00   4.755553E+00   1.933407E-01 
  8.269073E+00   4.889454E+00   1.954717E-01 
  8.279052E+00   4.507117E+00   1.881758E-01 
  8.289031E+00   4.739378E+00   6.516823E+00 
  8.299010E+00   4.703674E+00   6.492230E+00 
  8.308988E+00   4.967289E+00   1.974133E-01 
  8.318967E+00   4.824968E+00   1.942269E-01 
  8.328946E+00   4.673527E+00   1.919188E-01 
  8.338925E+00   4.813903E+00   1.951908E-01 
  8.348904E+00   5.133625E+00   2.000261E-01 
  8.358883E+00   4.564348E+00   1.901613E-01 
  8.368862E+00   4.599027E+00   1.901268E-01 
  8.378840E+00   4.533057E+00   6.373395E+00 
  8.388819E+00   4.792155E+00   6.553008E+00 
  8.398798E+00   5.212443E+00   6.834329E+00 
  8.408777E+00   4.613630E+00   6.429788E+00 
  8.418756E+00   4.526372E+00   6.368694E+00 
  8.428735E+00   4.659656E+00   6.461780E+00 
  8.438714E+00   4.886739E+00   6.617361E+00 
  8.448692E+00   4.451482E+00   1.866880E-01 
  8.458671E+00   5.101768E+00   1.996292E-01 
  8.468650E+00   4.662207E+00   1.928311E-01 
  8.478629E+00   4.757724E+00   6.529425E+00 
  8.488608E+00   4.577719E+00   6.404715E+00 
  8.498587E+00   5.042365E+00   6.721906E+00 
  8.508566E+00   4.461507E+00   6.322896E+00 
  8.518544E+00   4.810743E+00   6.565704E+00 
  8.528523E+00   4.932825E+00   6.648491E+00 
  8.538502E+00   4.493060E+00   6.345215E+00 
  8.548481E+00   4.805359E+00   6.562029E+00 
  8.558460E+00   4.464437E+00   6.324972E+00 
  8.568439E+00   4.584891E+00   6.409730E+00 
  8.578417E+00   4.719291E+00   1.920061E-01 
  8.588396E+00   4.883166E+00   1.962519E-01 
  8.598375E+00   4.982659E+00   6.681990E+00 
  8.608354E+00   5.084886E+00   6.750188E+00 
  8.618333E+00   4.831419E+00   1.938405E-01 
  8.628312E+00   4.891810E+00   1.975589E-01 
  8.638291E+00   4.834449E+00   1.954913E-01 
  8.648269E+00   4.862915E+00   1.950161E-01 
  8.658248E+00   4.643935E+00   1.910971E-01 
  8.668227E+00   4.897111E+00   1.985127E-01 
  8.678206E+00   5.050676E+00   1.989380E-01 
  8.688185E+00   4.926145E+00   1.960692E-01 
  8.698164E+00   5.044287E+00   2.007907E-01 
  8.708143E+00   4.616970E+00   1.904523E-01 
  8.718121E+00   4.822782E+00   1.951599E-01 
  8.728100E+00   4.768072E+00   1.942223E-01 
  8.738079E+00   4.629787E+00   6.441036E+00 
  8.748058E+00   4.560745E+00   6.392830E+00 
  8.758037E+00   4.881861E+00   1.964472E-01 
  8.768016E+00   4.493060E+00   1.883389E-01 
  8.777995E+00   4.901019E+00   1.961789E-01 
  8.787973E+00   4.799494E+00   1.965551E-01 
  8.797952E+00   4.677025E+00   1.922764E-01 
  8.807931E+00   4.998979E+00   6.692924E+00 
  8.817910E+00   4.651084E+00   6.455834E+00 
  8.827889E+00   5.031877E+00   6.714911E+00 
  8.837868E+00   4.793136E+00   6.553679E+00 
  8.847847E+00   4.887751E+00   1.966142E-01 
  8.857825E+00   4.965920E+00   6.670757E+00 
  8.867804E+00   5.053683E+00   6.729445E+00 
  8.877783E+00   4.712293E+00   6.498175E+00 
  8.887762E+00   4.727141E+00   6.508405E+00 
  8.897741E+00   5.252874E+00   2.028997E-01 
  8.907720E+00   5.063132E+00   1.996704E-01 
  8.917699E+00   4.682730E+00   1.924395E-01 
  8.927677E+00   4.673527E+00   1.919188E-01 
  8.937656E+00   4.868108E+00   1.966916E-01 
  8.947635E+00   5.304083E+00   6.894145E+00 
  8.957614E+00   4.683806E+00   6.478504E+00 
  8.967593E+00   5.072343E+00   1.994144E-01 
  8.977572E+00   4.927684E+00   1.983811E-01 
  8.987550E+00   4.617691E+00   1.909701E-01 
  8.997529E+00   5.305783E+00   2.042197E-01 
  9.007508E+00   5.036990E+00   2.010294E-01 
  9.017487E+00   5.245237E+00   2.038248E-01 
  9.027466E+00   4.915906E+00   1.966865E-01 
  9.037445E+00   5.367077E+00   2.056487E-01 
  9.047424E+00   4.855903E+00   1.984797E-01 
  9.057402E+00   4.794571E+00   6.554660E+00 
  9.067381E+00   4.869938E+00   6.605976E+00 
  9.077360E+00   5.279004E+00   2.055347E-01 
  9.087339E+00   4.941103E+00   1.975366E-01 
  9.097318E+00   4.818540E+00   1.949882E-01 
  9.107297E+00   4.859892E+00   1.974913E-01 
  9.117276E+00   4.717918E+00   1.932534E-01 
  9.127254E+00   4.723966E+00   1.930675E-01 
  9.137233E+00   4.709670E+00   1.943690E-01 
  9.147212E+00   5.015252E+00   1.989365E-01 
  9.157191E+00   4.870798E+00   1.963009E-01 
  9.167170E+00   5.129111E+00   2.017147E-01 
  9.177149E+00   5.359173E+00   2.057145E-01 
  9.187128E+00   5.229780E+00   2.020440E-01 
  9.197106E+00   4.874973E+00   6.609390E+00 
  9.207085E+00   5.038893E+00   6.719591E+00 
  9.217064E+00   5.019334E+00   6.706537E+00 
  9.227043E+00   4.872927E+00   1.974414E-01 
  9.237022E+00   5.199855E+00   2.035358E-01 
  9.247001E+00   5.346813E+00   2.045063E-01 
  9.256980E+00   5.293908E+00   2.051840E-01 
  9.266958E+00   4.942397E+00   1.983123E-01 
  9.276937E+00   5.011483E+00   1.987491E-01 
  9.286916E+00   5.090033E+00   6.753603E+00 
  9.296895E+00   4.789793E+00   6.551393E+00 
  9.306874E+00   5.213173E+00   6.834808E+00 
  9.316853E+00   5.121181E+00   6.774236E+00 
  9.326832E+00   4.819499E+00   1.972490E-01 
  9.336810E+00   5.162910E+00   2.014733E-01 
  9.346789E+00   5.047094E+00   1.995537E-01 
  9.356768E+00   5.419808E+00   2.085712E-01 
  9.366747E+00   4.897871E+00   1.973408E-01 
  9.376726E+00   4.652399E+00   1.916077E-01 
  9.386705E+00   4.775940E+00   6.541912E+00 
  9.396683E+00   4.716000E+00   6.500730E+00 
  9.406662E+00   5.187122E+00   2.032120E-01 
  9.416641E+00   5.222327E+00   2.027328E-01 
  9.426620E+00   5.134638E+00   2.008478E-01 
  9.436599E+00   5.190800E+00   2.029764E-01 
  9.446578E+00   4.896394E+00   1.969619E-01 
  9.456557E+00   5.363883E+00   2.059137E-01 
  9.466535E+00   5.560015E+00   2.096999E-01 
  9.476514E+00   4.926495E+00   1.979933E-01 
  9.486493E+00   4.905822E+00   1.975010E-01 
  9.496472E+00   5.455062E+00   2.070534E-01 
  9.506451E+00   5.147908E+00   2.028560E-01 
  9.516430E+00   5.460733E+00   2.083884E-01 
  9.526409E+00   5.589769E+00   2.093385E-01 
  9.536387E+00   5.535183E+00   2.117111E-01 
  9.546366E+00   5.378101E+00   2.057873E-01 
  9.556345E+00   5.021222E+00   1.983077E-01 
  9.566324E+00   5.256940E+00   2.061751E-01 
  9.576303E+00   5.438490E+00   2.079276E-01 
  9.586282E+00   5.509919E+00   2.080710E-01 
  9.596261E+00   5.308897E+00   6.897273E+00 
  9.606239E+00   5.423055E+00   6.971035E+00 
  9.616218E+00   5.080170E+00   6.747057E+00 
  9.626197E+00   5.331921E+00   2.061932E-01 
  9.636176E+00   5.336053E+00   2.079828E-01 
  9.646155E+00   5.437410E+00   2.060867E-01 
  9.656134E+00   4.900629E+00   1.975225E-01 
  9.666113E+00   5.474398E+00   2.096746E-01 
  9.676091E+00   5.085820E+00   1.983322E-01 
  9.686070E+00   5.053425E+00   2.005391E-01 
  9.696049E+00   5.413396E+00   2.084110E-01 
  9.706028E+00   5.141744E+00   2.005985E-01 
  9.716007E+00   5.122317E+00   2.017599E-01 
  9.725986E+00   5.128058E+00   2.027740E-01 
  9.735964E+00   5.185570E+00   6.816689E+00 
  9.745943E+00   5.520798E+00   7.033576E+00 
  9.755922E+00   5.122767E+00   6.775285E+00 
  9.765901E+00   5.136939E+00   2.012460E-01 
  9.775880E+00   5.271010E+00   6.872618E+00 
  9.785859E+00   5.499300E+00   7.019868E+00 
  9.795838E+00   5.547434E+00   2.086150E-01 
  9.805816E+00   5.247127E+00   2.060376E-01 
  9.815795E+00   5.390762E+00   2.065562E-01 
  9.825774E+00   5.203806E+00   2.030878E-01 
  9.835753E+00   5.255777E+00   2.044074E-01 
  9.845732E+00   5.595516E+00   2.122500E-01 
  9.855711E+00   5.717370E+00   2.118998E-01 
  9.865690E+00   5.752740E+00   2.137163E-01 
  9.875668E+00   5.337636E+00   2.079942E-01 
  9.885647E+00   5.632773E+00   2.092420E-01 
  9.895626E+00   5.184679E+00   2.036545E-01 
  9.905605E+00   5.347877E+00   2.062988E-01 
  9.915584E+00   5.155594E+00   1.998524E-01 
  9.925563E+00   5.219149E+00   2.049007E-01 
  9.935542E+00   5.337985E+00   2.070667E-01 
  9.945520E+00   5.477735E+00   2.065790E-01 
  9.955499E+00   5.135881E+00   2.016693E-01 
  9.965478E+00   5.316679E+00   2.074738E-01 
  9.975457E+00   5.400087E+00   6.956257E+00 
  9.985436E+00   5.825765E+00   7.225231E+00 
  9.995415E+00   5.243357E+00   6.854566E+00 
  1.000539E+01   5.250206E+00   2.035942E-01 
  1.001537E+01   4.931246E+00   6.647427E+00 
  1.002535E+01   5.334811E+00   6.914086E+00 
  1.003533E+01   5.587091E+00   7.075679E+00 
  1.004531E+01   5.286284E+00   6.882568E+00 
  1.005529E+01   5.558944E+00   7.057834E+00 
  1.006527E+01   5.703391E+00   2.133424E-01 
  1.007525E+01   6.062273E+00   2.278660E-01 
  1.008522E+01   5.592886E+00   2.246735E-01 
  1.009520E+01   5.359812E+00   6.930268E+00 
  1.010518E+01   5.475985E+00   2.289384E-01 
  1.011516E+01   5.576942E+00   2.318579E-01 
  1.012514E+01   5.722030E+00   7.160615E+00 
  1.013512E+01   5.254708E+00   6.861982E+00 
  1.014510E+01   5.395173E+00   2.364667E-01 
  1.015508E+01   5.923000E+00   2.525299E-01 
  1.016506E+01   5.667208E+00   2.489739E-01 
  1.017503E+01   5.630363E+00   2.483156E-01 
  1.018501E+01   5.757307E+00   2.561968E-01 
  1.019499E+01   5.427467E+00   2.507347E-01 
<?xml version="1.0" encoding="utf-8"?>
<fileinfo xmlns:xsd="http://www.w3.org/2001/XMLSchema" xmlns:xsi="http://www.w3.org/2001/XMLSchema-instance">
  <parameter key="Exposure">
    <value key="name">Exposure</value>
    <value key="value">0</value>
    <value key="stddev">-1</value>
    <value key="unit">second</value>
    <value key="quantity">Time</value>
  </parameter>
</fileinfo>