
SAXS 
     1000         0         0         0         0         0         0         0 
  0.000000E+00   3.499999E+02   0.000000E+00   0.000000E+00   1.340000E-01 
  0.000000E+00   0.000000E+00   0.000000E+00   0.000000E+00   0.000000E+00 
  2.261171E-01   1.633652E+01   6.993787E-01 
  2.360959E-01   1.452266E+01   5.268848E-01 
  2.460748E-01   1.202722E+01   2.977212E-01 
  2.560536E-01   1.070497E+01   2.390536E-01 
  2.660325E-01   9.905105E+00   1.985254E-01 
  2.760113E-01   9.492616E+00   1.756980E-01 
  2.859902E-01   8.856255E+00   1.488957E-01 
  2.959690E-01   8.079356E+00   1.367906E-01 
  3.059479E-01   7.983088E+00   1.238363E-01 
  3.159268E-01   7.407205E+00   1.222761E-01 
  3.259056E-01   7.026936E+00   1.151895E-01 
  3.358845E-01   6.765409E+00   1.092962E-01 
  3.458633E-01   6.376463E+00   1.078787E-01 
  3.558422E-01   6.222404E+00   1.006948E-01 
  3.658210E-01   6.007862E+00   9.912662E-02 
  3.757999E-01   5.869539E+00   9.655888E-02 
  3.857787E-01   5.731400E+00   9.284980E-02 
  3.957576E-01   5.443389E+00   9.011613E-02 
  4.057364E-01   5.499125E+00   8.836811E-02 
  4.157153E-01   5.327224E+00   8.894647E-02 
  4.256941E-01   5.201275E+00   6.813545E+00 
  4.356730E-01   5.125266E+00   6.763577E+00 
  4.456519E-01   5.031730E+00   6.701575E+00 
  4.556307E-01   4.881849E+00   7.877491E-02 
  4.656096E-01   4.955751E+00   6.650785E+00 
  4.755884E-01   4.835600E+00   6.569667E+00 
  4.855673E-01   4.839099E+00   6.572044E+00 
  4.955461E-01   4.854016E+00   6.582166E+00 
  5.055250E-01   4.737065E+00   7.474836E-02 
  5.155038E-01   4.557350E+00   7.381691E-02 
  5.254827E-01   4.638544E+00   7.261843E-02 
  5.354615E-01   4.552947E+00   7.210525E-02 
  5.454404E-01   4.454931E+00   7.138886E-02 
  5.554192E-01   4.446679E+00   6.889296E-02 
  5.653981E-01   4.396674E+00   7.063799E-02 
  5.753769E-01   4.404139E+00   6.926502E-02 
  5.853558E-01   4.353408E+00   6.842074E-02 
  5.953347E-01   4.528073E+00   6.816969E-02 
  6.053135E-01   4.288981E+00   6.484753E-02 
  6.152924E-01   4.382438E+00   6.849533E-02 
  6.252712E-01   4.220022E+00   6.628745E-02 
  6.352501E-01   4.295116E+00   6.527524E-02 
  6.452289E-01   4.206761E+00   6.576358E-02 
  6.552078E-01   4.149403E+00   6.393079E-02 
  6.651866E-01   4.191461E+00   6.733807E-02 
  6.751655E-01   4.247915E+00   6.403837E-02 
  6.851443E-01   4.214191E+00   6.481990E-02 
  6.951232E-01   4.124785E+00   6.273031E-02 
  7.051020E-01   4.033582E+00   6.285795E-02 
  7.150809E-01   4.064809E+00   6.281302E-02 
  7.250597E-01   4.086183E+00   6.039168E+00 
  7.350386E-01   4.143408E+00   6.081309E+00 
  7.450175E-01   4.138547E+00   6.077741E+00 
  7.549963E-01   4.123169E+00   6.348821E-02 
  7.649752E-01   4.103211E+00   6.113557E-02 
  7.749540E-01   4.007495E+00   6.020372E-02 
  7.849329E-01   3.970843E+00   5.919917E-02 
  7.949117E-01   3.960025E+00   5.892723E-02 
  8.048906E-01   4.034652E+00   6.071281E-02 
  8.148694E-01   3.952264E+00   5.829961E-02 
  8.248483E-01   3.954599E+00   5.950181E-02 
  8.348271E-01   3.928117E+00   5.880111E-02 
  8.448060E-01   3.970576E+00   5.758645E-02 
  8.547848E-01   3.943406E+00   5.770560E-02 
  8.647637E-01   3.957174E+00   5.720189E-02 
  8.747426E-01   3.870196E+00   5.645257E-02 
  8.847214E-01   3.940256E+00   5.728612E-02 
  8.947003E-01   3.912583E+00   5.693067E-02 
  9.046791E-01   3.915712E+00   5.696884E-02 
  9.146580E-01   3.906898E+00   5.480580E-02 
  9.246368E-01   3.815248E+00   5.544587E-02 
  9.346157E-01   3.902142E+00   5.584577E-02 
  9.445945E-01   3.929734E+00   5.552750E-02 
  9.545734E-01   3.866964E+00   5.551314E-02 
  9.645522E-01   3.910684E+00   5.403369E-02 
  9.745311E-01   3.902346E+00   5.534875E-02 
  9.845099E-01   3.814291E+00   5.834788E+00 
  9.944888E-01   3.845493E+00   5.858605E+00 
  1.004468E+00   3.838450E+00   5.428497E-02 
  1.014447E+00   3.814124E+00   5.834661E+00 
  1.024425E+00   3.833309E+00   5.849317E+00 
  1.034404E+00   3.855011E+00   5.865851E+00 
  1.044383E+00   3.818873E+00   5.195106E-02 
  1.054362E+00   3.817446E+00   5.326711E-02 
  1.064341E+00   3.782746E+00   5.229382E-02 
  1.074320E+00   3.867751E+00   5.268454E-02 
  1.084298E+00   3.835950E+00   5.210123E-02 
  1.094277E+00   3.774126E+00   5.093661E-02 
  1.104256E+00   3.766023E+00   5.116292E-02 
  1.114235E+00   3.745324E+00   5.781798E+00 
  1.124214E+00   3.803850E+00   5.826797E+00 
  1.134193E+00   3.725190E+00   5.056234E-02 
  1.144172E+00   3.729828E+00   4.982292E-02 
  1.154150E+00   3.795418E+00   5.109416E-02 
  1.164129E+00   3.882958E+00   5.080898E-02 
  1.174108E+00   3.793699E+00   4.965775E-02 
  1.184087E+00   3.782364E+00   5.056835E-02 
  1.194066E+00   3.853645E+00   4.933274E-02 
  1.204045E+00   3.803333E+00   5.078548E-02 
  1.214024E+00   3.807228E+00   4.929543E-02 
  1.224002E+00   3.748110E+00   4.848814E-02 
  1.233981E+00   3.784898E+00   4.920936E-02 
  1.243960E+00   3.787358E+00   4.957510E-02 
  1.253939E+00   3.812206E+00   4.933217E-02 
  1.263918E+00   3.731515E+00   4.787480E-02 
  1.273897E+00   3.724293E+00   4.811764E-02 
  1.283876E+00   3.718075E+00   5.760727E+00 
  1.293854E+00   3.792911E+00   5.818413E+00 
  1.303833E+00   3.764239E+00   4.912555E-02 
  1.313812E+00   3.774446E+00   4.744228E-02 
  1.323791E+00   3.682709E+00   4.757205E-02 
  1.333770E+00   3.766818E+00   4.662109E-02 
  1.343749E+00   3.745984E+00   4.778632E-02 
  1.353728E+00   3.729978E+00   4.703693E-02 
  1.363706E+00   3.798918E+00   4.677854E-02 
  1.373685E+00   3.718111E+00   4.693497E-02 
  1.383664E+00   3.704000E+00   4.666641E-02 
  1.393643E+00   3.608640E+00   4.505484E-02 
  1.403622E+00   3.754799E+00   4.674858E-02 
  1.413601E+00   3.756321E+00   5.790280E+00 
  1.423579E+00   3.709641E+00   5.754189E+00 
  1.433558E+00   3.695034E+00   4.550713E-02 
  1.443537E+00   3.669405E+00   4.535183E-02 
  1.453516E+00   3.666117E+00   4.524210E-02 
  1.463495E+00   3.738917E+00   4.488782E-02 
  1.473474E+00   3.672206E+00   4.536724E-02 
  1.483453E+00   3.662144E+00   4.447530E-02 
  1.493431E+00   3.685170E+00   4.543438E-02 
  1.503410E+00   3.682473E+00   4.489012E-02 
  1.513389E+00   3.744141E+00   4.485892E-02 
  1.523368E+00   3.628537E+00   4.485563E-02 
  1.533347E+00   3.681483E+00   4.360690E-02 
  1.543326E+00   3.605422E+00   5.672784E+00 
  1.553305E+00   3.630152E+00   5.692206E+00 
  1.563283E+00   3.748119E+00   4.422687E-02 
  1.573262E+00   3.682201E+00   4.486636E-02 
  1.583241E+00   3.710685E+00   4.365136E-02 
  1.593220E+00   3.692436E+00   4.356178E-02 
  1.603199E+00   3.697740E+00   4.350531E-02 
  1.613178E+00   3.662759E+00   4.307158E-02 
  1.623157E+00   3.636403E+00   4.305217E-02 
  1.633135E+00   3.646205E+00   4.263853E-02 
  1.643114E+00   3.682561E+00   4.304804E-02 
  1.653093E+00   3.641164E+00   4.244411E-02 
  1.663072E+00   3.624868E+00   4.246656E-02 
  1.673051E+00   3.561321E+00   4.186007E-02 
  1.683030E+00   3.708724E+00   4.219981E-02 
  1.693009E+00   3.604792E+00   4.241247E-02 
  1.702987E+00   3.649313E+00   4.169257E-02 
  1.712966E+00   3.654545E+00   4.217479E-02 
  1.722945E+00   3.614860E+00   4.157982E-02 
  1.732924E+00   3.597622E+00   4.099427E-02 
  1.742903E+00   3.678682E+00   4.198282E-02 
  1.752882E+00   3.647160E+00   4.123816E-02 
  1.762861E+00   3.578324E+00   4.127843E-02 
  1.772839E+00   3.628250E+00   4.077582E-02 
  1.782818E+00   3.693925E+00   4.179448E-02 
  1.792797E+00   3.547201E+00   4.109272E-02 
  1.802776E+00   3.628640E+00   4.083279E-02 
  1.812755E+00   3.634313E+00   4.098206E-02 
  1.822734E+00   3.659895E+00   4.077619E-02 
  1.832712E+00   3.632674E+00   5.694183E+00 
  1.842691E+00   3.600946E+00   5.669262E+00 
  1.852670E+00   3.623875E+00   5.687283E+00 
  1.862649E+00   3.658186E+00   5.714143E+00 
  1.872628E+00   3.572445E+00   3.979839E-02 
  1.882607E+00   3.620485E+00   4.041156E-02 
  1.892586E+00   3.634500E+00   4.078392E-02 
  1.902564E+00   3.632054E+00   5.693697E+00 
  1.912543E+00   3.590477E+00   5.661015E+00 
  1.922522E+00   3.615770E+00   3.962299E-02 
  1.932501E+00   3.590527E+00   3.945373E-02 
  1.942480E+00   3.555008E+00   3.966063E-02 
  1.952459E+00   3.607632E+00   3.869431E-02 
  1.962438E+00   3.718991E+00   4.038520E-02 
  1.972416E+00   3.644612E+00   3.920412E-02 
  1.982395E+00   3.609132E+00   3.920909E-02 
  1.992374E+00   3.575339E+00   3.925997E-02 
  2.002353E+00   3.576439E+00   3.893407E-02 
  2.012332E+00   3.555061E+00   3.906761E-02 
  2.022311E+00   3.593559E+00   3.798467E-02 
  2.032290E+00   3.551872E+00   3.851731E-02 
  2.042268E+00   3.573533E+00   3.846728E-02 
  2.052247E+00   3.564110E+00   3.822129E-02 
  2.062226E+00   3.546198E+00   3.837118E-02 
  2.072205E+00   3.557296E+00   3.800758E-02 
  2.082184E+00   3.618467E+00   3.829038E-02 
  2.092163E+00   3.603875E+00   3.911685E-02 
  2.102142E+00   3.581176E+00   3.803712E-02 
  2.112120E+00   3.554933E+00   3.804652E-02 
  2.122099E+00   3.571412E+00   3.752556E-02 
  2.132078E+00   3.563452E+00   3.753034E-02 
  2.142057E+00   3.569832E+00   5.644716E+00 
  2.152036E+00   3.557313E+00   5.634810E+00 
  2.162015E+00   3.565851E+00   3.728680E-02 
  2.171994E+00   3.673264E+00   5.725907E+00 
  2.181972E+00   3.588607E+00   5.659540E+00 
  2.191951E+00   3.630360E+00   5.692369E+00 
  2.201930E+00   3.631183E+00   5.693015E+00 
  2.211909E+00   3.622849E+00   3.710053E-02 
  2.221888E+00   3.620133E+00   3.706291E-02 
  2.231867E+00   3.584016E+00   3.689752E-02 
  2.241845E+00   3.565695E+00   3.690568E-02 
  2.251824E+00   3.555663E+00   3.693601E-02 
  2.261803E+00   3.532476E+00   3.607554E-02 
  2.271782E+00   3.587009E+00   3.610772E-02 
  2.281761E+00   3.510879E+00   3.656850E-02 
  2.291740E+00   3.557728E+00   3.611150E-02 
  2.301719E+00   3.532534E+00   3.597259E-02 
  2.311697E+00   3.547034E+00   3.598829E-02 
  2.321676E+00   3.541703E+00   3.586653E-02 
  2.331655E+00   3.564709E+00   3.559418E-02 
  2.341634E+00   3.580281E+00   3.521319E-02 
  2.351613E+00   3.583040E+00   3.571243E-02 
  2.361592E+00   3.574228E+00   3.589878E-02 
  2.371571E+00   3.565509E+00   3.595312E-02 
  2.381549E+00   3.583358E+00   3.614958E-02 
  2.391528E+00   3.582454E+00   3.511134E-02 
  2.401507E+00   3.519805E+00   3.553625E-02 
  2.411486E+00   3.573799E+00   3.549706E-02 
  2.421465E+00   3.587484E+00   3.521321E-02 
  2.431444E+00   3.572001E+00   3.562211E-02 
  2.441423E+00   3.569534E+00   3.502500E-02 
  2.451401E+00   3.598057E+00   3.598463E-02 
  2.461380E+00   3.578861E+00   3.574899E-02 
  2.471359E+00   3.577617E+00   3.546321E-02 
  2.481338E+00   3.572320E+00   3.489009E-02 
  2.491317E+00   3.562071E+00   3.475046E-02 
  2.501296E+00   3.597940E+00   3.530354E-02 
  2.511275E+00   3.625505E+00   3.516178E-02 
  2.521253E+00   3.579185E+00   5.652106E+00 
  2.531232E+00   3.552016E+00   5.630613E+00 
  2.541211E+00   3.595167E+00   3.474850E-02 
  2.551190E+00   3.588614E+00   3.503504E-02 
  2.561169E+00   3.612593E+00   3.452584E-02 
  2.571148E+00   3.509983E+00   3.422493E-02 
  2.581127E+00   3.609053E+00   3.486140E-02 
  2.591105E+00   3.516831E+00   3.390337E-02 
  2.601084E+00   3.518751E+00   3.406821E-02 
  2.611063E+00   3.556142E+00   5.633882E+00 
  2.621042E+00   3.482862E+00   5.575533E+00 
  2.631021E+00   3.627076E+00   5.689794E+00 
  2.641000E+00   3.516227E+00   3.396775E-02 
  2.650978E+00   3.548422E+00   3.398090E-02 
  2.660957E+00   3.603326E+00   3.431790E-02 
  2.670936E+00   3.598521E+00   3.425190E-02 
  2.680915E+00   3.540321E+00   3.407795E-02 
  2.690894E+00   3.574749E+00   4.292154E-02 
  2.700873E+00   3.559320E+00   3.372768E-02 
  2.710852E+00   3.526724E+00   5.610530E+00 
  2.720830E+00   3.517728E+00   5.603371E+00 
  2.730809E+00   3.481789E+00   5.574673E+00 
  2.740788E+00   3.535473E+00   3.403648E-02 
  2.750767E+00   3.516539E+00   5.602424E+00 
  2.760746E+00   3.585545E+00   5.657126E+00 
  2.770725E+00   3.538479E+00   3.346157E-02 
  2.780704E+00   3.556123E+00   3.300578E-02 
  2.790682E+00   3.579324E+00   3.375699E-02 
  2.800661E+00   3.536310E+00   3.297573E-02 
  2.810640E+00   3.548739E+00   3.285771E-02 
  2.820619E+00   3.517193E+00   3.317497E-02 
  2.830598E+00   3.516055E+00   3.304823E-02 
  2.840577E+00   3.519299E+00   3.299556E-02 
  2.850556E+00   3.612388E+00   5.678262E+00 
  2.860534E+00   3.581385E+00   5.653843E+00 
  2.870513E+00   3.564404E+00   5.640423E+00 
  2.880492E+00   3.508050E+00   5.595657E+00 
  2.890471E+00   3.553669E+00   5.631923E+00 
  2.900450E+00   3.524551E+00   5.608802E+00 
  2.910429E+00   3.520946E+00   5.605933E+00 
  2.920408E+00   3.530959E+00   3.250007E-02 
  2.930386E+00   3.489063E+00   3.221762E-02 
  2.940365E+00   3.512868E+00   3.230361E-02 
  2.950344E+00   3.559482E+00   3.214440E-02 
  2.960323E+00   3.516273E+00   3.226394E-02 
  2.970302E+00   3.552852E+00   3.213274E-02 
  2.980281E+00   3.540568E+00   3.238415E-02 
  2.990260E+00   3.530819E+00   3.236306E-02 
  3.000238E+00   3.518935E+00   3.172187E-02 
  3.010217E+00   3.575550E+00   3.247906E-02 
  3.020196E+00   3.551351E+00   5.630086E+00 
  3.030175E+00   3.518627E+00   5.604087E+00 
  3.040154E+00   3.557435E+00   5.634906E+00 
  3.050133E+00   3.546162E+00   5.625971E+00 
  3.060111E+00   3.510435E+00   5.597559E+00 
  3.070090E+00   3.564939E+00   5.640846E+00 
  3.080069E+00   3.523270E+00   5.607783E+00 
  3.090048E+00   3.521027E+00   5.605997E+00 
  3.100027E+00   3.503367E+00   5.591921E+00 
  3.110006E+00   3.576774E+00   5.650202E+00 
  3.119985E+00   3.561132E+00   3.143313E-02 
  3.129963E+00   3.580346E+00   3.169983E-02 
  3.139942E+00   3.530674E+00   3.120850E-02 
  3.149921E+00   3.489040E+00   3.143354E-02 
  3.159900E+00   3.516086E+00   3.181105E-02 
  3.169879E+00   3.521552E+00   5.606415E+00 
  3.179858E+00   3.559047E+00   5.636183E+00 
  3.189837E+00   3.512320E+00   3.116236E-02 
  3.199815E+00   3.590393E+00   3.113667E-02 
  3.209794E+00   3.606939E+00   3.151892E-02 
  3.219773E+00   3.537887E+00   3.081792E-02 
  3.229752E+00   3.555245E+00   3.130650E-02 
  3.239731E+00   3.505133E+00   3.072402E-02 
  3.249710E+00   3.575922E+00   3.099043E-02 
  3.259689E+00   3.490141E+00   3.070965E-02 
  3.269667E+00   3.554489E+00   3.087409E-02 
  3.279646E+00   3.525318E+00   3.093022E-02 
  3.289625E+00   3.521393E+00   3.041621E-02 
  3.299604E+00   3.538830E+00   3.059820E-02 
  3.309583E+00   3.582751E+00   3.089493E-02 
  3.319562E+00   3.508502E+00   3.042512E-02 
  3.329541E+00   3.512699E+00   3.066511E-02 
  3.339519E+00   3.499603E+00   2.983505E-02 
  3.349498E+00   3.552200E+00   3.056124E-02 
  3.359477E+00   3.527090E+00   5.610822E+00 
  3.369456E+00   3.491219E+00   5.582218E+00 
  3.379435E+00   3.516113E+00   5.602084E+00 
  3.389414E+00   3.525553E+00   5.609599E+00 
  3.399392E+00   3.557421E+00   3.061142E-02 
  3.409371E+00   3.524320E+00   3.021782E-02 
  3.419350E+00   3.602515E+00   5.670497E+00 
  3.429329E+00   3.538941E+00   5.620240E+00 
  3.439308E+00   3.523471E+00   5.607943E+00 
  3.449287E+00   3.584118E+00   3.046411E-02 
  3.459266E+00   3.548891E+00   3.011941E-02 
  3.469244E+00   3.506946E+00   2.968307E-02 
  3.479223E+00   3.560017E+00   5.636950E+00 
  3.489202E+00   3.583963E+00   5.655878E+00 
  3.499181E+00   3.562356E+00   5.638802E+00 
  3.509160E+00   3.603650E+00   5.671390E+00 
  3.519139E+00   3.557492E+00   2.973998E-02 
  3.529118E+00   3.532606E+00   2.958337E-02 
  3.539096E+00   3.516773E+00   2.977559E-02 
  3.549075E+00   3.514400E+00   2.957857E-02 
  3.559054E+00   3.567305E+00   2.931475E-02 
  3.569033E+00   3.567727E+00   3.004951E-02 
  3.579012E+00   3.530252E+00   2.933773E-02 
  3.588991E+00   3.562298E+00   2.957249E-02 
  3.598970E+00   3.552171E+00   2.948218E-02 
  3.608948E+00   3.543944E+00   2.964217E-02 
  3.618927E+00   3.585553E+00   2.988093E-02 
  3.628906E+00   3.500044E+00   2.879937E-02 
  3.638885E+00   3.551804E+00   2.959069E-02 
  3.648864E+00   3.543009E+00   2.903424E-02 
  3.658843E+00   3.516756E+00   2.936508E-02 
  3.668822E+00   3.553119E+00   5.631487E+00 
  3.678800E+00   3.533101E+00   5.615601E+00 
  3.688779E+00   3.543937E+00   2.937698E-02 
  3.698758E+00   3.572825E+00   2.918843E-02 
  3.708737E+00   3.571674E+00   2.913879E-02 
  3.718716E+00   3.586469E+00   2.924642E-02 
  3.728695E+00   3.551829E+00   2.898720E-02 
  3.738674E+00   3.594784E+00   2.937489E-02 
  3.748652E+00   3.606018E+00   2.911599E-02 
  3.758631E+00   3.551251E+00   5.630007E+00 
  3.768610E+00   3.578110E+00   5.651257E+00 
  3.778589E+00   3.566246E+00   5.641880E+00 
  3.788568E+00   3.582648E+00   2.931310E-02 
  3.798547E+00   3.542246E+00   2.837568E-02 
  3.808525E+00   3.543185E+00   5.623609E+00 
  3.818504E+00   3.564240E+00   5.640293E+00 
  3.828483E+00   3.555076E+00   2.851930E-02 
  3.838462E+00   3.484431E+00   5.576788E+00 
  3.848441E+00   3.577550E+00   5.650814E+00 
  3.858420E+00   3.585466E+00   2.864244E-02 
  3.868399E+00   3.592768E+00   2.855239E-02 
  3.878377E+00   3.584454E+00   2.862614E-02 
  3.888356E+00   3.567273E+00   2.852622E-02 
  3.898335E+00   3.557059E+00   5.634609E+00 
  3.908314E+00   3.569768E+00   5.644666E+00 
  3.918293E+00   3.579851E+00   2.842644E-02 
  3.928272E+00   3.609206E+00   2.846987E-02 
  3.938251E+00   3.554690E+00   2.811843E-02 
  3.948229E+00   3.587707E+00   2.819776E-02 
  3.958208E+00   3.553905E+00   2.835576E-02 
  3.968187E+00   3.543875E+00   2.813192E-02 
  3.978166E+00   3.573806E+00   2.833398E-02 
  3.988145E+00   3.578465E+00   5.651538E+00 
  3.998124E+00   3.600522E+00   5.668928E+00 
  4.008103E+00   3.570889E+00   2.801746E-02 
  4.018081E+00   3.648818E+00   2.843991E-02 
  4.028060E+00   3.604031E+00   2.833718E-02 
  4.038039E+00   3.629036E+00   2.825163E-02 
  4.048018E+00   3.659201E+00   2.842579E-02 
  4.057997E+00   3.604129E+00   5.671767E+00 
  4.067976E+00   3.665017E+00   5.719475E+00 
  4.077955E+00   3.585972E+00   5.657462E+00 
  4.087933E+00   3.640624E+00   5.700411E+00 
  4.097912E+00   3.559669E+00   2.779686E-02 
  4.107891E+00   3.633439E+00   2.781969E-02 
  4.117870E+00   3.599024E+00   2.795922E-02 
  4.127849E+00   3.561836E+00   2.760713E-02 
  4.137828E+00   3.612521E+00   2.777752E-02 
  4.147807E+00   3.644447E+00   2.829087E-02 
  4.157785E+00   3.560974E+00   2.733450E-02 
  4.167764E+00   3.596028E+00   2.774031E-02 
  4.177743E+00   3.581431E+00   5.653879E+00 
  4.187722E+00   3.576998E+00   5.650379E+00 
  4.197701E+00   3.623038E+00   5.686626E+00 
  4.207680E+00   3.620726E+00   2.740073E-02 
  4.217658E+00   3.589440E+00   2.768830E-02 
  4.227637E+00   3.613181E+00   2.734950E-02 
  4.237616E+00   3.581990E+00   5.654320E+00 
  4.247595E+00   3.580086E+00   5.652817E+00 
  4.257574E+00   3.609901E+00   5.676307E+00 
  4.267553E+00   3.651393E+00   5.708835E+00 
  4.277532E+00   3.605527E+00   5.672867E+00 
  4.287510E+00   3.619085E+00   5.683522E+00 
  4.297489E+00   3.647899E+00   5.706103E+00 
  4.307468E+00   3.578856E+00   5.651846E+00 
  4.317447E+00   3.617198E+00   2.729175E-02 
  4.327426E+00   3.616147E+00   2.745168E-02 
  4.337405E+00   3.623617E+00   2.733214E-02 
  4.347384E+00   3.584621E+00   2.703322E-02 
  4.357362E+00   3.621749E+00   2.752532E-02 
  4.367341E+00   3.628713E+00   2.743732E-02 
  4.377320E+00   3.652377E+00   2.745505E-02 
  4.387299E+00   3.644051E+00   2.715906E-02 
  4.397278E+00   3.612279E+00   2.693997E-02 
  4.407257E+00   3.627895E+00   2.708045E-02 
  4.417236E+00   3.643769E+00   2.678885E-02 
  4.427214E+00   3.640045E+00   2.724250E-02 
  4.437193E+00   3.620788E+00   2.703997E-02 
  4.447172E+00   3.591209E+00   2.688163E-02 
  4.457151E+00   3.603781E+00   5.671493E+00 
  4.467130E+00   3.622701E+00   5.686361E+00 
  4.477109E+00   3.624784E+00   2.678753E-02 
  4.487088E+00   3.640994E+00   2.664510E-02 
  4.497066E+00   3.619523E+00   2.679410E-02 
  4.507045E+00   3.681424E+00   2.735139E-02 
  4.517024E+00   3.645193E+00   2.662485E-02 
  4.527003E+00   3.726389E+00   2.730153E-02 
  4.536982E+00   3.610264E+00   5.676592E+00 
  4.546961E+00   3.625022E+00   5.688183E+00 
  4.556940E+00   3.624914E+00   5.688098E+00 
  4.566918E+00   3.675652E+00   2.682878E-02 
  4.576897E+00   3.650318E+00   2.692759E-02 
  4.586876E+00   3.655870E+00   2.659711E-02 
  4.596855E+00   3.618779E+00   2.676075E-02 
  4.606834E+00   3.670362E+00   2.651140E-02 
  4.616813E+00   3.648970E+00   2.685791E-02 
  4.626791E+00   3.653328E+00   2.655137E-02 
  4.636770E+00   3.659754E+00   2.623916E-02 
  4.646749E+00   3.687149E+00   2.663361E-02 
  4.656728E+00   3.679944E+00   2.642833E-02 
  4.666707E+00   3.717167E+00   2.673851E-02 
  4.676686E+00   3.701918E+00   2.658645E-02 
  4.686665E+00   3.691754E+00   2.651151E-02 
  4.696643E+00   3.720349E+00   2.651057E-02 
  4.706622E+00   3.710981E+00   5.755229E+00 
  4.716601E+00   3.693059E+00   5.741314E+00 
  4.726580E+00   3.704105E+00   2.707407E-02 
  4.736559E+00   3.686786E+00   2.741403E-02 
  4.746538E+00   3.698939E+00   5.745883E+00 
  4.756517E+00   3.745567E+00   5.781985E+00 
  4.766495E+00   3.663817E+00   5.718539E+00 
  4.776474E+00   3.664755E+00   2.765269E-02 
  4.786453E+00   3.676790E+00   2.772001E-02 
  4.796432E+00   3.691257E+00   2.798381E-02 
  4.806411E+00   3.691664E+00   2.789356E-02 
  4.816390E+00   3.733555E+00   5.772706E+00 
  4.826369E+00   3.706453E+00   5.751716E+00 
  4.836347E+00   3.724717E+00   5.765870E+00 
  4.846326E+00   3.697740E+00   5.744952E+00 
  4.856305E+00   3.763056E+00   2.885674E-02 
  4.866284E+00   3.746196E+00   2.858665E-02 
  4.876263E+00   3.774027E+00   2.875837E-02 
  4.886242E+00   3.719341E+00   2.911147E-02 
  4.896221E+00   3.682294E+00   2.919654E-02 
  4.906199E+00   3.698559E+00   2.946487E-02 
  4.916178E+00   3.802373E+00   2.985252E-02 
  4.926157E+00   3.750869E+00   3.020170E-02 
  4.936136E+00   3.747796E+00   3.056411E-02 
  4.946115E+00   3.760937E+00   3.025879E-02 
  4.956094E+00   3.750994E+00   3.062937E-02 
  4.966073E+00   3.743266E+00   3.042495E-02 
  4.976051E+00   3.735323E+00   3.073502E-02 
  4.986030E+00   3.757099E+00   3.078096E-02 
  4.996009E+00   3.728825E+00   3.079890E-02 
  5.005988E+00   3.762314E+00   3.132082E-02 
  5.015967E+00   3.768491E+00   3.095296E-02 
  5.025946E+00   3.752937E+00   3.111623E-02 
  5.035924E+00   3.763453E+00   3.097681E-02 
  5.045903E+00   3.782364E+00   3.192760E-02 
  5.055882E+00   3.766802E+00   3.154581E-02 
  5.065861E+00   3.781985E+00   3.203375E-02 
  5.075840E+00   3.772827E+00   3.183313E-02 
  5.085819E+00   3.818079E+00   5.837685E+00 
  5.095798E+00   3.817951E+00   5.837587E+00 
  5.105776E+00   3.817960E+00   5.837594E+00 
  5.115755E+00   3.853086E+00   5.864386E+00 
  5.125734E+00   3.853896E+00   5.865003E+00 
  5.135713E+00   3.830469E+00   5.847150E+00 
  5.145692E+00   3.786299E+00   5.813339E+00 
  5.155671E+00   3.874321E+00   5.880524E+00 
  5.165650E+00   3.803514E+00   5.826540E+00 
  5.175628E+00   3.831877E+00   5.848224E+00 
  5.185607E+00   3.892308E+00   5.894159E+00 
  5.195586E+00   3.838372E+00   5.853178E+00 
  5.205565E+00   3.803124E+00   5.826241E+00 
  5.215544E+00   3.826780E+00   5.844333E+00 
  5.225523E+00   3.865707E+00   5.873983E+00 
  5.235502E+00   3.878035E+00   5.883341E+00 
  5.245480E+00   3.892602E+00   5.894381E+00 
  5.255459E+00   3.817189E+00   5.837005E+00 
  5.265438E+00   3.809066E+00   5.830791E+00 
  5.275417E+00   3.908488E+00   5.906397E+00 
  5.285396E+00   3.886361E+00   5.889654E+00 
  5.295375E+00   3.906892E+00   5.905191E+00 
  5.305354E+00   3.855649E+00   5.866337E+00 
  5.315332E+00   3.886902E+00   5.890064E+00 
  5.325311E+00   3.900095E+00   5.900052E+00 
  5.335290E+00   3.874179E+00   5.880416E+00 
  5.345269E+00   3.861783E+00   5.871001E+00 
  5.355248E+00   3.880796E+00   5.885436E+00 
  5.365227E+00   3.860386E+00   5.869939E+00 
  5.375205E+00   3.915563E+00   5.911740E+00 
  5.385184E+00   3.907914E+00   5.905963E+00 
  5.395163E+00   3.965350E+00   5.949206E+00 
  5.405142E+00   3.903352E+00   5.902514E+00 
  5.415121E+00   3.938988E+00   5.929397E+00 
  5.425100E+00   3.920897E+00   5.915765E+00 
  5.435079E+00   3.869404E+00   5.876791E+00 
  5.445057E+00   3.885916E+00   5.889317E+00 
  5.455036E+00   3.922308E+00   5.916830E+00 
  5.465015E+00   3.953035E+00   5.939960E+00 
  5.474994E+00   3.967258E+00   5.950636E+00 
  5.484973E+00   3.942313E+00   5.931899E+00 
  5.494952E+00   3.950907E+00   5.938361E+00 
  5.504931E+00   3.951283E+00   5.938643E+00 
  5.514909E+00   3.953182E+00   5.940071E+00 
  5.524888E+00   3.949868E+00   5.937581E+00 
  5.534867E+00   3.947872E+00   5.936080E+00 
  5.544846E+00   4.014737E+00   5.986138E+00 
  5.554825E+00   3.985571E+00   5.964355E+00 
  5.564804E+00   3.951641E+00   5.938913E+00 
  5.574783E+00   3.979196E+00   5.959583E+00 
  5.584761E+00   3.984570E+00   5.963606E+00 
  5.594740E+00   3.938065E+00   5.928702E+00 
  5.604719E+00   3.966333E+00   5.949943E+00 
  5.614698E+00   4.009896E+00   5.982529E+00 
  5.624677E+00   4.047796E+00   6.010734E+00 
  5.634656E+00   4.003716E+00   5.977916E+00 
  5.644635E+00   4.010132E+00   5.982704E+00 
  5.654613E+00   4.020912E+00   5.990740E+00 
  5.664592E+00   4.033040E+00   5.999768E+00 
  5.674571E+00   4.026293E+00   5.994747E+00 
  5.684550E+00   4.031400E+00   5.998548E+00 
  5.694529E+00   3.990333E+00   5.967917E+00 
  5.704508E+00   3.995370E+00   5.971682E+00 
  5.714487E+00   4.043777E+00   6.007749E+00 
  5.724465E+00   4.024244E+00   5.993222E+00 
  5.734444E+00   4.066183E+00   6.024371E+00 
  5.744423E+00   4.040710E+00   6.005470E+00 
  5.754402E+00   4.049023E+00   6.011645E+00 
  5.764381E+00   4.053859E+00   6.015234E+00 
  5.774360E+00   4.091023E+00   6.042743E+00 
  5.784338E+00   4.079975E+00   6.034579E+00 
  5.794317E+00   4.039874E+00   6.004849E+00 
  5.804296E+00   4.117832E+00   6.062511E+00 
  5.814275E+00   4.089714E+00   6.041777E+00 
  5.824254E+00   4.055741E+00   6.016630E+00 
  5.834233E+00   4.059014E+00   6.019057E+00 
  5.844212E+00   4.069990E+00   6.027190E+00 
  5.854190E+00   4.137068E+00   6.076655E+00 
  5.864169E+00   4.063987E+00   6.022744E+00 
  5.874148E+00   4.124640E+00   6.067520E+00 
  5.884127E+00   4.104606E+00   6.052767E+00 
  5.894106E+00   4.114888E+00   6.060343E+00 
  5.904085E+00   4.159336E+00   6.092986E+00 
  5.914064E+00   4.187112E+00   6.113297E+00 
  5.924042E+00   4.108786E+00   6.055848E+00 
  5.934021E+00   4.120762E+00   6.064667E+00 
  5.944000E+00   4.136495E+00   6.076234E+00 
  5.953979E+00   4.204886E+00   6.126259E+00 
  5.963958E+00   4.136401E+00   6.076164E+00 
  5.973937E+00   4.174286E+00   6.103927E+00 
  5.983916E+00   4.148607E+00   6.085123E+00 
  5.993894E+00   4.165008E+00   6.097140E+00 
  6.003873E+00   4.215533E+00   6.134009E+00 
  6.013852E+00   4.212492E+00   6.131797E+00 
  6.023831E+00   4.106574E+00   6.054218E+00 
  6.033810E+00   4.223860E+00   6.140065E+00 
  6.043789E+00   4.213453E+00   6.132496E+00 
  6.053768E+00   4.229728E+00   6.144329E+00 
  6.063746E+00   4.195554E+00   6.119456E+00 
  6.073725E+00   4.224615E+00   6.140613E+00 
  6.083704E+00   4.167659E+00   6.099080E+00 
  6.093683E+00   4.201123E+00   6.123516E+00 
  6.103662E+00   4.169839E+00   6.100675E+00 
  6.113641E+00   4.205490E+00   6.126699E+00 
  6.123620E+00   4.213553E+00   6.132569E+00 
  6.133598E+00   4.235059E+00   6.148199E+00 
  6.143577E+00   4.276567E+00   6.178255E+00 
  6.153556E+00   4.196251E+00   6.119965E+00 
  6.163535E+00   4.176938E+00   6.105865E+00 
  6.173514E+00   4.295908E+00   6.192211E+00 
  6.183493E+00   4.288410E+00   6.186804E+00 
  6.193471E+00   4.291176E+00   6.188799E+00 
  6.203450E+00   4.273531E+00   6.176062E+00 
  6.213429E+00   4.298801E+00   6.194295E+00 
  6.223408E+00   4.322481E+00   6.211332E+00 
  6.233387E+00   4.264534E+00   6.169557E+00 
  6.243366E+00   4.314433E+00   6.205547E+00 
  6.253345E+00   4.301455E+00   6.196207E+00 
  6.263323E+00   4.282222E+00   6.182339E+00 
  6.273302E+00   4.291467E+00   6.189009E+00 
  6.283281E+00   4.270602E+00   6.173945E+00 
  6.293260E+00   4.278675E+00   6.179778E+00 
  6.303239E+00   4.284551E+00   6.184020E+00 
  6.313218E+00   4.321355E+00   6.210523E+00 
  6.323197E+00   4.348527E+00   6.230018E+00 
  6.333175E+00   4.336511E+00   6.221404E+00 
  6.343154E+00   4.274798E+00   6.176978E+00 
  6.353133E+00   4.349900E+00   6.231002E+00 
  6.363112E+00   4.313093E+00   6.204583E+00 
  6.373091E+00   4.401454E+00   6.267817E+00 
  6.383070E+00   4.282888E+00   6.182820E+00 
  6.393049E+00   4.384179E+00   6.255505E+00 
  6.403027E+00   4.333493E+00   6.219239E+00 
  6.413006E+00   4.410082E+00   6.273957E+00 
  6.422985E+00   4.353497E+00   6.233577E+00 
  6.432964E+00   4.367808E+00   6.243815E+00 
  6.442943E+00   4.406330E+00   6.271288E+00 
  6.452922E+00   4.387869E+00   6.258137E+00 
  6.462901E+00   4.366502E+00   6.242881E+00 
  6.472879E+00   4.402793E+00   6.268770E+00 
  6.482858E+00   4.477336E+00   6.321615E+00 
  6.492837E+00   4.422584E+00   6.282844E+00 
  6.502816E+00   4.450338E+00   6.302527E+00 
  6.512795E+00   4.417611E+00   6.279310E+00 
  6.522774E+00   4.442007E+00   6.296625E+00 
  6.532753E+00   4.470228E+00   6.316595E+00 
  6.542731E+00   4.446780E+00   6.300007E+00 
  6.552710E+00   4.411675E+00   6.275090E+00 
  6.562689E+00   4.500777E+00   6.338142E+00 
  6.572668E+00   4.491382E+00   6.331523E+00 
  6.582647E+00   4.438644E+00   6.294241E+00 
  6.592626E+00   4.481896E+00   6.324834E+00 
  6.602604E+00   4.455647E+00   6.306285E+00 
  6.612583E+00   4.494452E+00   6.333687E+00 
  6.622562E+00   4.486646E+00   6.328184E+00 
  6.632541E+00   4.518957E+00   6.350930E+00 
  6.642520E+00   4.515277E+00   6.348343E+00 
  6.652499E+00   4.518644E+00   6.350710E+00 
  6.662478E+00   4.511510E+00   6.345694E+00 
  6.672456E+00   4.533174E+00   6.360912E+00 
  6.682435E+00   4.454996E+00   6.305824E+00 
  6.692414E+00   4.505688E+00   6.341599E+00 
  6.702393E+00   4.513769E+00   6.347283E+00 
  6.712372E+00   4.476905E+00   6.321311E+00 
  6.722351E+00   4.587830E+00   6.399144E+00 
  6.732330E+00   4.513840E+00   6.347333E+00 
  6.742308E+00   4.559843E+00   6.379596E+00 
  6.752287E+00   4.606286E+00   6.412002E+00 
  6.762266E+00   4.501836E+00   6.338887E+00 
  6.772245E+00   4.555284E+00   6.376406E+00 
  6.782224E+00   4.639097E+00   6.434799E+00 
  6.792203E+00   4.571844E+00   6.387985E+00 
  6.802182E+00   4.588843E+00   6.399850E+00 
  6.812160E+00   4.592001E+00   6.402052E+00 
  6.822139E+00   4.529475E+00   6.358317E+00 
  6.832118E+00   4.508770E+00   6.343767E+00 
  6.842097E+00   4.544478E+00   6.368838E+00 
  6.852076E+00   4.597676E+00   6.406007E+00 
  6.862055E+00   4.579305E+00   6.393195E+00 
  6.872034E+00   4.604132E+00   6.410503E+00 
  6.882012E+00   4.690654E+00   6.470456E+00 
  6.891991E+00   4.613859E+00   6.417271E+00 
  6.901970E+00   4.697843E+00   6.475413E+00 
  6.911949E+00   4.634456E+00   6.431579E+00 
  6.921928E+00   4.650796E+00   6.442907E+00 
  6.931907E+00   4.608763E+00   6.413726E+00 
  6.941886E+00   4.667789E+00   6.454667E+00 
  6.951864E+00   4.681205E+00   6.463936E+00 
  6.961843E+00   4.684125E+00   6.465951E+00 
  6.971822E+00   4.732400E+00   6.499186E+00 
  6.981801E+00   4.669319E+00   6.455724E+00 
  6.991780E+00   4.654263E+00   6.445308E+00 
  7.001759E+00   4.665888E+00   6.453352E+00 
  7.011737E+00   4.663018E+00   6.451367E+00 
  7.021716E+00   4.648073E+00   6.441020E+00 
  7.031695E+00   4.711566E+00   6.484864E+00 
  7.041674E+00   4.682140E+00   6.464582E+00 
  7.051653E+00   4.707607E+00   6.482139E+00 
  7.061632E+00   4.685997E+00   6.467243E+00 
  7.071611E+00   4.717310E+00   6.488816E+00 
  7.081589E+00   4.743503E+00   6.506805E+00 
  7.091568E+00   4.741149E+00   6.505190E+00 
  7.101547E+00   4.712091E+00   6.485225E+00 
  7.111526E+00   4.726051E+00   6.494824E+00 
  7.121505E+00   4.767572E+00   6.523292E+00 
  7.131484E+00   4.750763E+00   6.511783E+00 
  7.141463E+00   4.693514E+00   6.472428E+00 
  7.151441E+00   4.741335E+00   6.505318E+00 
  7.161420E+00   4.770878E+00   6.525554E+00 
  7.171399E+00   4.694134E+00   6.472856E+00 
  7.181378E+00   4.766562E+00   6.522601E+00 
  7.191357E+00   4.786615E+00   6.536307E+00 
  7.201336E+00   4.812689E+00   6.554086E+00 
  7.211315E+00   4.806081E+00   6.549585E+00 
  7.221293E+00   4.791503E+00   6.539644E+00 
  7.231272E+00   4.731986E+00   6.498901E+00 
  7.241251E+00   4.805899E+00   6.549460E+00 
  7.251230E+00   4.805595E+00   6.549254E+00 
  7.261209E+00   4.761093E+00   6.518858E+00 
  7.271188E+00   4.780144E+00   6.531887E+00 
  7.281167E+00   4.831924E+00   6.567170E+00 
  7.291145E+00   4.834752E+00   6.569092E+00 
  7.301124E+00   4.812519E+00   6.553970E+00 
  7.311103E+00   4.884736E+00   6.602961E+00 
  7.321082E+00   4.878045E+00   6.598438E+00 
  7.331061E+00   4.887891E+00   6.605094E+00 
  7.341040E+00   4.871331E+00   6.593895E+00 
  7.351019E+00   4.804976E+00   6.548832E+00 
  7.360997E+00   4.882877E+00   6.601705E+00 
  7.370976E+00   4.885391E+00   6.603404E+00 
  7.380955E+00   4.935034E+00   6.636870E+00 
  7.390934E+00   4.867025E+00   3.551987E-02 
  7.400913E+00   4.848434E+00   3.524166E-02 
  7.410892E+00   4.873954E+00   3.520027E-02 
  7.420870E+00   4.894530E+00   3.567439E-02 
  7.430849E+00   4.899787E+00   3.507296E-02 
  7.440828E+00   4.956141E+00   3.569209E-02 
  7.450807E+00   4.865585E+00   3.508401E-02 
  7.460786E+00   4.977859E+00   6.665604E+00 
  7.470765E+00   4.935306E+00   6.637052E+00 
  7.480744E+00   4.987003E+00   3.606880E-02 
  7.490722E+00   4.948892E+00   3.571792E-02 
  7.500701E+00   4.873540E+00   3.513324E-02 
  7.510680E+00   4.958485E+00   3.593457E-02 
  7.520659E+00   4.964103E+00   6.656388E+00 
  7.530638E+00   4.968702E+00   6.659471E+00 
  7.540617E+00   4.978136E+00   6.665789E+00 
  7.550596E+00   4.979888E+00   6.666962E+00 
  7.560574E+00   4.955718E+00   6.650764E+00 
  7.570553E+00   4.910584E+00   6.620408E+00 
  7.580532E+00   5.061929E+00   6.721655E+00 
  7.590511E+00   5.017602E+00   6.692160E+00 
  7.600490E+00   5.053122E+00   6.715806E+00 
  7.610469E+00   5.038561E+00   6.706122E+00 
  7.620448E+00   5.113078E+00   6.755530E+00 
  7.630426E+00   5.046125E+00   6.711154E+00 
  7.640405E+00   5.023221E+00   6.695906E+00 
  7.650384E+00   5.061134E+00   3.583355E-02 
  7.660363E+00   5.103937E+00   6.749489E+00 
  7.670342E+00   5.052087E+00   6.715117E+00 
  7.680321E+00   5.060151E+00   3.583298E-02 
  7.690300E+00   5.055746E+00   3.620586E-02 
  7.700278E+00   4.997001E+00   3.560315E-02 
  7.710257E+00   5.088508E+00   3.577557E-02 
  7.720236E+00   5.088283E+00   6.739130E+00 
  7.730215E+00   5.032513E+00   6.702096E+00 
  7.740194E+00   5.105421E+00   3.585701E-02 
  7.750173E+00   5.150771E+00   3.596265E-02 
  7.760151E+00   5.109342E+00   3.671953E-02 
  7.770130E+00   5.092739E+00   3.618143E-02 
  7.780109E+00   5.106990E+00   3.602514E-02 
  7.790088E+00   5.073405E+00   3.623601E-02 
  7.800067E+00   5.166467E+00   3.644744E-02 
  7.810046E+00   5.128259E+00   3.609406E-02 
  7.820025E+00   5.155109E+00   3.626309E-02 
  7.830003E+00   5.169656E+00   3.622769E-02 
  7.839982E+00   5.118483E+00   6.759099E+00 
  7.849961E+00   5.070652E+00   6.727445E+00 
  7.859940E+00   5.190673E+00   3.680079E-02 
  7.869919E+00   5.234184E+00   3.645813E-02 
  7.879898E+00   5.175855E+00   3.633280E-02 
  7.889877E+00   5.147946E+00   3.640485E-02 
  7.899855E+00   5.192334E+00   6.807686E+00 
  7.909834E+00   5.181409E+00   6.800521E+00 
  7.919813E+00   5.186651E+00   3.620557E-02 
  7.929792E+00   5.272283E+00   3.709158E-02 
  7.939771E+00   5.152138E+00   3.658003E-02 
  7.949750E+00   5.092038E+00   3.635388E-02 
  7.959729E+00   5.244417E+00   6.841744E+00 
  7.969707E+00   5.193919E+00   6.808725E+00 
  7.979686E+00   5.241537E+00   6.839865E+00 
  7.989665E+00   5.273166E+00   3.715569E-02 
  7.999644E+00   5.164030E+00   3.643845E-02 
  8.009623E+00   5.205274E+00   3.691276E-02 
  8.019602E+00   5.233706E+00   3.668684E-02 
  8.029581E+00   5.204500E+00   3.670927E-02 
  8.039559E+00   5.302026E+00   3.680335E-02 
  8.049538E+00   5.163659E+00   3.655070E-02 
  8.059517E+00   5.279128E+00   3.689368E-02 
  8.069496E+00   5.256002E+00   3.703731E-02 
  8.079475E+00   5.308981E+00   3.685631E-02 
  8.089454E+00   5.336195E+00   3.709873E-02 
  8.099433E+00   5.250080E+00   3.699138E-02 
  8.109411E+00   5.351165E+00   3.716231E-02 
  8.119390E+00   5.358963E+00   3.694196E-02 
  8.129369E+00   5.343437E+00   6.906031E+00 
  8.139348E+00   5.340930E+00   6.904412E+00 
  8.149327E+00   5.325699E+00   3.694317E-02 
  8.159306E+00   5.302813E+00   3.745262E-02 
  8.169284E+00   5.340329E+00   3.691523E-02 
  8.179263E+00   5.318842E+00   3.705846E-02 
  8.189242E+00   5.356384E+00   3.724246E-02 
  8.199221E+00   5.393822E+00   3.760556E-02 
  8.209200E+00   5.353013E+00   3.702246E-02 
  8.219179E+00   5.352749E+00   3.732389E-02 
  8.229158E+00   5.348568E+00   3.718535E-02 
  8.239136E+00   5.390273E+00   3.754224E-02 
  8.249115E+00   5.293515E+00   3.695693E-02 
  8.259094E+00   5.371007E+00   3.717257E-02 
  8.269073E+00   5.350164E+00   3.714096E-02 
  8.279052E+00   5.455910E+00   3.739272E-02 
  8.289031E+00   5.356650E+00   6.914565E+00 
  8.299010E+00   5.416939E+00   6.953368E+00 
  8.308988E+00   5.451137E+00   3.753258E-02 
  8.318967E+00   5.357423E+00   3.702531E-02 
  8.328946E+00   5.362674E+00   3.727698E-02 
  8.338925E+00   5.389717E+00   3.750958E-02 
  8.348904E+00   5.443233E+00   3.746863E-02 
  8.358883E+00   5.410016E+00   3.766086E-02 
  8.368862E+00   5.475294E+00   3.753852E-02 
  8.378840E+00   5.426273E+00   6.959355E+00 
  8.388819E+00   5.424345E+00   6.958119E+00 
  8.398798E+00   5.430190E+00   6.961867E+00 
  8.408777E+00   5.392505E+00   6.937668E+00 
  8.418756E+00   5.420487E+00   6.955644E+00 
  8.428735E+00   5.475142E+00   6.990623E+00 
  8.438714E+00   5.435337E+00   6.965166E+00 
  8.448692E+00   5.411993E+00   3.743538E-02 
  8.458671E+00   5.499961E+00   3.787685E-02 
  8.468650E+00   5.481608E+00   3.792034E-02 
  8.478629E+00   5.451053E+00   6.975228E+00 
  8.488608E+00   5.397100E+00   6.940623E+00 
  8.498587E+00   5.511042E+00   7.013504E+00 
  8.508566E+00   5.510131E+00   7.012925E+00 
  8.518544E+00   5.511191E+00   7.013599E+00 
  8.528523E+00   5.484054E+00   6.996311E+00 
  8.538502E+00   5.476084E+00   6.991225E+00 
  8.548481E+00   5.538195E+00   7.030761E+00 
  8.558460E+00   5.524827E+00   7.022271E+00 
  8.568439E+00   5.541786E+00   7.033040E+00 
  8.578417E+00   5.502812E+00   3.757798E-02 
  8.588396E+00   5.562852E+00   3.810330E-02 
  8.598375E+00   5.527872E+00   7.024205E+00 
  8.608354E+00   5.613562E+00   7.078439E+00 
  8.618333E+00   5.474974E+00   3.754262E-02 
  8.628312E+00   5.561811E+00   3.812586E-02 
  8.638291E+00   5.625319E+00   3.852933E-02 
  8.648269E+00   5.566566E+00   3.805708E-02 
  8.658248E+00   5.578226E+00   3.786796E-02 
  8.668227E+00   5.617880E+00   3.866329E-02 
  8.678206E+00   5.618018E+00   3.838140E-02 
  8.688185E+00   5.564646E+00   3.783835E-02 
  8.698164E+00   5.574642E+00   3.819652E-02 
  8.708143E+00   5.675793E+00   3.827700E-02 
  8.718121E+00   5.653129E+00   3.860837E-02 
  8.728100E+00   5.641323E+00   3.852652E-02 
  8.738079E+00   5.675050E+00   7.117100E+00 
  8.748058E+00   5.616172E+00   7.080084E+00 
  8.758037E+00   5.566287E+00   3.805030E-02 
  8.768016E+00   5.596820E+00   3.824748E-02 
  8.777995E+00   5.672406E+00   3.839242E-02 
  8.787973E+00   5.656069E+00   3.880592E-02 
  8.797952E+00   5.649197E+00   3.868951E-02 
  8.807931E+00   5.673933E+00   7.116399E+00 
  8.817910E+00   5.689233E+00   7.125988E+00 
  8.827889E+00   5.699970E+00   7.132709E+00 
  8.837868E+00   5.702195E+00   7.134101E+00 
  8.847847E+00   5.646565E+00   3.817795E-02 
  8.857825E+00   5.708735E+00   7.138191E+00 
  8.867804E+00   5.701495E+00   7.133663E+00 
  8.877783E+00   5.740770E+00   7.158191E+00 
  8.887762E+00   5.676912E+00   7.118267E+00 
  8.897741E+00   5.730820E+00   3.867991E-02 
  8.907720E+00   5.648423E+00   3.845640E-02 
  8.917699E+00   5.656278E+00   3.844039E-02 
  8.927677E+00   5.698921E+00   3.865843E-02 
  8.937656E+00   5.725137E+00   3.841890E-02 
  8.947635E+00   5.750123E+00   7.164020E+00 
  8.957614E+00   5.694277E+00   7.129146E+00 
  8.967593E+00   5.683061E+00   3.855482E-02 
  8.977572E+00   5.780943E+00   3.903643E-02 
  8.987550E+00   5.698176E+00   3.883103E-02 
  8.997529E+00   5.698539E+00   3.852141E-02 
  9.007508E+00   5.718805E+00   3.902051E-02 
  9.017487E+00   5.789679E+00   3.913770E-02 
  9.027466E+00   5.708456E+00   3.858836E-02 
  9.037445E+00   5.728946E+00   3.862732E-02 
  9.047424E+00   5.798800E+00   3.949768E-02 
  9.057402E+00   5.760497E+00   7.170479E+00 
  9.067381E+00   5.870254E+00   7.238468E+00 
  9.077360E+00   5.791674E+00   3.931151E-02 
  9.087339E+00   5.780936E+00   3.912649E-02 
  9.097318E+00   5.904594E+00   3.914826E-02 
  9.107297E+00   5.883531E+00   3.944344E-02 
  9.117276E+00   5.825281E+00   3.880822E-02 
  9.127254E+00   5.789459E+00   3.898024E-02 
  9.137233E+00   5.828238E+00   3.974168E-02 
  9.147212E+00   5.808960E+00   3.920388E-02 
  9.157191E+00   5.792182E+00   3.892044E-02 
  9.167170E+00   5.837434E+00   3.924480E-02 
  9.177149E+00   5.877578E+00   3.932664E-02 
  9.187128E+00   5.863567E+00   3.895354E-02 
  9.197106E+00   5.764503E+00   7.172972E+00 
  9.207085E+00   5.885570E+00   7.247904E+00 
  9.217064E+00   5.851643E+00   7.226984E+00 
  9.227043E+00   5.845551E+00   3.932358E-02 
  9.237022E+00   5.898334E+00   3.935101E-02 
  9.247001E+00   5.867829E+00   3.920819E-02 
  9.256980E+00   5.931923E+00   3.961415E-02 
  9.266958E+00   5.952234E+00   3.957350E-02 
  9.276937E+00   5.881427E+00   3.931252E-02 
  9.286916E+00   5.870854E+00   7.238838E+00 
  9.296895E+00   5.950917E+00   7.288030E+00 
  9.306874E+00   5.930048E+00   7.275240E+00 
  9.316853E+00   6.002781E+00   7.319720E+00 
  9.326832E+00   5.943953E+00   3.971717E-02 
  9.336810E+00   5.952212E+00   3.949097E-02 
  9.346789E+00   6.014496E+00   3.969485E-02 
  9.356768E+00   5.895832E+00   3.970947E-02 
  9.366747E+00   5.970978E+00   3.970109E-02 
  9.376726E+00   6.012195E+00   3.962252E-02 
  9.386705E+00   5.962584E+00   7.295171E+00 
  9.396683E+00   5.980508E+00   7.306128E+00 
  9.406662E+00   5.996362E+00   3.978328E-02 
  9.416641E+00   5.979642E+00   3.937435E-02 
  9.426620E+00   6.009317E+00   3.970817E-02 
  9.436599E+00   5.929568E+00   3.949097E-02 
  9.446578E+00   5.971431E+00   3.984772E-02 
  9.456557E+00   6.008106E+00   3.970693E-02 
  9.466535E+00   5.970081E+00   3.929089E-02 
  9.476514E+00   6.087134E+00   4.003257E-02 
  9.486493E+00   6.101918E+00   3.978623E-02 
  9.496472E+00   6.022615E+00   3.981829E-02 
  9.506451E+00   6.032397E+00   4.039819E-02 
  9.516430E+00   6.093871E+00   4.023794E-02 
  9.526409E+00   6.068301E+00   3.940996E-02 
  9.536387E+00   6.112450E+00   4.049720E-02 
  9.546366E+00   6.134179E+00   4.025361E-02 
  9.556345E+00   6.160599E+00   3.988583E-02 
  9.566324E+00   6.078354E+00   4.028789E-02 
  9.576303E+00   6.076463E+00   4.012887E-02 
  9.586282E+00   6.048865E+00   3.958913E-02 
  9.596261E+00   6.053569E+00   7.350620E+00 
  9.606239E+00   6.085695E+00   7.370099E+00 
  9.616218E+00   6.058622E+00   7.353687E+00 
  9.626197E+00   6.135774E+00   4.014260E-02 
  9.636176E+00   6.103312E+00   4.091178E-02 
  9.646155E+00   6.121952E+00   4.001793E-02 
  9.656134E+00   6.127682E+00   4.028483E-02 
  9.666113E+00   6.119789E+00   4.039660E-02 
  9.676091E+00   6.121864E+00   3.949237E-02 
  9.686070E+00   6.184491E+00   4.026950E-02 
  9.696049E+00   6.118573E+00   4.025475E-02 
  9.706028E+00   6.212307E+00   4.012661E-02 
  9.716007E+00   6.202539E+00   4.039444E-02 
  9.725986E+00   6.166740E+00   4.016720E-02 
  9.735964E+00   6.199315E+00   7.438581E+00 
  9.745943E+00   6.176586E+00   7.424932E+00 
  9.755922E+00   6.141536E+00   7.403835E+00 
  9.765901E+00   6.207085E+00   4.015483E-02 
  9.775880E+00   6.237024E+00   7.461170E+00 
  9.785859E+00   6.218789E+00   7.450255E+00 
  9.795838E+00   6.212766E+00   4.031783E-02 
  9.805816E+00   6.248443E+00   4.076397E-02 
  9.815795E+00   6.199851E+00   4.060370E-02 
  9.825774E+00   6.275527E+00   4.070037E-02 
  9.835753E+00   6.235245E+00   4.055435E-02 
  9.845732E+00   6.229996E+00   4.060834E-02 
  9.855711E+00   6.219484E+00   3.984686E-02 
  9.865690E+00   6.282691E+00   4.062953E-02 
  9.875668E+00   6.269964E+00   4.092435E-02 
  9.885647E+00   6.261054E+00   4.023335E-02 
  9.895626E+00   6.316911E+00   4.077117E-02 
  9.905605E+00   6.250812E+00   4.072034E-02 
  9.915584E+00   6.294585E+00   4.056038E-02 
  9.925563E+00   6.344413E+00   4.139469E-02 
  9.935542E+00   6.378537E+00   4.108340E-02 
  9.945520E+00   6.325193E+00   4.049899E-02 
  9.955499E+00   6.363024E+00   4.079886E-02 
  9.965478E+00   6.301878E+00   4.097285E-02 
  9.975457E+00   6.332390E+00   7.517995E+00 
  9.985436E+00   6.353161E+00   7.530315E+00 
  9.995415E+00   6.358976E+00   7.533760E+00 
  1.000539E+01   6.472028E+00   4.121423E-02 
  1.001537E+01   6.410427E+00   7.564177E+00 
  1.002535E+01   6.478570E+00   7.604274E+00 
  1.003533E+01   6.466840E+00   7.597387E+00 
  1.004531E+01   6.361709E+00   7.535379E+00 
  1.005529E+01   6.551800E+00   7.647131E+00 
  1.006527E+01   6.536690E+00   4.138841E-02 
  1.007525E+01   6.602203E+00   4.315790E-02 
  1.008522E+01   6.516391E+00   4.370924E-02 
  1.009520E+01   6.513977E+00   7.625026E+00 
  1.010518E+01   6.522563E+00   4.550957E-02 
  1.011516E+01   6.491999E+00   4.546197E-02 
  1.012514E+01   6.480353E+00   7.605321E+00 
  1.013512E+01   6.462133E+00   7.594622E+00 
  1.014510E+01   6.535450E+00   4.714518E-02 
  1.015508E+01   6.588285E+00   4.847995E-02 
  1.016506E+01   6.538168E+00   4.858744E-02 
  1.017503E+01   6.531984E+00   4.869384E-02 
  1.018501E+01   6.643084E+00   4.997724E-02 
  1.019499E+01   6.606543E+00   5.019907E-02 
<?xml version="1.0" encoding="utf-8"?>
<fileinfo xmlns:xsd="http://www.w3.org/2001/XMLSchema" xmlns:xsi="http://www.w3.org/2001/XMLSchema-instance">
  <parameter key="Exposure">
    <value key="name">Exposure</value>
    <value key="value">0</value>
    <value key="stddev">-1</value>
    <value key="unit">second</value>
    <value key="quantity">Time</value>
  </parameter>
</fileinfo>