

  2.261171E-01   3.342679E+01   9.843283E-01 
  2.360959E-01   3.121372E+01   7.472707E-01 
  2.460748E-01   2.863000E+01   4.476403E-01 
  2.560536E-01   2.761214E+01   3.830446E-01 
  2.660325E-01   2.691480E+01   3.200601E-01 
  2.760113E-01   2.649608E+01   2.838134E-01 
  2.859902E-01   2.571975E+01   2.566599E-01 
  2.959690E-01   2.479421E+01   2.389178E-01 
  3.059479E-01   2.461212E+01   2.188868E-01 
  3.159268E-01   2.420673E+01   2.176875E-01 
  3.259056E-01   2.394480E+01   2.142934E-01 
  3.358845E-01   2.345940E+01   2.002181E-01 
  3.458633E-01   2.325772E+01   2.017228E-01 
  3.558422E-01   2.293473E+01   1.915604E-01 
  3.658210E-01   2.247347E+01   1.939713E-01 
  3.757999E-01   2.263758E+01   1.877900E-01 
  3.857787E-01   2.218992E+01   1.808097E-01 
  3.957576E-01   2.196024E+01   1.789042E-01 
  4.057364E-01   2.167189E+01   1.714134E-01 
  4.157153E-01   2.138276E+01   1.758830E-01 
  4.256941E-01   2.142476E+01   1.385585E+01 
  4.356730E-01   2.128573E+01   1.381082E+01 
  4.456519E-01   2.095981E+01   1.370468E+01 
  4.556307E-01   2.086041E+01   1.619839E-01 
  4.656096E-01   2.092746E+01   1.369410E+01 
  4.755884E-01   2.057710E+01   1.357899E+01 
  4.855673E-01   2.045063E+01   1.353719E+01 
  4.955461E-01   1.995500E+01   1.337215E+01 
  5.055250E-01   2.019698E+01   1.534061E-01 
  5.155038E-01   1.998947E+01   1.520921E-01 
  5.254827E-01   1.992844E+01   1.489763E-01 
  5.354615E-01   1.971054E+01   1.479059E-01 
  5.454404E-01   1.938480E+01   1.460215E-01 
  5.554192E-01   1.927290E+01   1.412406E-01 
  5.653981E-01   1.938548E+01   1.501411E-01 
  5.753769E-01   1.913474E+01   1.423311E-01 
  5.853558E-01   1.899904E+01   1.437068E-01 
  5.953347E-01   1.875767E+01   1.398113E-01 
  6.053135E-01   1.857149E+01   1.369327E-01 
  6.152924E-01   1.824443E+01   1.413142E-01 
  6.252712E-01   1.836358E+01   1.374520E-01 
  6.352501E-01   1.828922E+01   1.366239E-01 
  6.452289E-01   1.798982E+01   1.345097E-01 
  6.552078E-01   1.773258E+01   1.330635E-01 
  6.651866E-01   1.763673E+01   1.365588E-01 
  6.751655E-01   1.749616E+01   1.292970E-01 
  6.851443E-01   1.735744E+01   1.315371E-01 
  6.951232E-01   1.728183E+01   1.270160E-01 
  7.051020E-01   1.706092E+01   1.275330E-01 
  7.150809E-01   1.694129E+01   1.266152E-01 
  7.250597E-01   1.691129E+01   1.231016E+01 
  7.350386E-01   1.669357E+01   1.223066E+01 
  7.450175E-01   1.627446E+01   1.207615E+01 
  7.549963E-01   1.638789E+01   1.228740E-01 
  7.649752E-01   1.611400E+01   1.202902E-01 
  7.749540E-01   1.599471E+01   1.208779E-01 
  7.849329E-01   1.573102E+01   1.194796E-01 
  7.949117E-01   1.578240E+01   1.154366E-01 
  8.048906E-01   1.565148E+01   1.183784E-01 
  8.148694E-01   1.532353E+01   1.141890E-01 
  8.248483E-01   1.508069E+01   1.123340E-01 
  8.348271E-01   1.518154E+01   1.140694E-01 
  8.448060E-01   1.495764E+01   1.105667E-01 
  8.547848E-01   1.482812E+01   1.117322E-01 
  8.647637E-01   1.469567E+01   1.104474E-01 
  8.747426E-01   1.450680E+01   1.089171E-01 
  8.847214E-01   1.410062E+01   1.085085E-01 
  8.947003E-01   1.419174E+01   1.080241E-01 
  9.046791E-01   1.410889E+01   1.076812E-01 
  9.146580E-01   1.392552E+01   1.045600E-01 
  9.246368E-01   1.369289E+01   1.041605E-01 
  9.346157E-01   1.372797E+01   1.045591E-01 
  9.445945E-01   1.323907E+01   1.013798E-01 
  9.545734E-01   1.334728E+01   1.018535E-01 
  9.645522E-01   1.311767E+01   1.001521E-01 
  9.745311E-01   1.296742E+01   9.927646E-02 
  9.845099E-01   1.290382E+01   1.075312E+01 
  9.944888E-01   1.263908E+01   1.064224E+01 
  1.004468E+00   1.244793E+01   9.706465E-02 
  1.014447E+00   1.238371E+01   1.053418E+01 
  1.024425E+00   1.250035E+01   1.058367E+01 
  1.034404E+00   1.196740E+01   1.035560E+01 
  1.044383E+00   1.200473E+01   9.291058E-02 
  1.054362E+00   1.196227E+01   9.294927E-02 
  1.064341E+00   1.165127E+01   9.140635E-02 
  1.074320E+00   1.171119E+01   9.178229E-02 
  1.084298E+00   1.149944E+01   8.905899E-02 
  1.094277E+00   1.120423E+01   8.913133E-02 
  1.104256E+00   1.117976E+01   8.909752E-02 
  1.114235E+00   1.097141E+01   9.915314E+00 
  1.124214E+00   1.089378E+01   9.880172E+00 
  1.134193E+00   1.083948E+01   8.542386E-02 
  1.144172E+00   1.060403E+01   8.330840E-02 
  1.154150E+00   1.044751E+01   8.422777E-02 
  1.164129E+00   1.031895E+01   8.225543E-02 
  1.174108E+00   1.024251E+01   8.161507E-02 
  1.184087E+00   1.003712E+01   8.186519E-02 
  1.194066E+00   9.935501E+00   7.964720E-02 
  1.204045E+00   9.782958E+00   7.979075E-02 
  1.214024E+00   9.830741E+00   7.928141E-02 
  1.224002E+00   9.669486E+00   7.824557E-02 
  1.233981E+00   9.563940E+00   7.657481E-02 
  1.243960E+00   9.359986E+00   7.669183E-02 
  1.253939E+00   9.331363E+00   7.632962E-02 
  1.263918E+00   9.060851E+00   7.496094E-02 
  1.273897E+00   9.144979E+00   7.597468E-02 
  1.283876E+00   8.892797E+00   8.926772E+00 
  1.293854E+00   8.777349E+00   8.868638E+00 
  1.303833E+00   8.578795E+00   7.350175E-02 
  1.313812E+00   8.600321E+00   7.135244E-02 
  1.323791E+00   8.424196E+00   7.063489E-02 
  1.333770E+00   8.422989E+00   6.974405E-02 
  1.343749E+00   8.249668E+00   7.061754E-02 
  1.353728E+00   8.213839E+00   6.984489E-02 
  1.363706E+00   8.021384E+00   6.771595E-02 
  1.373685E+00   7.982898E+00   6.847924E-02 
  1.383664E+00   7.947279E+00   6.806384E-02 
  1.393643E+00   7.691276E+00   6.609583E-02 
  1.403622E+00   7.734529E+00   6.657156E-02 
  1.413601E+00   7.523893E+00   8.211010E+00 
  1.423579E+00   7.621013E+00   8.263834E+00 
  1.433558E+00   7.293997E+00   6.346109E-02 
  1.443537E+00   7.229799E+00   6.436818E-02 
  1.453516E+00   7.224260E+00   6.321979E-02 
  1.463495E+00   7.034426E+00   6.108203E-02 
  1.473474E+00   7.026385E+00   6.311139E-02 
  1.483453E+00   6.859872E+00   6.018330E-02 
  1.493431E+00   6.991472E+00   6.201809E-02 
  1.503410E+00   6.871623E+00   6.060167E-02 
  1.513389E+00   6.708302E+00   6.034230E-02 
  1.523368E+00   6.644616E+00   6.052601E-02 
  1.533347E+00   6.604100E+00   5.845031E-02 
  1.543326E+00   6.522063E+00   7.644828E+00 
  1.553305E+00   6.363635E+00   7.551407E+00 
  1.563283E+00   6.270003E+00   5.731722E-02 
  1.573262E+00   6.324538E+00   5.828523E-02 
  1.583241E+00   6.196803E+00   5.567788E-02 
  1.593220E+00   5.997731E+00   5.587188E-02 
  1.603199E+00   6.082909E+00   5.595452E-02 
  1.613178E+00   5.988288E+00   5.563729E-02 
  1.623157E+00   5.938419E+00   5.485285E-02 
  1.633135E+00   5.755924E+00   5.351030E-02 
  1.643114E+00   5.718909E+00   5.422939E-02 
  1.653093E+00   5.590163E+00   5.278662E-02 
  1.663072E+00   5.595437E+00   5.240717E-02 
  1.673051E+00   5.594212E+00   5.292876E-02 
  1.683030E+00   5.453238E+00   5.079290E-02 
  1.693009E+00   5.372503E+00   5.233443E-02 
  1.702987E+00   5.403152E+00   5.125429E-02 
  1.712966E+00   5.245178E+00   5.032514E-02 
  1.722945E+00   5.212244E+00   5.006172E-02 
  1.732924E+00   5.199679E+00   5.006972E-02 
  1.742903E+00   5.209835E+00   5.072535E-02 
  1.752882E+00   5.018743E+00   4.831501E-02 
  1.762861E+00   5.062537E+00   4.925516E-02 
  1.772839E+00   4.995817E+00   4.800652E-02 
  1.782818E+00   4.903317E+00   4.840822E-02 
  1.792797E+00   4.773000E+00   4.767420E-02 
  1.802776E+00   4.849227E+00   4.700052E-02 
  1.812755E+00   4.765808E+00   4.703272E-02 
  1.822734E+00   4.709121E+00   4.596409E-02 
  1.832712E+00   4.751017E+00   6.524820E+00 
  1.842691E+00   4.683865E+00   6.478544E+00 
  1.852670E+00   4.670518E+00   6.469307E+00 
  1.862649E+00   4.602530E+00   6.422048E+00 
  1.872628E+00   4.504885E+00   4.467270E-02 
  1.882607E+00   4.479992E+00   4.452833E-02 
  1.892586E+00   4.450208E+00   4.533946E-02 
  1.902564E+00   4.417079E+00   6.291335E+00 
  1.912543E+00   4.391183E+00   6.272867E+00 
  1.922522E+00   4.383341E+00   4.404795E-02 
  1.932501E+00   4.260644E+00   4.279404E-02 
  1.942480E+00   4.233272E+00   4.293521E-02 
  1.952459E+00   4.156008E+00   4.168988E-02 
  1.962438E+00   4.197853E+00   4.261082E-02 
  1.972416E+00   4.207345E+00   4.231786E-02 
  1.982395E+00   4.149985E+00   4.265527E-02 
  1.992374E+00   4.133456E+00   4.205348E-02 
  2.002353E+00   4.057944E+00   4.101617E-02 
  2.012332E+00   4.009548E+00   4.139566E-02 
  2.022311E+00   4.028492E+00   4.067437E-02 
  2.032290E+00   4.011239E+00   4.137383E-02 
  2.042268E+00   3.951817E+00   4.068543E-02 
  2.052247E+00   3.938771E+00   4.037668E-02 
  2.062226E+00   3.984553E+00   4.058775E-02 
  2.072205E+00   3.846927E+00   3.962243E-02 
  2.082184E+00   3.898511E+00   3.991831E-02 
  2.092163E+00   3.843166E+00   3.948060E-02 
  2.102142E+00   3.797589E+00   3.927438E-02 
  2.112120E+00   3.805847E+00   3.979076E-02 
  2.122099E+00   3.755824E+00   3.873138E-02 
  2.132078E+00   3.757723E+00   3.898353E-02 
  2.142057E+00   3.717060E+00   5.771319E+00 
  2.152036E+00   3.659025E+00   5.726087E+00 
  2.162015E+00   3.631534E+00   3.786530E-02 
  2.171994E+00   3.669194E+00   5.734039E+00 
  2.181972E+00   3.646367E+00   5.716174E+00 
  2.191951E+00   3.640797E+00   5.711807E+00 
  2.201930E+00   3.637129E+00   5.708929E+00 
  2.211909E+00   3.592896E+00   3.725787E-02 
  2.221888E+00   3.584730E+00   3.660323E-02 
  2.231867E+00   3.609723E+00   3.709513E-02 
  2.241845E+00   3.583971E+00   3.695410E-02 
  2.251824E+00   3.570879E+00   3.717462E-02 
  2.261803E+00   3.570705E+00   3.634548E-02 
  2.271782E+00   3.462327E+00   3.608026E-02 
  2.281761E+00   3.530836E+00   3.694617E-02 
  2.291740E+00   3.558875E+00   3.622065E-02 
  2.301719E+00   3.455596E+00   3.589326E-02 
  2.311697E+00   3.474928E+00   3.589685E-02 
  2.321676E+00   3.458995E+00   3.549497E-02 
  2.331655E+00   3.452378E+00   3.494192E-02 
  2.341634E+00   3.458963E+00   3.468786E-02 
  2.351613E+00   3.467518E+00   3.543704E-02 
  2.361592E+00   3.407832E+00   3.481386E-02 
  2.371571E+00   3.416950E+00   3.536034E-02 
  2.381549E+00   3.384488E+00   3.495759E-02 
  2.391528E+00   3.440963E+00   3.451390E-02 
  2.401507E+00   3.429217E+00   3.494293E-02 
  2.411486E+00   3.371252E+00   3.472984E-02 
  2.421465E+00   3.354585E+00   3.419675E-02 
  2.431444E+00   3.327920E+00   3.434193E-02 
  2.441423E+00   3.422572E+00   3.469187E-02 
  2.451401E+00   3.392383E+00   3.502426E-02 
  2.461380E+00   3.301595E+00   3.375976E-02 
  2.471359E+00   3.359446E+00   3.426445E-02 
  2.481338E+00   3.314651E+00   3.380713E-02 
  2.491317E+00   3.416740E+00   3.422866E-02 
  2.501296E+00   3.312430E+00   3.386387E-02 
  2.511275E+00   3.388075E+00   3.380462E-02 
  2.521253E+00   3.376232E+00   5.500363E+00 
  2.531232E+00   3.300895E+00   5.438650E+00 
  2.541211E+00   3.331608E+00   3.378107E-02 
  2.551190E+00   3.302401E+00   3.327694E-02 
  2.561169E+00   3.347454E+00   3.340788E-02 
  2.571148E+00   3.328132E+00   3.364075E-02 
  2.581127E+00   3.327654E+00   3.359191E-02 
  2.591105E+00   3.311962E+00   3.305672E-02 
  2.601084E+00   3.292703E+00   3.330967E-02 
  2.611063E+00   3.334999E+00   3.320695E-02 
  2.621042E+00   3.271368E+00   3.309575E-02 
  2.631021E+00   3.224581E+00   3.246853E-02 
  2.641000E+00   3.299128E+00   3.258390E-02 
  2.650978E+00   3.283041E+00   3.263711E-02 
  2.660957E+00   3.271974E+00   3.287197E-02 
  2.670936E+00   3.287287E+00   3.322699E-02 
  2.680915E+00   3.234222E+00   3.274940E-02 
  2.690894E+00   3.276908E+00   4.169996E-02 
  2.700873E+00   3.312077E+00   3.275891E-02 
  2.710852E+00   3.273771E+00   5.416259E+00 
  2.720830E+00   3.281750E+00   5.422856E+00 
  2.730809E+00   3.302598E+00   5.440053E+00 
  2.740788E+00   3.241155E+00   3.276809E-02 
  2.750767E+00   3.289777E+00   5.429483E+00 
  2.760746E+00   3.348092E+00   5.477394E+00 
  2.770725E+00   3.323590E+00   3.266234E-02 
  2.780704E+00   3.266255E+00   3.162779E-02 
  2.790682E+00   3.275583E+00   3.222437E-02 
  2.800661E+00   3.319399E+00   3.194572E-02 
  2.810640E+00   3.272092E+00   3.185450E-02 
  2.820619E+00   3.302039E+00   3.226266E-02 
  2.830598E+00   3.307533E+00   3.153731E-02 
  2.840577E+00   3.279419E+00   3.205519E-02 
  2.850556E+00   3.307273E+00   3.156886E-02 
  2.860534E+00   3.338918E+00   3.157536E-02 
  2.870513E+00   3.327842E+00   5.460804E+00 
  2.880492E+00   3.284161E+00   5.424847E+00 
  2.890471E+00   3.257325E+00   5.402637E+00 
  2.900450E+00   3.327347E+00   5.460398E+00 
  2.910429E+00   3.339058E+00   5.469999E+00 
  2.920408E+00   3.298798E+00   3.121770E-02 
  2.930386E+00   3.283857E+00   3.131248E-02 
  2.940365E+00   3.294010E+00   3.125315E-02 
  2.950344E+00   3.304907E+00   3.112540E-02 
  2.960323E+00   3.327556E+00   3.129497E-02 
  2.970302E+00   3.276487E+00   3.089110E-02 
  2.980281E+00   3.318385E+00   3.127232E-02 
  2.990260E+00   3.313026E+00   3.162087E-02 
  3.000238E+00   3.302821E+00   3.076812E-02 
  3.010217E+00   3.356547E+00   3.159453E-02 
  3.020196E+00   3.290538E+00   3.115882E-02 
  3.030175E+00   3.289128E+00   3.093150E-02 
  3.040154E+00   3.292079E+00   5.431382E+00 
  3.050133E+00   3.342135E+00   5.472518E+00 
  3.060111E+00   3.334506E+00   3.135756E-02 
  3.070090E+00   3.349981E+00   5.478939E+00 
  3.080069E+00   3.323028E+00   5.456853E+00 
  3.090048E+00   3.255211E+00   3.065462E-02 
  3.100027E+00   3.298629E+00   3.024713E-02 
  3.110006E+00   3.368467E+00   3.113613E-02 
  3.119985E+00   3.300604E+00   3.043378E-02 
  3.129963E+00   3.277757E+00   3.052474E-02 
  3.139942E+00   3.321174E+00   3.053271E-02 
  3.149921E+00   3.316362E+00   3.052652E-02 
  3.159900E+00   3.347093E+00   3.092159E-02 
  3.169879E+00   3.379578E+00   5.503088E+00 
  3.179858E+00   3.343204E+00   5.473394E+00 
  3.189837E+00   3.352614E+00   3.058268E-02 
  3.199815E+00   3.316564E+00   3.009060E-02 
  3.209794E+00   3.338024E+00   3.037359E-02 
  3.219773E+00   3.307661E+00   2.996845E-02 
  3.229752E+00   3.316583E+00   3.033479E-02 
  3.239731E+00   3.300509E+00   2.989394E-02 
  3.249710E+00   3.292456E+00   2.985907E-02 
  3.259689E+00   3.310749E+00   2.971022E-02 
  3.269667E+00   3.390132E+00   2.989716E-02 
  3.279646E+00   3.335119E+00   3.008700E-02 
  3.289625E+00   3.350324E+00   2.978772E-02 
  3.299604E+00   3.352982E+00   2.976922E-02 
  3.309583E+00   3.296351E+00   2.964575E-02 
  3.319562E+00   3.333797E+00   2.992632E-02 
  3.329541E+00   3.320686E+00   2.976308E-02 
  3.339519E+00   3.336563E+00   2.931868E-02 
  3.349498E+00   3.327185E+00   2.982028E-02 
  3.359477E+00   3.299124E+00   5.437191E+00 
  3.369456E+00   3.331648E+00   5.463926E+00 
  3.379435E+00   3.337579E+00   5.468787E+00 
  3.389414E+00   3.368739E+00   5.494257E+00 
  3.399392E+00   3.347861E+00   3.004675E-02 
  3.409371E+00   3.343207E+00   2.961427E-02 
  3.419350E+00   3.360848E+00   5.487818E+00 
  3.429329E+00   3.334064E+00   5.465907E+00 
  3.439308E+00   3.334922E+00   5.466610E+00 
  3.449287E+00   3.340644E+00   2.916416E-02 
  3.459266E+00   3.288176E+00   2.890631E-02 
  3.469244E+00   3.318056E+00   2.894796E-02 
  3.479223E+00   3.348984E+00   5.478123E+00 
  3.489202E+00   3.343607E+00   5.473724E+00 
  3.499181E+00   3.363964E+00   5.490361E+00 
  3.509160E+00   3.299926E+00   5.437852E+00 
  3.519139E+00   3.361144E+00   2.916160E-02 
  3.529118E+00   3.328433E+00   2.898894E-02 
  3.539096E+00   3.315750E+00   2.898050E-02 
  3.549075E+00   3.360392E+00   2.900653E-02 
  3.559054E+00   3.389954E+00   2.867128E-02 
  3.569033E+00   3.358569E+00   2.912498E-02 
  3.579012E+00   3.331949E+00   2.858406E-02 
  3.588991E+00   3.325730E+00   2.886561E-02 
  3.598970E+00   3.356470E+00   2.916485E-02 
  3.608948E+00   3.287135E+00   2.835769E-02 
  3.618927E+00   3.292353E+00   2.867735E-02 
  3.628906E+00   3.403738E+00   2.839759E-02 
  3.638885E+00   3.315598E+00   2.842897E-02 
  3.648864E+00   3.333059E+00   2.829458E-02 
  3.658843E+00   3.361061E+00   2.887159E-02 
  3.668822E+00   3.340878E+00   5.471490E+00 
  3.678800E+00   3.327888E+00   5.460842E+00 
  3.688779E+00   3.291521E+00   2.841711E-02 
  3.698758E+00   3.317844E+00   2.800869E-02 
  3.708737E+00   3.366964E+00   2.859512E-02 
  3.718716E+00   3.368360E+00   2.855859E-02 
  3.728695E+00   3.270258E+00   2.790319E-02 
  3.738674E+00   3.306680E+00   2.814383E-02 
  3.748652E+00   3.298570E+00   2.767711E-02 
  3.758631E+00   3.339963E+00   5.470740E+00 
  3.768610E+00   3.338927E+00   5.469892E+00 
  3.778589E+00   3.319550E+00   5.453996E+00 
  3.788568E+00   3.300518E+00   2.815315E-02 
  3.798547E+00   3.351059E+00   2.767403E-02 
  3.808525E+00   3.301807E+00   5.439401E+00 
  3.818504E+00   3.267146E+00   5.410775E+00 
  3.828483E+00   3.298998E+00   2.780626E-02 
  3.838462E+00   3.354101E+00   5.482307E+00 
  3.848441E+00   3.316420E+00   5.451425E+00 
  3.858420E+00   3.305583E+00   2.771541E-02 
  3.868399E+00   3.340503E+00   2.780769E-02 
  3.878377E+00   3.358659E+00   2.781953E-02 
  3.888356E+00   3.376612E+00   2.784581E-02 
  3.898335E+00   3.292495E+00   2.728338E-02 
  3.908314E+00   3.315199E+00   2.772551E-02 
  3.918293E+00   3.306317E+00   2.720590E-02 
  3.928272E+00   3.299987E+00   2.715704E-02 
  3.938251E+00   3.350298E+00   2.732851E-02 
  3.948229E+00   3.334013E+00   2.733378E-02 
  3.958208E+00   3.336197E+00   2.759179E-02 
  3.968187E+00   3.334316E+00   2.724457E-02 
  3.978166E+00   3.302473E+00   2.744710E-02 
  3.988145E+00   3.379933E+00   5.503378E+00 
  3.998124E+00   3.319669E+00   5.454095E+00 
  4.008103E+00   3.352961E+00   2.724110E-02 
  4.018081E+00   3.350328E+00   2.720898E-02 
  4.028060E+00   3.325169E+00   2.730640E-02 
  4.038039E+00   3.286313E+00   2.687329E-02 
  4.048018E+00   3.298036E+00   2.699823E-02 
  4.057997E+00   3.283271E+00   5.424111E+00 
  4.067976E+00   3.362532E+00   5.489192E+00 
  4.077955E+00   3.345305E+00   5.475114E+00 
  4.087933E+00   3.343515E+00   5.473649E+00 
  4.097912E+00   3.334701E+00   2.732204E-02 
  4.107891E+00   3.345907E+00   2.669060E-02 
  4.117870E+00   3.330985E+00   2.687723E-02 
  4.127849E+00   3.329962E+00   2.687484E-02 
  4.137828E+00   3.294661E+00   2.644720E-02 
  4.147807E+00   3.365000E+00   2.727381E-02 
  4.157785E+00   3.367406E+00   2.675350E-02 
  4.167764E+00   3.297525E+00   2.671657E-02 
  4.177743E+00   3.343570E+00   5.473693E+00 
  4.187722E+00   3.324717E+00   5.458240E+00 
  4.197701E+00   3.278112E+00   5.419849E+00 
  4.207680E+00   3.351705E+00   2.658849E-02 
  4.217658E+00   3.312868E+00   2.692309E-02 
  4.227637E+00   3.276236E+00   2.627809E-02 
  4.237616E+00   3.312637E+00   2.655801E-02 
  4.247595E+00   3.314493E+00   2.635579E-02 
  4.257574E+00   3.368661E+00   2.666850E-02 
  4.267553E+00   3.355738E+00   5.483644E+00 
  4.277532E+00   3.300246E+00   5.438115E+00 
  4.287510E+00   3.292391E+00   5.431640E+00 
  4.297489E+00   3.287924E+00   5.427954E+00 
  4.307468E+00   3.353681E+00   5.481963E+00 
  4.317447E+00   3.324290E+00   2.637632E-02 
  4.327426E+00   3.292683E+00   2.622723E-02 
  4.337405E+00   3.332655E+00   2.616318E-02 
  4.347384E+00   3.297660E+00   2.595337E-02 
  4.357362E+00   3.300195E+00   2.611528E-02 
  4.367341E+00   3.292635E+00   2.621792E-02 
  4.377320E+00   3.268217E+00   2.594001E-02 
  4.387299E+00   3.286064E+00   2.588008E-02 
  4.397278E+00   3.337272E+00   2.581326E-02 
  4.407257E+00   3.307416E+00   2.621582E-02 
  4.417236E+00   3.289635E+00   2.562676E-02 
  4.427214E+00   3.284636E+00   2.589077E-02 
  4.437193E+00   3.330369E+00   2.588257E-02 
  4.447172E+00   3.354709E+00   2.600629E-02 
  4.457151E+00   3.291907E+00   5.431241E+00 
  4.467130E+00   3.349182E+00   5.478285E+00 
  4.477109E+00   3.316980E+00   2.589231E-02 
  4.487088E+00   3.300779E+00   2.563038E-02 
  4.497066E+00   3.327223E+00   2.577804E-02 
  4.507045E+00   3.313563E+00   2.582391E-02 
  4.517024E+00   3.387748E+00   2.561535E-02 
  4.527003E+00   3.269596E+00   2.559740E-02 
  4.536982E+00   3.290337E+00   5.429946E+00 
  4.546961E+00   3.321932E+00   5.455953E+00 
  4.556940E+00   3.296674E+00   5.435172E+00 
  4.566918E+00   3.284675E+00   2.531374E-02 
  4.576897E+00   3.294940E+00   2.565891E-02 
  4.586876E+00   3.319273E+00   2.517713E-02 
  4.596855E+00   3.291919E+00   2.556035E-02 
  4.606834E+00   3.321406E+00   2.520788E-02 
  4.616813E+00   3.302369E+00   2.535232E-02 
  4.626791E+00   3.332521E+00   2.548910E-02 
  4.636770E+00   3.340728E+00   2.528563E-02 
  4.646749E+00   3.301202E+00   2.525151E-02 
  4.656728E+00   3.316442E+00   2.519899E-02 
  4.666707E+00   3.324800E+00   2.529792E-02 
  4.676686E+00   3.386988E+00   2.534536E-02 
  4.686665E+00   3.304778E+00   2.506419E-02 
  4.696643E+00   3.351859E+00   2.534919E-02 
  4.706622E+00   3.341565E+00   5.472052E+00 
  4.716601E+00   3.307452E+00   5.444049E+00 
  4.726580E+00   3.376126E+00   2.610640E-02 
  4.736559E+00   3.373108E+00   2.630955E-02 
  4.746538E+00   3.339683E+00   2.616759E-02 
  4.756517E+00   3.342900E+00   2.603192E-02 
  4.766495E+00   3.331887E+00   2.663182E-02 
  4.776474E+00   3.262035E+00   2.623414E-02 
  4.786453E+00   3.253879E+00   2.611100E-02 
  4.796432E+00   3.310968E+00   2.668419E-02 
  4.806411E+00   3.330705E+00   2.667429E-02 
  4.816390E+00   3.320095E+00   5.454444E+00 
  4.826369E+00   3.347528E+00   5.476932E+00 
  4.836347E+00   3.320579E+00   5.454842E+00 
  4.846326E+00   3.318412E+00   5.453062E+00 
  4.856305E+00   3.351293E+00   2.716918E-02 
  4.866284E+00   3.338111E+00   2.701466E-02 
  4.876263E+00   3.376467E+00   2.704846E-02 
  4.886242E+00   3.331266E+00   2.778412E-02 
  4.896221E+00   3.377937E+00   2.799446E-02 
  4.906199E+00   3.309167E+00   2.796757E-02 
  4.916178E+00   3.381019E+00   2.821014E-02 
  4.926157E+00   3.386756E+00   2.883381E-02 
  4.936136E+00   3.364773E+00   2.901517E-02 
  4.946115E+00   3.329235E+00   2.821564E-02 
  4.956094E+00   3.375013E+00   2.901118E-02 
  4.966073E+00   3.340645E+00   2.872118E-02 
  4.976051E+00   3.354546E+00   2.912720E-02 
  4.986030E+00   3.360647E+00   2.940458E-02 
  4.996009E+00   3.354760E+00   2.941404E-02 
  5.005988E+00   3.339106E+00   2.957602E-02 
  5.015967E+00   3.375368E+00   2.957009E-02 
  5.025946E+00   3.344605E+00   2.969758E-02 
  5.035924E+00   3.402972E+00   2.974531E-02 
  5.045903E+00   3.343251E+00   3.006113E-02 
  5.055882E+00   3.347159E+00   2.987071E-02 
  5.065861E+00   3.352775E+00   3.014128E-02 
  5.075840E+00   3.424792E+00   3.053329E-02 
  5.085819E+00   3.431147E+00   5.544916E+00 
  5.095798E+00   3.394928E+00   5.515572E+00 
  5.105776E+00   3.437096E+00   5.549720E+00 
  5.115755E+00   3.421902E+00   5.537440E+00 
  5.125734E+00   3.424021E+00   5.539155E+00 
  5.135713E+00   3.438081E+00   5.550515E+00 
  5.145692E+00   3.420803E+00   5.536551E+00 
  5.155671E+00   3.418042E+00   5.534316E+00 
  5.165650E+00   3.425790E+00   5.540585E+00 
  5.175628E+00   3.447729E+00   5.558298E+00 
  5.185607E+00   3.411771E+00   5.529237E+00 
  5.195586E+00   3.435471E+00   5.548408E+00 
  5.205565E+00   3.431700E+00   5.545362E+00 
  5.215544E+00   3.473386E+00   5.578941E+00 
  5.225523E+00   3.512527E+00   5.610287E+00 
  5.235502E+00   3.460227E+00   5.568363E+00 
  5.245480E+00   3.443747E+00   5.555087E+00 
  5.255459E+00   3.413735E+00   5.530828E+00 
  5.265438E+00   3.455555E+00   5.564603E+00 
  5.275417E+00   3.480726E+00   5.584833E+00 
  5.285396E+00   3.447030E+00   5.557735E+00 
  5.295375E+00   3.483044E+00   5.586692E+00 
  5.305354E+00   3.476380E+00   5.581345E+00 
  5.315332E+00   3.431455E+00   5.545164E+00 
  5.325311E+00   3.457227E+00   5.565949E+00 
  5.335290E+00   3.485938E+00   5.589013E+00 
  5.345269E+00   3.483824E+00   5.587318E+00 
  5.355248E+00   3.490606E+00   5.592754E+00 
  5.365227E+00   3.494272E+00   5.595689E+00 
  5.375205E+00   3.463781E+00   5.571222E+00 
  5.385184E+00   3.524657E+00   5.619966E+00 
  5.395163E+00   3.506685E+00   5.605620E+00 
  5.405142E+00   3.514029E+00   5.611486E+00 
  5.415121E+00   3.542047E+00   5.633813E+00 
  5.425100E+00   3.511017E+00   5.609081E+00 
  5.435079E+00   3.548792E+00   5.639174E+00 
  5.445057E+00   3.504255E+00   5.603677E+00 
  5.455036E+00   3.514972E+00   5.612239E+00 
  5.465015E+00   3.484786E+00   5.588089E+00 
  5.474994E+00   3.514320E+00   5.611719E+00 
  5.484973E+00   3.545338E+00   5.636429E+00 
  5.494952E+00   3.511114E+00   5.609159E+00 
  5.504931E+00   3.561166E+00   5.648997E+00 
  5.514909E+00   3.522019E+00   5.617862E+00 
  5.524888E+00   3.616175E+00   5.692460E+00 
  5.534867E+00   3.523208E+00   5.618811E+00 
  5.544846E+00   3.598344E+00   5.678408E+00 
  5.554825E+00   3.560495E+00   5.648465E+00 
  5.564804E+00   3.550460E+00   5.640500E+00 
  5.574783E+00   3.637547E+00   5.709256E+00 
  5.584761E+00   3.650018E+00   5.719035E+00 
  5.594740E+00   3.526069E+00   5.621091E+00 
  5.604719E+00   3.542625E+00   5.634273E+00 
  5.614698E+00   3.602059E+00   5.681339E+00 
  5.624677E+00   3.603221E+00   5.682255E+00 
  5.634656E+00   3.614973E+00   5.691514E+00 
  5.644635E+00   3.584351E+00   5.667356E+00 
  5.654613E+00   3.601520E+00   5.680914E+00 
  5.664592E+00   3.580749E+00   5.664508E+00 
  5.674571E+00   3.592258E+00   5.673604E+00 
  5.684550E+00   3.638852E+00   5.710280E+00 
  5.694529E+00   3.531788E+00   5.625649E+00 
  5.704508E+00   3.632235E+00   5.705087E+00 
  5.714487E+00   3.618982E+00   5.694669E+00 
  5.724465E+00   3.631195E+00   5.704270E+00 
  5.734444E+00   3.696491E+00   5.755328E+00 
  5.744423E+00   3.673346E+00   5.737282E+00 
  5.754402E+00   3.615260E+00   5.691739E+00 
  5.764381E+00   3.654513E+00   5.722555E+00 
  5.774360E+00   3.649077E+00   5.718298E+00 
  5.784338E+00   3.681962E+00   5.744007E+00 
  5.794317E+00   3.645574E+00   5.715553E+00 
  5.804296E+00   3.643883E+00   5.714227E+00 
  5.814275E+00   3.656006E+00   5.723725E+00 
  5.824254E+00   3.684269E+00   5.745805E+00 
  5.834233E+00   3.695711E+00   5.754721E+00 
  5.844212E+00   3.677077E+00   5.740195E+00 
  5.854190E+00   3.689443E+00   5.749839E+00 
  5.864169E+00   3.662202E+00   5.728573E+00 
  5.874148E+00   3.643301E+00   5.713770E+00 
  5.884127E+00   3.726020E+00   5.778270E+00 
  5.894106E+00   3.732102E+00   5.782984E+00 
  5.904085E+00   3.687198E+00   5.748089E+00 
  5.914064E+00   3.723404E+00   5.776241E+00 
  5.924042E+00   3.696721E+00   5.755507E+00 
  5.934021E+00   3.698988E+00   5.757272E+00 
  5.944000E+00   3.761130E+00   5.805431E+00 
  5.953979E+00   3.716749E+00   5.771077E+00 
  5.963958E+00   3.773820E+00   5.815216E+00 
  5.973937E+00   3.695812E+00   5.754800E+00 
  5.983916E+00   3.696868E+00   5.755621E+00 
  5.993894E+00   3.703935E+00   5.761120E+00 
  6.003873E+00   3.779683E+00   5.819732E+00 
  6.013852E+00   3.749890E+00   5.796749E+00 
  6.023831E+00   3.696260E+00   5.755149E+00 
  6.033810E+00   3.765943E+00   5.809144E+00 
  6.043789E+00   3.765947E+00   5.809147E+00 
  6.053768E+00   3.774211E+00   5.815518E+00 
  6.063746E+00   3.745700E+00   5.793510E+00 
  6.073725E+00   3.787133E+00   5.825464E+00 
  6.083704E+00   3.794584E+00   5.831192E+00 
  6.093683E+00   3.768350E+00   5.811000E+00 
  6.103662E+00   3.750563E+00   5.797269E+00 
  6.113641E+00   3.760039E+00   5.804588E+00 
  6.123620E+00   3.820762E+00   5.851272E+00 
  6.133598E+00   3.790593E+00   5.828125E+00 
  6.143577E+00   3.802882E+00   5.837565E+00 
  6.153556E+00   3.770969E+00   5.813019E+00 
  6.163535E+00   3.728907E+00   5.780508E+00 
  6.173514E+00   3.822493E+00   5.852597E+00 
  6.183493E+00   3.801168E+00   5.836249E+00 
  6.193471E+00   3.789344E+00   5.827164E+00 
  6.203450E+00   3.897258E+00   5.909556E+00 
  6.213429E+00   3.807690E+00   5.841254E+00 
  6.223408E+00   3.764807E+00   5.808268E+00 
  6.233387E+00   3.827773E+00   5.856638E+00 
  6.243366E+00   3.819098E+00   5.849998E+00 
  6.253345E+00   3.835234E+00   5.862343E+00 
  6.263323E+00   3.796311E+00   5.832519E+00 
  6.273302E+00   3.841693E+00   5.867277E+00 
  6.283281E+00   3.867268E+00   5.886774E+00 
  6.293260E+00   3.877421E+00   5.894497E+00 
  6.303239E+00   3.853177E+00   5.876040E+00 
  6.313218E+00   3.878768E+00   5.895521E+00 
  6.323197E+00   3.837051E+00   5.863731E+00 
  6.333175E+00   3.876638E+00   5.893902E+00 
  6.343154E+00   3.876325E+00   5.893664E+00 
  6.353133E+00   3.803956E+00   5.838389E+00 
  6.363112E+00   3.834653E+00   5.861899E+00 
  6.373091E+00   3.876917E+00   5.894114E+00 
  6.383070E+00   3.932159E+00   5.935957E+00 
  6.393049E+00   3.865509E+00   5.885435E+00 
  6.403027E+00   3.916660E+00   5.924248E+00 
  6.413006E+00   3.888688E+00   5.903054E+00 
  6.422985E+00   3.919345E+00   5.926278E+00 
  6.432964E+00   3.944290E+00   5.945107E+00 
  6.442943E+00   3.961402E+00   5.957990E+00 
  6.452922E+00   3.935454E+00   5.938445E+00 
  6.462901E+00   3.952290E+00   5.951133E+00 
  6.472879E+00   3.952357E+00   5.951184E+00 
  6.482858E+00   3.958547E+00   5.955842E+00 
  6.492837E+00   3.930649E+00   5.934818E+00 
  6.502816E+00   3.944754E+00   5.945457E+00 
  6.512795E+00   3.947488E+00   5.947516E+00 
  6.522774E+00   3.918187E+00   5.925403E+00 
  6.532753E+00   3.930340E+00   5.934585E+00 
  6.542731E+00   3.929659E+00   5.934071E+00 
  6.552710E+00   3.967831E+00   5.962822E+00 
  6.562689E+00   4.007202E+00   5.992332E+00 
  6.572668E+00   3.956705E+00   5.954456E+00 
  6.582647E+00   4.043540E+00   6.019441E+00 
  6.592626E+00   3.980603E+00   5.972411E+00 
  6.602604E+00   4.019018E+00   6.001161E+00 
  6.612583E+00   3.976218E+00   5.969121E+00 
  6.622562E+00   3.973069E+00   5.966756E+00 
  6.632541E+00   3.980193E+00   5.972103E+00 
  6.642520E+00   3.985433E+00   5.976034E+00 
  6.652499E+00   4.029619E+00   6.009070E+00 
  6.662478E+00   4.008076E+00   5.992986E+00 
  6.672456E+00   4.015081E+00   5.998220E+00 
  6.682435E+00   4.022006E+00   6.003391E+00 
  6.692414E+00   4.007249E+00   5.992367E+00 
  6.702393E+00   4.107628E+00   6.066956E+00 
  6.712372E+00   4.021975E+00   6.003368E+00 
  6.722351E+00   4.056758E+00   6.029271E+00 
  6.732330E+00   4.058572E+00   6.030619E+00 
  6.742308E+00   3.993253E+00   5.981894E+00 
  6.752287E+00   4.033229E+00   6.011761E+00 
  6.762266E+00   4.033775E+00   6.012168E+00 
  6.772245E+00   4.036528E+00   6.014219E+00 
  6.782224E+00   4.032671E+00   6.011345E+00 
  6.792203E+00   4.126590E+00   6.080943E+00 
  6.802182E+00   4.040270E+00   6.017006E+00 
  6.812160E+00   4.068444E+00   6.037949E+00 
  6.822139E+00   4.040255E+00   6.016995E+00 
  6.832118E+00   4.117116E+00   6.073958E+00 
  6.842097E+00   4.104394E+00   6.064567E+00 
  6.852076E+00   4.049633E+00   6.023974E+00 
  6.862055E+00   4.090883E+00   6.054576E+00 
  6.872034E+00   4.123520E+00   6.078680E+00 
  6.882012E+00   4.155993E+00   6.102569E+00 
  6.891991E+00   4.087360E+00   6.051969E+00 
  6.901970E+00   4.148494E+00   6.097061E+00 
  6.911949E+00   4.107069E+00   6.066543E+00 
  6.921928E+00   4.096169E+00   6.058487E+00 
  6.931907E+00   4.163624E+00   6.108168E+00 
  6.941886E+00   4.076942E+00   6.044251E+00 
  6.951864E+00   4.181472E+00   6.121246E+00 
  6.961843E+00   4.151685E+00   6.099405E+00 
  6.971822E+00   4.122532E+00   6.077952E+00 
  6.981801E+00   4.131112E+00   6.084274E+00 
  6.991780E+00   4.097323E+00   6.059340E+00 
  7.001759E+00   4.147174E+00   6.096090E+00 
  7.011737E+00   4.149270E+00   6.097631E+00 
  7.021716E+00   4.139990E+00   6.090808E+00 
  7.031695E+00   4.131470E+00   6.084537E+00 
  7.041674E+00   4.147042E+00   6.095993E+00 
  7.051653E+00   4.140040E+00   6.090845E+00 
  7.061632E+00   4.221352E+00   6.150367E+00 
  7.071611E+00   4.217136E+00   6.147295E+00 
  7.081589E+00   4.165925E+00   6.109856E+00 
  7.091568E+00   4.156362E+00   6.102839E+00 
  7.101547E+00   4.180413E+00   6.120471E+00 
  7.111526E+00   4.239154E+00   6.163322E+00 
  7.121505E+00   4.145553E+00   6.094899E+00 
  7.131484E+00   4.209696E+00   6.141870E+00 
  7.141463E+00   4.270443E+00   6.186026E+00 
  7.151441E+00   4.175393E+00   6.116795E+00 
  7.161420E+00   4.179355E+00   6.119697E+00 
  7.171399E+00   4.210910E+00   6.142756E+00 
  7.181378E+00   4.224638E+00   6.152760E+00 
  7.191357E+00   4.199701E+00   6.134575E+00 
  7.201336E+00   4.182532E+00   6.122022E+00 
  7.211315E+00   4.226894E+00   6.154403E+00 
  7.221293E+00   4.203322E+00   6.137219E+00 
  7.231272E+00   4.226351E+00   6.154008E+00 
  7.241251E+00   4.238360E+00   6.162745E+00 
  7.251230E+00   4.209762E+00   6.141918E+00 
  7.261209E+00   4.195117E+00   6.131226E+00 
  7.271188E+00   4.182777E+00   6.122202E+00 
  7.281167E+00   4.291176E+00   6.201025E+00 
  7.291145E+00   4.230973E+00   6.157372E+00 
  7.301124E+00   4.293951E+00   6.203029E+00 
  7.311103E+00   4.259652E+00   6.178205E+00 
  7.321082E+00   4.305561E+00   6.211409E+00 
  7.331061E+00   4.271714E+00   6.186947E+00 
  7.341040E+00   4.333030E+00   6.231192E+00 
  7.351019E+00   4.226849E+00   6.154370E+00 
  7.360997E+00   4.250928E+00   6.171875E+00 
  7.370976E+00   4.391553E+00   6.273131E+00 
  7.380955E+00   4.264700E+00   6.181864E+00 
  7.390934E+00   4.232343E+00   3.321102E-02 
  7.400913E+00   4.285177E+00   3.320069E-02 
  7.410892E+00   4.284299E+00   3.332101E-02 
  7.420870E+00   4.287563E+00   3.348639E-02 
  7.430849E+00   4.271906E+00   3.269156E-02 
  7.440828E+00   4.232135E+00   3.325591E-02 
  7.450807E+00   4.252460E+00   3.293921E-02 
  7.460786E+00   4.358161E+00   6.249235E+00 
  7.470765E+00   4.319874E+00   6.221725E+00 
  7.480744E+00   4.353279E+00   3.365679E-02 
  7.490722E+00   4.330833E+00   3.346030E-02 
  7.500701E+00   4.292599E+00   3.328844E-02 
  7.510680E+00   4.296903E+00   3.366109E-02 
  7.520659E+00   4.358653E+00   6.249588E+00 
  7.530638E+00   4.328873E+00   6.228202E+00 
  7.540617E+00   4.338964E+00   6.235457E+00 
  7.550596E+00   4.328881E+00   6.228208E+00 
  7.560574E+00   4.352426E+00   6.245123E+00 
  7.570553E+00   4.347572E+00   6.241639E+00 
  7.580532E+00   4.357976E+00   6.249103E+00 
  7.590511E+00   4.398618E+00   6.278175E+00 
  7.600490E+00   4.392510E+00   6.273814E+00 
  7.610469E+00   4.380203E+00   6.265019E+00 
  7.620448E+00   4.405179E+00   6.282855E+00 
  7.630426E+00   4.438924E+00   6.306873E+00 
  7.640405E+00   4.395134E+00   6.275688E+00 
  7.650384E+00   4.419423E+00   3.353125E-02 
  7.660363E+00   4.413458E+00   6.288756E+00 
  7.670342E+00   4.478342E+00   6.334815E+00 
  7.680321E+00   4.413601E+00   3.364453E-02 
  7.690300E+00   4.395246E+00   3.374774E-02 
  7.700278E+00   4.512889E+00   3.360367E-02 
  7.710257E+00   4.447567E+00   3.367717E-02 
  7.720236E+00   4.360490E+00   6.250905E+00 
  7.730215E+00   4.471530E+00   6.329995E+00 
  7.740194E+00   4.525409E+00   3.377831E-02 
  7.750173E+00   4.507429E+00   3.384117E-02 
  7.760151E+00   4.430832E+00   3.396074E-02 
  7.770130E+00   4.439374E+00   3.378400E-02 
  7.780109E+00   4.442846E+00   3.361765E-02 
  7.790088E+00   4.477572E+00   3.412930E-02 
  7.800067E+00   4.410342E+00   3.404737E-02 
  7.810046E+00   4.444304E+00   3.397382E-02 
  7.820025E+00   4.501163E+00   3.421162E-02 
  7.830003E+00   4.485365E+00   3.420453E-02 
  7.839982E+00   4.541070E+00   6.379026E+00 
  7.849961E+00   4.488163E+00   6.341757E+00 
  7.859940E+00   4.470931E+00   3.423883E-02 
  7.869919E+00   4.531725E+00   3.413829E-02 
  7.879898E+00   4.465919E+00   3.378916E-02 
  7.889877E+00   4.488044E+00   3.409854E-02 
  7.899855E+00   4.478617E+00   6.335009E+00 
  7.909834E+00   4.533317E+00   6.373578E+00 
  7.919813E+00   4.499941E+00   3.366482E-02 
  7.929792E+00   4.627820E+00   3.469528E-02 
  7.939771E+00   4.463699E+00   3.405402E-02 
  7.949750E+00   4.550169E+00   3.431593E-02 
  7.959729E+00   4.523549E+00   6.366708E+00 
  7.969707E+00   4.563570E+00   6.394810E+00 
  7.979686E+00   4.586352E+00   6.410751E+00 
  7.989665E+00   4.634486E+00   3.458026E-02 
  7.999644E+00   4.542914E+00   3.419088E-02 
  8.009623E+00   4.529781E+00   3.442421E-02 
  8.019602E+00   4.513368E+00   3.424477E-02 
  8.029581E+00   4.521837E+00   3.425393E-02 
  8.039559E+00   4.545350E+00   3.420450E-02 
  8.049538E+00   4.565855E+00   3.416360E-02 
  8.059517E+00   4.530837E+00   3.427771E-02 
  8.069496E+00   4.625229E+00   3.477244E-02 
  8.079475E+00   4.557763E+00   3.448291E-02 
  8.089454E+00   4.583428E+00   3.474912E-02 
  8.099433E+00   4.595826E+00   3.434954E-02 
  8.109411E+00   4.627687E+00   3.479520E-02 
  8.119390E+00   4.620193E+00   3.443265E-02 
  8.129369E+00   4.669691E+00   6.468734E+00 
  8.139348E+00   4.703605E+00   6.492182E+00 
  8.149327E+00   4.634446E+00   3.449615E-02 
  8.159306E+00   4.598645E+00   3.484650E-02 
  8.169284E+00   4.613539E+00   3.430186E-02 
  8.179263E+00   4.640389E+00   3.484286E-02 
  8.189242E+00   4.638113E+00   3.462265E-02 
  8.199221E+00   4.644205E+00   3.503660E-02 
  8.209200E+00   4.643979E+00   3.460729E-02 
  8.219179E+00   4.639308E+00   3.459859E-02 
  8.229158E+00   4.680965E+00   3.498172E-02 
  8.239136E+00   4.637036E+00   3.488629E-02 
  8.249115E+00   4.660955E+00   3.456260E-02 
  8.259094E+00   4.643411E+00   3.469655E-02 
  8.269073E+00   4.656066E+00   3.481773E-02 
  8.279052E+00   4.655681E+00   3.484574E-02 
  8.289031E+00   4.665881E+00   6.466095E+00 
  8.299010E+00   4.682713E+00   6.477748E+00 
  8.308988E+00   4.686886E+00   3.496243E-02 
  8.318967E+00   4.655698E+00   3.502650E-02 
  8.328946E+00   4.705840E+00   3.501689E-02 
  8.338925E+00   4.678252E+00   3.509705E-02 
  8.348904E+00   4.706212E+00   3.518742E-02 
  8.358883E+00   4.702877E+00   3.507778E-02 
  8.368862E+00   4.688034E+00   3.476348E-02 
  8.378840E+00   4.680965E+00   6.476539E+00 
  8.388819E+00   4.752572E+00   6.525888E+00 
  8.398798E+00   4.761080E+00   6.531727E+00 
  8.408777E+00   4.728958E+00   6.509655E+00 
  8.418756E+00   4.684932E+00   6.479283E+00 
  8.428735E+00   4.773082E+00   6.539954E+00 
  8.438714E+00   4.701479E+00   6.490715E+00 
  8.448692E+00   4.814613E+00   3.545586E-02 
  8.458671E+00   4.747652E+00   3.496933E-02 
  8.468650E+00   4.779666E+00   3.533444E-02 
  8.478629E+00   4.789578E+00   6.551246E+00 
  8.488608E+00   4.758835E+00   6.530186E+00 
  8.498587E+00   4.732636E+00   6.512186E+00 
  8.508566E+00   4.743375E+00   6.519571E+00 
  8.518544E+00   4.842614E+00   6.587417E+00 
  8.528523E+00   4.787556E+00   6.549863E+00 
  8.538502E+00   4.743901E+00   6.519932E+00 
  8.548481E+00   4.789100E+00   6.550919E+00 
  8.558460E+00   4.763666E+00   6.533501E+00 
  8.568439E+00   4.842225E+00   6.587153E+00 
  8.578417E+00   4.754156E+00   3.503679E-02 
  8.588396E+00   4.877124E+00   3.581955E-02 
  8.598375E+00   4.821052E+00   6.572736E+00 
  8.608354E+00   4.807096E+00   6.563216E+00 
  8.618333E+00   4.768522E+00   3.497679E-02 
  8.628312E+00   4.802254E+00   3.575968E-02 
  8.638291E+00   4.791514E+00   3.537286E-02 
  8.648269E+00   4.840539E+00   3.551340E-02 
  8.658248E+00   4.805598E+00   3.552994E-02 
  8.668227E+00   4.774308E+00   3.594745E-02 
  8.678206E+00   4.904723E+00   3.577073E-02 
  8.688185E+00   4.880951E+00   3.550448E-02 
  8.698164E+00   4.865389E+00   3.627913E-02 
  8.708143E+00   4.845570E+00   3.550584E-02 
  8.718121E+00   4.857753E+00   3.571144E-02 
  8.728100E+00   4.810743E+00   3.562253E-02 
  8.738079E+00   4.835205E+00   6.582377E+00 
  8.748058E+00   4.862621E+00   6.601011E+00 
  8.758037E+00   4.930326E+00   3.571582E-02 
  8.768016E+00   4.846446E+00   3.554412E-02 
  8.777995E+00   4.859170E+00   3.548105E-02 
  8.787973E+00   4.890844E+00   3.600540E-02 
  8.797952E+00   4.830189E+00   3.564940E-02 
  8.807931E+00   4.916211E+00   6.637286E+00 
  8.817910E+00   4.892898E+00   6.621530E+00 
  8.827889E+00   4.904972E+00   6.629694E+00 
  8.837868E+00   4.917333E+00   6.638043E+00 
  8.847847E+00   4.942323E+00   3.600104E-02 
  8.857825E+00   4.947403E+00   6.658308E+00 
  8.867804E+00   4.924545E+00   6.642909E+00 
  8.877783E+00   4.910467E+00   6.633407E+00 
  8.887762E+00   4.905139E+00   6.629807E+00 
  8.897741E+00   4.954700E+00   3.579427E-02 
  8.907720E+00   4.947118E+00   3.587245E-02 
  8.917699E+00   4.870271E+00   3.566260E-02 
  8.927677E+00   4.932029E+00   3.575309E-02 
  8.937656E+00   4.950196E+00   3.623400E-02 
  8.947635E+00   5.000663E+00   6.694052E+00 
  8.957614E+00   4.957875E+00   6.665352E+00 
  8.967593E+00   4.954746E+00   3.578495E-02 
  8.977572E+00   5.001160E+00   3.632484E-02 
  8.987550E+00   4.998687E+00   3.651744E-02 
  8.997529E+00   5.049795E+00   3.631312E-02 
  9.007508E+00   5.029249E+00   3.675286E-02 
  9.017487E+00   5.045140E+00   3.646571E-02 
  9.027466E+00   4.997392E+00   3.615115E-02 
  9.037445E+00   5.026648E+00   3.628494E-02 
  9.047424E+00   4.980247E+00   3.673254E-02 
  9.057402E+00   5.017885E+00   6.705569E+00 
  9.067381E+00   4.986761E+00   6.684741E+00 
  9.077360E+00   5.061044E+00   3.645852E-02 
  9.087339E+00   5.034709E+00   3.652413E-02 
  9.097318E+00   5.022925E+00   3.621556E-02 
  9.107297E+00   5.054833E+00   3.684571E-02 
  9.117276E+00   5.136145E+00   3.660033E-02 
  9.127254E+00   5.042891E+00   3.635428E-02 
  9.137233E+00   5.031610E+00   3.668684E-02 
  9.147212E+00   5.048382E+00   3.620592E-02 
  9.157191E+00   5.032262E+00   3.646873E-02 
  9.167170E+00   5.048489E+00   3.654406E-02 
  9.177149E+00   5.042071E+00   3.616534E-02 
  9.187128E+00   5.071326E+00   3.626766E-02 
  9.197106E+00   5.021925E+00   6.708267E+00 
  9.207085E+00   5.105300E+00   6.763724E+00 
  9.217064E+00   5.093878E+00   6.756154E+00 
  9.227043E+00   5.039727E+00   3.683390E-02 
  9.237022E+00   5.103562E+00   3.663628E-02 
  9.247001E+00   5.044990E+00   3.620639E-02 
  9.256980E+00   5.159124E+00   3.688397E-02 
  9.266958E+00   5.075180E+00   3.648194E-02 
  9.276937E+00   5.111660E+00   3.655485E-02 
  9.286916E+00   5.107010E+00   6.764857E+00 
  9.296895E+00   5.127125E+00   6.778166E+00 
  9.306874E+00   5.153224E+00   6.795396E+00 
  9.316853E+00   5.152901E+00   6.795183E+00 
  9.326832E+00   5.163941E+00   3.711580E-02 
  9.336810E+00   5.057673E+00   3.635641E-02 
  9.346789E+00   5.175294E+00   3.699924E-02 
  9.356768E+00   5.170538E+00   3.733690E-02 
  9.366747E+00   5.153896E+00   3.700788E-02 
  9.376726E+00   5.154871E+00   3.672582E-02 
  9.386705E+00   5.158761E+00   6.799045E+00 
  9.396683E+00   5.182613E+00   6.814746E+00 
  9.406662E+00   5.136455E+00   3.695729E-02 
  9.416641E+00   5.282381E+00   3.710790E-02 
  9.426620E+00   5.194324E+00   3.682971E-02 
  9.436599E+00   5.188419E+00   3.682247E-02 
  9.446578E+00   5.098430E+00   3.660392E-02 
  9.456557E+00   5.233237E+00   3.698047E-02 
  9.466535E+00   5.233901E+00   3.736097E-02 
  9.476514E+00   5.205578E+00   3.715958E-02 
  9.486493E+00   5.210084E+00   3.719161E-02 
  9.496472E+00   5.301918E+00   3.712633E-02 
  9.506451E+00   5.242500E+00   3.722435E-02 
  9.516430E+00   5.226914E+00   3.717968E-02 
  9.526409E+00   5.309627E+00   3.710509E-02 
  9.536387E+00   5.276961E+00   3.768659E-02 
  9.546366E+00   5.234790E+00   3.710650E-02 
  9.556345E+00   5.277135E+00   3.714463E-02 
  9.566324E+00   5.263674E+00   3.786030E-02 
  9.576303E+00   5.316416E+00   3.744730E-02 
  9.586282E+00   5.297798E+00   3.723892E-02 
  9.596261E+00   5.292795E+00   6.886805E+00 
  9.606239E+00   5.288014E+00   6.883694E+00 
  9.616218E+00   5.247845E+00   6.857499E+00 
  9.626197E+00   5.300060E+00   3.767529E-02 
  9.636176E+00   5.306102E+00   3.800646E-02 
  9.646155E+00   5.294047E+00   3.698690E-02 
  9.656134E+00   5.298006E+00   3.747677E-02 
  9.666113E+00   5.313418E+00   3.753370E-02 
  9.676091E+00   5.282459E+00   3.675594E-02 
  9.686070E+00   5.328777E+00   3.776958E-02 
  9.696049E+00   5.326833E+00   3.756276E-02 
  9.706028E+00   5.327483E+00   3.706536E-02 
  9.716007E+00   5.358785E+00   3.755286E-02 
  9.725986E+00   5.291833E+00   3.736576E-02 
  9.735964E+00   5.378092E+00   6.942076E+00 
  9.745943E+00   5.390686E+00   6.950200E+00 
  9.755922E+00   5.391858E+00   6.950955E+00 
  9.765901E+00   5.325824E+00   3.733530E-02 
  9.775880E+00   5.369598E+00   6.936592E+00 
  9.785859E+00   5.370680E+00   6.937291E+00 
  9.795838E+00   5.346212E+00   3.739759E-02 
  9.805816E+00   5.386501E+00   3.793505E-02 
  9.815795E+00   5.400517E+00   3.789725E-02 
  9.825774E+00   5.390788E+00   3.770040E-02 
  9.835753E+00   5.399299E+00   3.786484E-02 
  9.845732E+00   5.474750E+00   3.856475E-02 
  9.855711E+00   5.479669E+00   3.780461E-02 
  9.865690E+00   5.456690E+00   3.801888E-02 
  9.875668E+00   5.462678E+00   3.868027E-02 
  9.885647E+00   5.399563E+00   3.721003E-02 
  9.895626E+00   5.474848E+00   3.836602E-02 
  9.905605E+00   5.448680E+00   3.823290E-02 
  9.915584E+00   5.504245E+00   3.802203E-02 
  9.925563E+00   5.503659E+00   3.866021E-02 
  9.935542E+00   5.502589E+00   3.834424E-02 
  9.945520E+00   5.520554E+00   3.810154E-02 
  9.955499E+00   5.470726E+00   3.810842E-02 
  9.965478E+00   5.521022E+00   3.869340E-02 
  9.975457E+00   5.492497E+00   7.015525E+00 
  9.985436E+00   5.517245E+00   7.031313E+00 
  9.995415E+00   5.505150E+00   7.023601E+00 
  1.000539E+01   5.469162E+00   3.756035E-02 
  1.001537E+01   5.492583E+00   7.015580E+00 
  1.002535E+01   5.537774E+00   7.044382E+00 
  1.003533E+01   5.502654E+00   7.022009E+00 
  1.004531E+01   5.549094E+00   7.051578E+00 
  1.005529E+01   5.723760E+00   7.161698E+00 
  1.006527E+01   5.667781E+00   3.838254E-02 
  1.007525E+01   5.650426E+00   4.006351E-02 
  1.008522E+01   5.611817E+00   4.089333E-02 
  1.009520E+01   5.621983E+00   7.097739E+00 
  1.010518E+01   5.660240E+00   4.251460E-02 
  1.011516E+01   5.599424E+00   4.217110E-02 
  1.012514E+01   5.680273E+00   7.134440E+00 
  1.013512E+01   5.614657E+00   7.093113E+00 
  1.014510E+01   5.559888E+00   4.354692E-02 
  1.015508E+01   5.632910E+00   4.489802E-02 
  1.016506E+01   5.582335E+00   4.480990E-02 
  1.017503E+01   5.653704E+00   4.545566E-02 
  1.018501E+01   5.681683E+00   4.651180E-02 
  1.019499E+01   5.610389E+00   4.613512E-02 
