q[nm-1]	I(q)[sr-1]_sub(Lyso_Lyso_3_000_350_mult.dat_00001_[mult(Lyso_Lyso_3_000_350.dat_00001_[]*1.5000)]-Lyso_Buffer_000_350.dat_00001_[])	error
2.26117100e-01	2.50021200e+01	3.29936551e+00
2.36095900e-01	1.54305850e+01	2.88475540e+00
2.46074800e-01	2.56565100e+01	1.67700418e+00
2.56053600e-01	2.65944000e+01	1.33895259e+00
2.66032500e-01	2.63664600e+01	1.28572608e+00
2.76011300e-01	2.46212010e+01	1.03202392e+00
2.85990200e-01	2.39839060e+01	9.11266010e-01
2.95969000e-01	2.36222580e+01	8.21270354e-01
3.05947900e-01	2.50090210e+01	7.75226686e-01
3.15926800e-01	2.40765310e+01	7.74629638e-01
3.25905600e-01	2.45245700e+01	7.49187877e-01
3.35884500e-01	2.40216170e+01	7.34664369e-01
3.45863300e-01	2.45897210e+01	7.28568629e-01
3.55842200e-01	2.57410630e+01	7.04296734e-01
3.65821000e-01	2.50766980e+01	6.89268011e-01
3.75799900e-01	2.40592370e+01	6.37143524e-01
3.85778700e-01	2.37495820e+01	6.53321536e-01
3.95757600e-01	2.31524020e+01	5.89836329e-01
4.05736400e-01	2.35053600e+01	6.02720031e-01
4.15715300e-01	2.40227800e+01	6.35525514e-01
4.25694100e-01	2.29670060e+01	2.03574006e+01
4.35673000e-01	2.44427010e+01	2.05654731e+01
4.45651900e-01	2.33232770e+01	2.01517550e+01
4.55630700e-01	2.26553370e+01	5.73101776e-01
4.65609600e-01	2.28489840e+01	1.99810848e+01
4.75588400e-01	2.35465520e+01	2.01762820e+01
4.85567300e-01	2.23404130e+01	1.98022583e+01
4.95546100e-01	2.15966330e+01	1.95077316e+01
5.05525000e-01	2.20118380e+01	5.27529830e-01
5.15503800e-01	2.23500520e+01	5.32281060e-01
5.25482700e-01	2.17748610e+01	5.32813417e-01
5.35461500e-01	2.22924420e+01	5.07889854e-01
5.45440400e-01	2.05553850e+01	5.08965285e-01
5.55419200e-01	2.12982420e+01	4.84509389e-01
5.65398100e-01	2.13055080e+01	5.36186378e-01
5.75376900e-01	2.13586440e+01	5.06908481e-01
5.85355800e-01	2.08759040e+01	5.01853809e-01
5.95334700e-01	2.15862680e+01	6.46707851e+00
6.05313500e-01	2.14189780e+01	6.44483228e+00
6.15292400e-01	2.05755940e+01	4.91077991e-01
6.25271200e-01	2.03237180e+01	4.90628742e-01
6.35250100e-01	2.00711230e+01	4.83422989e-01
6.45228900e-01	2.03814560e+01	4.79229930e-01
6.55207800e-01	2.01310190e+01	4.50986103e-01
6.65186600e-01	1.97001280e+01	4.80977444e-01
6.75165500e-01	1.90764420e+01	4.70571103e-01
6.85144300e-01	2.03150930e+01	4.64540808e-01
6.95123200e-01	1.89588710e+01	4.52861385e-01
7.05102000e-01	1.88486560e+01	4.64664521e-01
7.15080900e-01	1.87138580e+01	4.64244973e-01
7.25059700e-01	1.84937180e+01	1.80931393e+01
7.35038600e-01	1.73577300e+01	1.76705064e+01
7.45017500e-01	1.81571160e+01	1.78853028e+01
7.54996300e-01	1.72166330e+01	4.33303150e-01
7.64975200e-01	1.66721770e+01	4.25679473e-01
7.74954000e-01	1.79809710e+01	4.36571148e-01
7.84932900e-01	1.74018870e+01	4.27928172e-01
7.94911700e-01	1.69735600e+01	4.15374797e-01
8.04890600e-01	1.67845780e+01	4.19967287e-01
8.14869400e-01	1.75197410e+01	4.14255479e-01
8.24848300e-01	1.67031630e+01	4.04786966e-01
8.34827100e-01	1.60129140e+01	4.00007044e-01
8.44806000e-01	1.60324090e+01	3.89201871e-01
8.54784800e-01	1.59652810e+01	3.97511077e-01
8.64763700e-01	1.55787060e+01	3.83370591e-01
8.74742600e-01	1.54754550e+01	3.70645018e-01
8.84721400e-01	1.56508740e+01	3.82005828e-01
8.94700300e-01	1.56105660e+01	3.83342209e-01
9.04679100e-01	1.53085240e+01	3.74447253e-01
9.14658000e-01	1.52501210e+01	3.74841752e-01
9.24636800e-01	1.43605740e+01	3.74020733e-01
9.34615700e-01	1.45437370e+01	3.62571351e-01
9.44594500e-01	1.42271850e+01	3.62770716e-01
9.54573400e-01	1.46725400e+01	3.66121282e-01
9.64552200e-01	1.36676160e+01	3.70861003e-01
9.74531100e-01	1.39435610e+01	3.62182770e-01
9.84509900e-01	1.31282320e+01	1.58613759e+01
9.94488800e-01	1.27593400e+01	1.57313828e+01
1.00446800e+00	1.35571940e+01	3.49314758e-01
1.01444700e+00	1.32472800e+01	1.60254636e+01
1.02442500e+00	1.36425400e+01	1.59910267e+01
1.03440400e+00	1.26457490e+01	1.57525949e+01
1.04438300e+00	1.25693800e+01	3.29900943e-01
1.05436200e+00	1.20172350e+01	3.32054657e-01
1.06434100e+00	1.19524470e+01	3.22405785e-01
1.07432000e+00	1.17168310e+01	3.25776870e-01
1.08429800e+00	1.16548820e+01	3.22537424e-01
1.09427700e+00	1.10023515e+01	3.05986377e-01
1.10425600e+00	1.16086360e+01	3.12141212e-01
1.11423500e+00	1.04197575e+01	1.48144863e+01
1.12421400e+00	1.11058660e+01	1.49337806e+01
1.13419300e+00	1.04797555e+01	3.08003654e-01
1.14417200e+00	1.09870950e+01	2.98888045e-01
1.15415000e+00	1.04492665e+01	3.03743596e-01
1.16412900e+00	1.00780965e+01	3.01906844e-01
1.17410800e+00	1.01186575e+01	2.94451655e-01
1.18408700e+00	9.58330500e+00	2.93597771e-01
1.19406600e+00	9.92096800e+00	2.85285797e-01
1.20404500e+00	9.79187350e+00	2.89194548e-01
1.21402400e+00	9.62568800e+00	2.97360172e-01
1.22400200e+00	9.24077850e+00	2.79153219e-01
1.23398100e+00	8.82191200e+00	2.76500649e-01
1.24396000e+00	9.14054400e+00	2.80812888e-01
1.25393900e+00	8.46997200e+00	2.73915899e-01
1.26391800e+00	8.29820250e+00	2.65363570e-01
1.27389700e+00	8.81151100e+00	2.71691145e-01
1.28387600e+00	8.86584700e+00	1.39566764e+01
1.29385400e+00	8.09074050e+00	1.36913084e+01
1.30383300e+00	7.70173250e+00	2.64128443e-01
1.31381200e+00	7.67924100e+00	2.51427516e-01
1.32379100e+00	7.89228750e+00	2.63654059e-01
1.33377000e+00	7.35933100e+00	2.61018398e-01
1.34374900e+00	7.46558700e+00	2.48650526e-01
1.35372800e+00	7.66806800e+00	2.60263390e-01
1.36370600e+00	7.20137700e+00	2.47617369e-01
1.37368500e+00	7.79195400e+00	2.59543752e-01
1.38366400e+00	6.83311250e+00	2.47627260e-01
1.39364300e+00	7.04129600e+00	2.41221224e-01
1.40362200e+00	6.64241600e+00	2.48266811e-01
1.41360100e+00	6.66862500e+00	1.29799123e+01
1.42357900e+00	6.14632950e+00	1.26126551e+01
1.43355800e+00	6.15903250e+00	2.36578090e-01
1.44353700e+00	6.30176300e+00	2.38077313e-01
1.45351600e+00	6.35904000e+00	2.36800448e-01
1.46349500e+00	6.12574550e+00	2.34504441e-01
1.47347400e+00	5.82765500e+00	2.29056887e-01
1.48345300e+00	5.85233000e+00	2.25105472e-01
1.49343100e+00	5.64903200e+00	2.29030723e-01
1.50341000e+00	5.75223900e+00	2.27378762e-01
1.51338900e+00	5.20110100e+00	2.29353639e-01
1.52336800e+00	5.26080400e+00	2.18275766e-01
1.53334700e+00	5.14605600e+00	2.13936006e-01
1.54332600e+00	5.25896200e+00	1.23310243e+01
1.55330500e+00	5.21254800e+00	1.20746989e+01
1.56328300e+00	4.88478350e+00	2.13547893e-01
1.57326200e+00	5.09689950e+00	2.15565656e-01
1.58324100e+00	4.84677550e+00	2.10126713e-01
1.59322000e+00	4.70372000e+00	2.10598605e-01
1.60319900e+00	5.07647250e+00	2.12568016e-01
1.61317800e+00	4.85950800e+00	2.08020690e-01
1.62315700e+00	4.06125750e+00	2.01849906e-01
1.63313500e+00	4.15418050e+00	1.95503819e-01
1.64311400e+00	3.95750500e+00	2.02209209e-01
1.65309300e+00	4.19540550e+00	1.98330204e-01
1.66307200e+00	4.10752200e+00	1.96225099e-01
1.67305100e+00	3.86032100e+00	1.96686189e-01
1.68303000e+00	3.88641500e+00	1.97710638e-01
1.69300900e+00	3.83749300e+00	1.95008604e-01
1.70298700e+00	3.78293650e+00	1.92647560e-01
1.71296600e+00	3.67012300e+00	1.95608667e-01
1.72294500e+00	3.43378400e+00	1.93472445e-01
1.73292400e+00	3.43178650e+00	1.86626724e-01
1.74290300e+00	3.40875500e+00	1.84677948e-01
1.75288200e+00	3.57252100e+00	1.86294148e-01
1.76286100e+00	3.43688550e+00	1.88610063e-01
1.77283900e+00	3.17835150e+00	1.81873141e-01
1.78281800e+00	3.55086300e+00	1.88721678e-01
1.79279700e+00	3.35757000e+00	1.87219997e-01
1.80277600e+00	3.03437350e+00	1.83020547e-01
1.81275500e+00	2.55257900e+00	1.76668888e-01
1.82273400e+00	2.82994000e+00	1.74878149e-01
1.83271200e+00	2.90281750e+00	1.08931546e+01
1.84269100e+00	2.58196300e+00	1.06928184e+01
1.85267000e+00	2.60863750e+00	1.07173201e+01
1.86264900e+00	2.28365650e+00	1.04992722e+01
1.87262800e+00	2.34546950e+00	1.69432268e-01
1.88260700e+00	2.30423650e+00	1.73312804e-01
1.89258600e+00	2.67233700e+00	1.72956663e-01
1.90256400e+00	2.45261850e+00	1.05204912e+01
1.91254300e+00	2.33351750e+00	1.05951866e+01
1.92252200e+00	2.22643200e+00	1.70603797e-01
1.93250100e+00	2.48964300e+00	1.70344805e-01
1.94248000e+00	1.96011700e+00	1.65946656e-01
1.95245900e+00	2.26508750e+00	1.65315274e-01
1.96243800e+00	2.06263000e+00	1.66718608e-01
1.97241600e+00	2.13852900e+00	1.65009856e-01
1.98239500e+00	2.36050100e+00	1.65960318e-01
1.99237400e+00	2.04542600e+00	1.64719785e-01
2.00235300e+00	1.70671050e+00	1.59501653e-01
2.01233200e+00	1.65229150e+00	1.60888552e-01
2.02231100e+00	2.12108050e+00	1.62448252e-01
2.03229000e+00	1.78221800e+00	1.58758926e-01
2.04226800e+00	1.72787800e+00	1.59827665e-01
2.05224700e+00	1.74363800e+00	1.56906922e-01
2.06222600e+00	1.94154100e+00	1.60776780e-01
2.07220500e+00	1.66357750e+00	1.54823721e-01
2.08218400e+00	1.85925900e+00	1.59175333e-01
2.09216300e+00	1.68412450e+00	1.53477783e-01
2.10214200e+00	1.48387750e+00	1.52597864e-01
2.11212000e+00	1.59034950e+00	1.57796035e-01
2.12209900e+00	1.36492800e+00	1.47817402e-01
2.13207800e+00	1.41367100e+00	1.51744986e-01
2.14205700e+00	1.35715650e+00	9.80788354e+00
2.15203600e+00	1.38004200e+00	9.86576080e+00
2.16201500e+00	1.54130250e+00	1.52658463e-01
2.17199400e+00	1.26526000e+00	9.90136361e+00
2.18197200e+00	1.60312100e+00	1.00434119e+01
2.19195100e+00	1.29671050e+00	9.91040236e+00
2.20193000e+00	1.73121150e+00	1.00222879e+01
2.21190900e+00	1.39642750e+00	1.46866911e-01
2.22188800e+00	1.38518250e+00	1.45754462e-01
2.23186700e+00	1.17447300e+00	1.46702550e-01
2.24184500e+00	1.52026200e+00	1.45460528e-01
2.25182400e+00	1.30945450e+00	1.48903442e-01
2.26180300e+00	1.09701400e+00	1.42575099e-01
2.27178200e+00	1.26385300e+00	1.43723586e-01
2.28176100e+00	1.14612700e+00	1.45724186e-01
2.29174000e+00	9.90430000e-01	1.37588074e-01
2.30171900e+00	1.06944500e+00	1.41601053e-01
2.31169700e+00	1.13916500e+00	1.42665310e-01
2.32167600e+00	1.07402350e+00	1.43461766e-01
2.33165500e+00	1.11824250e+00	1.38415275e-01
2.34163400e+00	1.13308000e+00	1.39698949e-01
2.35161300e+00	9.76408000e-01	1.37771279e-01
2.36159200e+00	1.01956200e+00	1.39806347e-01
2.37157100e+00	1.03375800e+00	1.42865136e-01
2.38154900e+00	1.16519250e+00	1.39929458e-01
2.39152800e+00	1.01069100e+00	1.35714229e-01
2.40150700e+00	6.83520500e-01	1.36959241e-01
2.41148600e+00	1.16757200e+00	1.38330248e-01
2.42146500e+00	1.19617850e+00	1.38444509e-01
2.43144400e+00	1.23966350e+00	1.36392535e-01
2.44142300e+00	1.03865800e+00	1.36331252e-01
2.45140100e+00	9.51478000e-01	1.37405838e-01
2.46138000e+00	1.02526200e+00	1.35804470e-01
2.47135900e+00	1.15304950e+00	1.38077302e-01
2.48133800e+00	9.21094000e-01	1.35062003e-01
2.49131700e+00	1.29479700e+00	5.84076895e+00
2.50129600e+00	9.88978000e-01	5.82768089e+00
2.51127500e+00	9.22647500e-01	1.34421570e-01
2.52125300e+00	1.00244250e+00	9.73402826e+00
2.53123200e+00	1.07715750e+00	9.77300532e+00
2.54121100e+00	8.68519000e-01	1.34695334e-01
2.55119000e+00	1.02827550e+00	1.34116516e-01
2.56116900e+00	9.54174000e-01	1.30159166e-01
2.57114800e+00	1.18942650e+00	1.37143721e-01
2.58112700e+00	1.21656050e+00	1.34763638e-01
2.59110500e+00	9.32961000e-01	1.30383464e-01
2.60108400e+00	9.19476500e-01	1.35008054e-01
2.61106300e+00	8.24317000e-01	1.32107650e-01
2.62104200e+00	1.17102700e+00	1.33668635e-01
2.63102100e+00	9.12619500e-01	1.31531890e-01
2.64100000e+00	1.22598050e+00	1.34063934e-01
2.65097800e+00	8.58671000e-01	1.31085829e-01
2.66095700e+00	1.07725300e+00	1.29477565e-01
2.67093600e+00	1.11309300e+00	1.32495867e-01
2.68091500e+00	9.68543000e-01	1.27885142e-01
2.69089400e+00	9.79543500e-01	1.38211750e-01
2.70087300e+00	1.16483000e+00	1.30014929e-01
2.71085200e+00	9.12059000e-01	9.61394225e+00
2.72083000e+00	8.76634500e-01	9.53916654e+00
2.73080900e+00	1.09598200e+00	9.76559495e+00
2.74078800e+00	1.07521350e+00	1.34105486e-01
2.75076700e+00	9.34804000e-01	9.63904542e+00
2.76074600e+00	9.48233500e-01	9.55167198e+00
2.77072500e+00	1.26243350e+00	1.30341744e-01
2.78070400e+00	8.80648500e-01	1.26450892e-01
2.79068200e+00	8.46552500e-01	1.31433386e-01
2.80066100e+00	1.00589300e+00	1.27814800e-01
2.81064000e+00	8.69422500e-01	1.28938452e-01
2.82061900e+00	9.96544500e-01	1.28440760e-01
2.83059800e+00	8.43461000e-01	1.24717163e-01
2.84057700e+00	8.64859000e-01	1.28503718e-01
2.85055600e+00	9.88111500e-01	1.27840362e-01
2.86053400e+00	8.79501500e-01	1.26329365e-01
2.87051300e+00	9.91002500e-01	9.76159488e+00
2.88049200e+00	7.83209500e-01	9.40216014e+00
2.89047100e+00	8.85341500e-01	9.43915597e+00
2.90045000e+00	8.36939000e-01	9.56000364e+00
2.91042900e+00	8.79452000e-01	9.57690399e+00
2.92040800e+00	9.65630500e-01	1.22081158e-01
2.93038600e+00	1.05378900e+00	1.25808558e-01
2.94036500e+00	7.00506500e-01	1.24919201e-01
2.95034400e+00	1.04317950e+00	1.24639452e-01
2.96032300e+00	1.00770350e+00	1.26137111e-01
2.97030200e+00	1.22411550e+00	1.23327411e-01
2.98028100e+00	7.01642500e-01	1.23866437e-01
2.99026000e+00	1.13047350e+00	1.25900099e-01
3.00023800e+00	8.55687000e-01	1.21827559e-01
3.01021700e+00	9.49243000e-01	1.22404898e-01
3.02019600e+00	9.33134500e-01	1.25321236e-01
3.03017500e+00	9.76974000e-01	1.23516448e-01
3.04015400e+00	8.95919500e-01	9.57396454e+00
3.05013300e+00	1.17940800e+00	9.51093473e+00
3.06011100e+00	1.03870250e+00	5.80445505e+00
3.07009000e+00	1.03852900e+00	9.71700924e+00
3.08006900e+00	1.01176100e+00	9.57804709e+00
3.09004800e+00	1.02598150e+00	1.23011660e-01
3.10002700e+00	7.63679500e-01	1.20269381e-01
3.11000600e+00	7.56963500e-01	1.22072401e-01
3.11998500e+00	9.66619500e-01	1.22527180e-01
3.12996300e+00	1.00286450e+00	1.21145326e-01
3.13994200e+00	1.05524750e+00	1.21654526e-01
3.14992100e+00	8.21084000e-01	1.19841363e-01
3.15990000e+00	1.06865900e+00	1.24794495e-01
3.16987900e+00	7.46986500e-01	9.57195765e+00
3.17985800e+00	9.38394500e-01	9.50965643e+00
3.18983700e+00	1.01416000e+00	1.20457583e-01
3.19981500e+00	7.99666500e-01	1.18116957e-01
3.20979400e+00	1.01334400e+00	1.20441626e-01
3.21977300e+00	7.56887500e-01	1.17171390e-01
3.22975200e+00	9.84167000e-01	1.21718251e-01
3.23973100e+00	1.02954850e+00	1.17899877e-01
3.24971000e+00	1.04749400e+00	1.19867624e-01
3.25968900e+00	9.65427500e-01	1.20579792e-01
3.26966700e+00	9.23348500e-01	1.19088706e-01
3.27964600e+00	1.19217300e+00	1.21951650e-01
3.28962500e+00	8.50385000e-01	1.18746592e-01
3.29960400e+00	9.37457000e-01	1.20228717e-01
3.30958300e+00	1.13798450e+00	1.21919165e-01
3.31956200e+00	9.96823500e-01	1.19721455e-01
3.32954100e+00	9.07295000e-01	1.16219566e-01
3.33951900e+00	1.15234750e+00	1.18583462e-01
3.34949800e+00	9.51364500e-01	1.17634894e-01
3.35947700e+00	8.50770000e-01	9.49510911e+00
3.36945600e+00	7.79005000e-01	9.52292478e+00
3.37943500e+00	9.41539500e-01	9.47319427e+00
3.38941400e+00	9.88671000e-01	9.52250175e+00
3.39939200e+00	1.01723300e+00	1.17111596e-01
3.40937100e+00	8.44686000e-01	1.17700019e-01
3.41935000e+00	1.06130950e+00	9.54349653e+00
3.42932900e+00	7.88366500e-01	9.53129304e+00
3.43930800e+00	1.02579550e+00	9.59032017e+00
3.44928700e+00	1.02253450e+00	1.17222424e-01
3.45926600e+00	9.86874500e-01	1.15950925e-01
3.46924400e+00	1.23704750e+00	1.16403400e-01
3.47922300e+00	1.05298750e+00	9.71690151e+00
3.48920200e+00	1.03637750e+00	9.67704790e+00
3.49918100e+00	1.05903200e+00	9.70632406e+00
3.50916000e+00	9.42899000e-01	9.52802481e+00
3.51913900e+00	9.16668500e-01	1.16034908e-01
3.52911800e+00	7.78350000e-01	1.12993688e-01
3.53909600e+00	1.16276250e+00	1.15793097e-01
3.54907500e+00	9.47503500e-01	1.15335767e-01
3.55905400e+00	1.16914150e+00	1.13330308e-01
3.56903300e+00	1.16898000e+00	1.16033173e-01
3.57901200e+00	1.11013800e+00	1.15001217e-01
3.58899100e+00	9.72741000e-01	1.15632881e-01
3.59897000e+00	9.92717000e-01	1.14185610e-01
3.60894800e+00	1.15118100e+00	1.14769205e-01
3.61892700e+00	9.95348000e-01	1.15502938e-01
3.62890600e+00	1.12852250e+00	1.13080786e-01
3.63888500e+00	1.01052150e+00	1.15226181e-01
3.64886400e+00	1.17559150e+00	1.15142340e-01
3.65884300e+00	9.38725500e-01	1.14226359e-01
3.66882200e+00	1.01730900e+00	9.54401435e+00
3.67880000e+00	1.00161600e+00	9.56606852e+00
3.68877900e+00	1.04033950e+00	1.13209405e-01
3.69875800e+00	9.61840000e-01	1.12238070e-01
3.70873700e+00	9.32842000e-01	1.12854642e-01
3.71871600e+00	1.06771300e+00	1.13321818e-01
3.72869500e+00	9.62827500e-01	1.12440687e-01
3.73867400e+00	9.30938500e-01	1.13727110e-01
3.74865200e+00	9.34534000e-01	1.13110763e-01
3.75863100e+00	8.63853500e-01	9.54128367e+00
3.76861000e+00	9.47946500e-01	9.64580229e+00
3.77858900e+00	8.69764500e-01	9.54013906e+00
3.78856800e+00	9.74950500e-01	1.13539974e-01
3.79854700e+00	1.00571600e+00	1.10155790e-01
3.80852500e+00	8.59242500e-01	9.60765372e+00
3.81850400e+00	9.43477000e-01	9.63299901e+00
3.82848300e+00	9.18132500e-01	1.11375182e-01
3.83846200e+00	9.65632500e-01	9.56270675e+00
3.84844100e+00	7.91170000e-01	9.49728937e+00
3.85842000e+00	1.07129700e+00	1.12037101e-01
3.86839900e+00	1.10655150e+00	1.11185927e-01
3.87837700e+00	7.88399000e-01	1.13010370e-01
3.88835600e+00	9.42954000e-01	1.11568497e-01
3.89833500e+00	7.07704500e-01	1.07684706e-01
3.90831400e+00	7.72142000e-01	1.09988350e-01
3.91829300e+00	9.31926500e-01	1.10157211e-01
3.92827200e+00	9.46322500e-01	1.10918554e-01
3.93825100e+00	9.42564000e-01	1.08616943e-01
3.94822900e+00	9.17126000e-01	1.08074277e-01
3.95820800e+00	8.02476500e-01	1.09854433e-01
3.96818700e+00	8.29472500e-01	1.08428577e-01
3.97816600e+00	9.56014500e-01	1.09325409e-01
3.98814500e+00	6.98191500e-01	9.47948870e+00
3.99812400e+00	9.17498000e-01	9.66206519e+00
4.00810300e+00	1.14580350e+00	1.09569178e-01
4.01808100e+00	7.34680500e-01	1.06966398e-01
4.02806000e+00	9.95576500e-01	1.07694126e-01
4.03803900e+00	9.95266000e-01	1.08085023e-01
4.04801800e+00	9.13036000e-01	1.07690039e-01
4.05799700e+00	1.02443050e+00	9.65268943e+00
4.06797600e+00	9.96532500e-01	9.63590310e+00
4.07795500e+00	8.90065500e-01	9.60813181e+00
4.08793300e+00	7.95775000e-01	9.57450393e+00
4.09791200e+00	9.73659000e-01	1.09918572e-01
4.10789100e+00	8.80534500e-01	1.06929601e-01
4.11787000e+00	8.55715000e-01	1.07952372e-01
4.12784900e+00	1.02125850e+00	1.07503906e-01
4.13782800e+00	6.79203500e-01	1.05379945e-01
4.14780700e+00	8.14628500e-01	1.08397465e-01
4.15778500e+00	9.37366000e-01	1.05309414e-01
4.16776400e+00	9.18541000e-01	1.07186605e-01
4.17774300e+00	1.03081400e+00	9.64871283e+00
4.18772200e+00	1.02209000e+00	9.60652501e+00
4.19770100e+00	9.37031000e-01	9.58228272e+00
4.20768000e+00	8.77614000e-01	1.05159652e-01
4.21765800e+00	8.84365500e-01	1.06267988e-01
4.22763700e+00	7.87934500e-01	1.03820146e-01
4.23761600e+00	1.12673850e+00	1.06659437e-01
4.24759500e+00	7.41757000e-01	5.95200887e+00
4.25757400e+00	8.47027500e-01	5.82031112e+00
4.26755300e+00	1.07377350e+00	9.72961832e+00
4.27753200e+00	8.54676500e-01	9.62266449e+00
4.28751000e+00	6.46840000e-01	9.58654355e+00
4.29748900e+00	7.52212000e-01	9.59706953e+00
4.30746800e+00	9.28127000e-01	9.69500267e+00
4.31744700e+00	6.63643000e-01	5.99336463e+00
4.32742600e+00	7.67299000e-01	5.95946409e+00
4.33740500e+00	8.13561000e-01	1.04513873e-01
4.34738400e+00	9.47707000e-01	1.02904276e-01
4.35736200e+00	7.81513500e-01	1.04920540e-01
4.36734100e+00	7.78594500e-01	1.03978521e-01
4.37732000e+00	7.62816500e-01	1.02466379e-01
4.38729900e+00	7.05831500e-01	1.03099849e-01
4.39727800e+00	7.01537500e-01	1.02582490e-01
4.40725700e+00	8.23866000e-01	1.03365462e-01
4.41723600e+00	8.02727000e-01	1.00718138e-01
4.42721400e+00	8.21068500e-01	1.04768446e-01
4.43719300e+00	9.42503000e-01	1.04040369e-01
4.44717200e+00	7.45999000e-01	1.02574930e-01
4.45715100e+00	8.22542500e-01	9.57047854e+00
4.46713000e+00	8.21272000e-01	9.56566747e+00
4.47710900e+00	7.42867000e-01	1.03882012e-01
4.48708800e+00	7.26748000e-01	1.02165633e-01
4.49706600e+00	7.72289000e-01	1.02951753e-01
4.50704500e+00	1.04597750e+00	1.05215111e-01
4.51702400e+00	8.96141000e-01	1.01927118e-01
4.52700300e+00	9.92102500e-01	1.04427297e-01
4.53698200e+00	8.56167500e-01	9.68566378e+00
4.54696100e+00	6.31634500e-01	9.46673874e+00
4.55694000e+00	6.96949500e-01	9.58696481e+00
4.56691800e+00	7.67400500e-01	1.01522846e-01
4.57689700e+00	8.79579000e-01	1.00820913e-01
4.58687600e+00	7.59249500e-01	1.01997267e-01
4.59685500e+00	8.84678000e-01	1.02013184e-01
4.60683400e+00	7.11619500e-01	1.01992500e-01
4.61681300e+00	8.67763000e-01	1.02834562e-01
4.62679100e+00	7.51838500e-01	1.01027543e-01
4.63677000e+00	7.48856000e-01	1.00674773e-01
4.64674900e+00	6.88117500e-01	9.99457292e-02
4.65672800e+00	6.70410500e-01	1.01723688e-01
4.66670700e+00	7.27085500e-01	1.00776905e-01
4.67668600e+00	8.25843500e-01	1.01232126e-01
4.68666500e+00	6.68319500e-01	9.96514543e-02
4.69664300e+00	7.14416500e-01	1.01468505e-01
4.70662200e+00	7.93871000e-01	9.65807869e+00
4.71660100e+00	6.58026000e-01	9.60431462e+00
4.72658000e+00	9.04491000e-01	1.03675219e-01
4.73655900e+00	7.68853500e-01	1.02366321e-01
4.74653800e+00	7.68334000e-01	1.05150995e-01
4.75651700e+00	7.27316500e-01	1.03871660e-01
4.76649500e+00	9.66626000e-01	1.07748664e-01
4.77647400e+00	9.49441500e-01	1.05726795e-01
4.78645300e+00	8.12253500e-01	1.05880705e-01
4.79643200e+00	9.71989000e-01	1.04725878e-01
4.80641100e+00	7.46223000e-01	1.06460850e-01
4.81639000e+00	7.91372000e-01	9.70271956e+00
4.82636900e+00	7.37445500e-01	9.55126991e+00
4.83634700e+00	8.24113500e-01	9.69838406e+00
4.84632600e+00	7.76361000e-01	9.71324159e+00
4.85630500e+00	7.80508500e-01	1.09108257e-01
4.86628400e+00	9.56941000e-01	1.07162040e-01
4.87626300e+00	9.21239000e-01	1.07955959e-01
4.88624200e+00	8.22930500e-01	1.11201420e-01
4.89622100e+00	8.35473500e-01	1.10821251e-01
4.90619900e+00	7.62962500e-01	1.13707029e-01
4.91617800e+00	6.13069000e-01	1.12129220e-01
4.92615700e+00	8.68142000e-01	1.14382926e-01
4.93613600e+00	8.13949000e-01	1.15516457e-01
4.94611500e+00	7.74218500e-01	1.12974527e-01
4.95609400e+00	6.24938000e-01	1.13906636e-01
4.96607300e+00	6.82920000e-01	1.15848454e-01
4.97605100e+00	6.59030000e-01	1.14670259e-01
4.98603000e+00	7.72034500e-01	1.16787246e-01
4.99600900e+00	7.93582000e-01	1.15617478e-01
5.00598800e+00	8.07966000e-01	1.17584324e-01
5.01596700e+00	6.73186500e-01	1.19034870e-01
5.02594600e+00	6.07318500e-01	1.19978101e-01
5.03592400e+00	8.26578500e-01	1.16070531e-01
5.04590300e+00	8.93614000e-01	1.21026091e-01
5.05588200e+00	8.72363500e-01	1.19541708e-01
5.06586100e+00	7.86227000e-01	1.21270433e-01
5.07584000e+00	6.92342500e-01	1.22324065e-01
5.08581900e+00	7.16163000e-01	9.81121129e+00
5.09579800e+00	6.49656500e-01	9.79488364e+00
5.10577600e+00	6.57965500e-01	9.85733793e+00
5.11575500e+00	6.93107000e-01	9.79944555e+00
5.12573400e+00	8.71343500e-01	9.78840792e+00
5.13571300e+00	5.32114500e-01	9.73250067e+00
5.14569200e+00	7.83009500e-01	9.82769355e+00
5.15567100e+00	9.06604000e-01	9.91301147e+00
5.16565000e+00	7.29823500e-01	9.79499651e+00
5.17562800e+00	7.61802500e-01	9.69783146e+00
5.18560700e+00	9.48403500e-01	9.82885117e+00
5.19558600e+00	9.27095000e-01	9.65705239e+00
5.20556500e+00	7.84226000e-01	9.74621653e+00
5.21554400e+00	8.94392000e-01	9.77748392e+00
5.22552300e+00	7.58969500e-01	9.85512107e+00
5.23550200e+00	9.67585500e-01	9.94553495e+00
5.24548000e+00	5.72518500e-01	9.70692170e+00
5.25545900e+00	7.64415000e-01	9.85849834e+00
5.26543800e+00	8.14789500e-01	9.84262945e+00
5.27541700e+00	7.09067000e-01	9.84699339e+00
5.28539600e+00	7.50136500e-01	9.84129053e+00
5.29537500e+00	7.24389000e-01	9.83865949e+00
5.30535400e+00	9.61779000e-01	9.79787791e+00
5.31533200e+00	7.19860000e-01	9.90758800e+00
5.32531100e+00	7.17405000e-01	9.81501956e+00
5.33529000e+00	7.28475500e-01	9.74191225e+00
5.34526900e+00	7.53196500e-01	9.82114797e+00
5.35524800e+00	7.13466500e-01	9.88472926e+00
5.36522700e+00	9.42378500e-01	9.85820029e+00
5.37520500e+00	6.71697000e-01	9.84600969e+00
5.38518400e+00	8.85724500e-01	9.92704010e+00
5.39516300e+00	7.20777000e-01	9.90002452e+00
5.40514200e+00	8.74837500e-01	9.96884662e+00
5.41512100e+00	9.75938500e-01	9.96714070e+00
5.42510000e+00	7.93404000e-01	9.91655956e+00
5.43507900e+00	7.38431000e-01	9.91953531e+00
5.44505700e+00	7.48842000e-01	9.92419516e+00
5.45503600e+00	8.17340000e-01	9.99603812e+00
5.46501500e+00	6.96804000e-01	9.94293557e+00
5.47499400e+00	4.95992000e-01	9.77575509e+00
5.48497300e+00	7.24082000e-01	9.89599125e+00
5.49495200e+00	8.08390500e-01	9.93279227e+00
5.50493100e+00	8.92052000e-01	1.00289697e+01
5.51490900e+00	7.65123500e-01	9.90922475e+00
5.52488800e+00	8.73110000e-01	1.00035296e+01
5.53486700e+00	8.25174000e-01	1.00027105e+01
5.54484600e+00	9.52378500e-01	9.95655165e+00
5.55482500e+00	8.71040000e-01	9.95932732e+00
5.56480400e+00	7.07343500e-01	9.96757762e+00
5.57478300e+00	9.06965000e-01	9.98575761e+00
5.58476100e+00	6.84731000e-01	9.87665195e+00
5.59474000e+00	8.34973500e-01	1.00758596e+01
5.60471900e+00	8.79502500e-01	1.00664421e+01
5.61469800e+00	6.60407000e-01	1.00999216e+01
5.62467700e+00	9.31231000e-01	1.00369758e+01
5.63465600e+00	5.95273000e-01	9.92249080e+00
5.64463500e+00	1.03485100e+00	1.00102323e+01
5.65461300e+00	8.57669000e-01	9.98493961e+00
5.66459200e+00	1.01797100e+00	1.00857429e+01
5.67457100e+00	5.99260000e-01	9.92871749e+00
5.68455000e+00	8.32750500e-01	9.99079073e+00
5.69452900e+00	9.43825000e-01	9.99862757e+00
5.70450800e+00	9.11265000e-01	1.01673008e+01
5.71448700e+00	8.71363000e-01	9.99289094e+00
5.72446500e+00	1.01136700e+00	1.00316910e+01
5.73444400e+00	9.32907500e-01	1.01668785e+01
5.74442300e+00	8.59269500e-01	1.00702696e+01
5.75440200e+00	6.49454500e-01	1.00638432e+01
5.76438100e+00	6.62774000e-01	9.99678443e+00
5.77436000e+00	7.05467000e-01	1.01060833e+01
5.78433800e+00	8.74574500e-01	1.01165064e+01
5.79431700e+00	6.56992500e-01	1.00843949e+01
5.80429600e+00	6.61889500e-01	1.00151323e+01
5.81427500e+00	9.40269000e-01	1.01032330e+01
5.82425400e+00	5.76680500e-01	1.00760000e+01
5.83423300e+00	7.94639000e-01	1.00951471e+01
5.84421200e+00	8.66028000e-01	1.01290443e+01
5.85419000e+00	8.39160000e-01	1.01881019e+01
5.86416900e+00	8.81856000e-01	1.01273546e+01
5.87414800e+00	9.81811500e-01	1.02359072e+01
5.88412700e+00	9.02164500e-01	1.01649128e+01
5.89410600e+00	1.01107150e+00	1.02398091e+01
5.90408500e+00	9.34420500e-01	1.01950421e+01
5.91406400e+00	7.97908500e-01	1.02455664e+01
5.92404200e+00	9.46376000e-01	1.02377691e+01
5.93402100e+00	9.37568000e-01	1.02173835e+01
5.94400000e+00	8.79018000e-01	1.01584100e+01
5.95397900e+00	9.64524000e-01	1.02987807e+01
5.96395800e+00	9.24033500e-01	1.02908275e+01
5.97393700e+00	9.08742000e-01	1.03222251e+01
5.98391600e+00	9.96922000e-01	1.02745609e+01
5.99389400e+00	9.92586500e-01	1.02431129e+01
6.00387300e+00	8.13945500e-01	1.02524378e+01
6.01385200e+00	8.59837500e-01	1.02493597e+01
6.02383100e+00	9.98075000e-01	1.02841592e+01
6.03381000e+00	8.50442500e-01	1.02830572e+01
6.04378900e+00	7.38042500e-01	1.02814925e+01
6.05376800e+00	9.87574000e-01	1.03153355e+01
6.06374600e+00	8.93086000e-01	1.01611293e+01
6.07372500e+00	8.16778000e-01	1.02243428e+01
6.08370400e+00	1.03309800e+00	1.03355093e+01
6.09368300e+00	1.02051600e+00	1.03623086e+01
6.10366200e+00	9.51558500e-01	1.03653053e+01
6.11364100e+00	6.53466500e-01	1.02014400e+01
6.12362000e+00	8.04021500e-01	1.02017487e+01
6.13359800e+00	7.82821000e-01	1.02850947e+01
6.14357700e+00	8.65509500e-01	1.02965478e+01
6.15355600e+00	8.86906500e-01	1.02186247e+01
6.16353500e+00	1.01005050e+00	1.03068418e+01
6.17351400e+00	9.22504500e-01	1.02317773e+01
6.18349300e+00	9.38409500e-01	1.03290594e+01
6.19347100e+00	6.97431500e-01	1.03266792e+01
6.20345000e+00	7.66182000e-01	1.02782723e+01
6.21342900e+00	7.13417000e-01	1.02384873e+01
6.22340800e+00	6.40701500e-01	1.04002343e+01
6.23338700e+00	9.32530500e-01	1.04723067e+01
6.24336600e+00	8.34789000e-01	1.03351618e+01
6.25334500e+00	7.75196000e-01	1.02360313e+01
6.26332300e+00	6.83097500e-01	1.03664366e+01
6.27330200e+00	9.16038000e-01	1.03372676e+01
6.28328100e+00	7.99255000e-01	1.03174676e+01
6.29326000e+00	8.62224500e-01	1.04104923e+01
6.30323900e+00	1.05459600e+00	1.04900335e+01
6.31321800e+00	7.76603500e-01	1.04715362e+01
6.32319700e+00	9.40784000e-01	1.05045944e+01
6.33317500e+00	7.93322500e-01	1.03869354e+01
6.34315400e+00	8.37439000e-01	1.02567183e+01
6.35313300e+00	6.52074500e-01	1.03803405e+01
6.36311200e+00	9.13947500e-01	1.03698830e+01
6.37309100e+00	9.60711000e-01	1.03963112e+01
6.38307000e+00	9.54512000e-01	1.05390454e+01
6.39304900e+00	7.36972000e-01	1.03989554e+01
6.40302700e+00	8.88258500e-01	1.02630110e+01
6.41300600e+00	8.64034000e-01	1.04272157e+01
6.42298500e+00	9.06198000e-01	1.04835245e+01
6.43296400e+00	7.96505500e-01	1.04997168e+01
6.44294300e+00	9.35797500e-01	1.05159581e+01
6.45292200e+00	7.90998500e-01	1.04403088e+01
6.46290100e+00	7.61361000e-01	1.04712119e+01
6.47287900e+00	9.71335500e-01	1.05316991e+01
6.48285800e+00	8.48119000e-01	1.04888136e+01
6.49283700e+00	7.42999500e-01	1.03769681e+01
6.50281600e+00	1.04577950e+00	1.06525158e+01
6.51279500e+00	8.29249500e-01	1.04806868e+01
6.52277400e+00	6.94510500e-01	1.05134977e+01
6.53275300e+00	7.00221000e-01	1.04166054e+01
6.54273100e+00	9.38592000e-01	1.05602239e+01
6.55271000e+00	7.95454000e-01	1.03962467e+01
6.56268900e+00	7.51156500e-01	1.05353004e+01
6.57266800e+00	7.70178000e-01	1.05133950e+01
6.58264700e+00	8.80990000e-01	1.04963852e+01
6.59262600e+00	8.62714000e-01	1.06217635e+01
6.60260400e+00	9.52029500e-01	1.05014666e+01
6.61258300e+00	9.58745500e-01	1.05905784e+01
6.62256200e+00	8.10257000e-01	1.05606286e+01
6.63254100e+00	8.94892500e-01	1.05661317e+01
6.64252000e+00	8.19343500e-01	1.04553988e+01
6.65249900e+00	8.09573500e-01	1.04979823e+01
6.66247800e+00	8.21185000e-01	1.06242784e+01
6.67245600e+00	8.49125500e-01	1.05895479e+01
6.68243500e+00	7.93649000e-01	1.06403302e+01
6.69241400e+00	1.08687250e+00	1.06571541e+01
6.70239300e+00	9.28361000e-01	1.06468761e+01
6.71237200e+00	9.65460000e-01	1.05601289e+01
6.72235100e+00	8.41600500e-01	1.06845134e+01
6.73233000e+00	9.41240500e-01	1.06178204e+01
6.74230800e+00	7.80972000e-01	1.05436648e+01
6.75228700e+00	8.08133000e-01	1.05417745e+01
6.76226600e+00	1.00057700e+00	1.05544079e+01
6.77224500e+00	7.64489000e-01	1.05120777e+01
6.78222400e+00	7.43538000e-01	1.05672897e+01
6.79220300e+00	8.88087500e-01	1.05894006e+01
6.80218200e+00	6.99940000e-01	1.05520410e+01
6.81216000e+00	6.70573500e-01	1.06791237e+01
6.82213900e+00	9.28754500e-01	1.06922322e+01
6.83211800e+00	8.73089500e-01	1.07565044e+01
6.84209700e+00	1.00086100e+00	1.06871665e+01
6.85207600e+00	8.57067000e-01	1.05845296e+01
6.86205500e+00	9.95385000e-01	1.08562988e+01
6.87203400e+00	6.28265500e-01	1.05901772e+01
6.88201200e+00	7.46266500e-01	1.06147504e+01
6.89199100e+00	9.89158500e-01	1.07720281e+01
6.90197000e+00	9.91800500e-01	1.06191667e+01
6.91194900e+00	8.12206000e-01	1.07052375e+01
6.92192800e+00	8.67617500e-01	1.06541655e+01
6.93190700e+00	9.92527000e-01	1.07836090e+01
6.94188600e+00	9.45979500e-01	1.07033579e+01
6.95186400e+00	7.76816500e-01	1.06905316e+01
6.96184300e+00	7.90021000e-01	1.06593222e+01
6.97182200e+00	7.19171500e-01	1.07562312e+01
6.98180100e+00	9.78268000e-01	1.07385486e+01
6.99178000e+00	6.29804000e-01	1.06817238e+01
7.00175900e+00	7.82479500e-01	1.07393751e+01
7.01173700e+00	1.02313950e+00	1.07901285e+01
7.02171600e+00	8.59209000e-01	1.08476679e+01
7.03169500e+00	6.08676500e-01	1.07654623e+01
7.04167400e+00	8.36992500e-01	1.08114513e+01
7.05165300e+00	9.05528500e-01	1.08671945e+01
7.06163200e+00	1.09843950e+00	1.09252516e+01
7.07161100e+00	7.22775000e-01	1.08196914e+01
7.08158900e+00	7.90715500e-01	1.07814495e+01
7.09156800e+00	9.29439000e-01	1.08225703e+01
7.10154700e+00	9.73011500e-01	1.07230833e+01
7.11152600e+00	8.93418500e-01	1.07747276e+01
7.12150500e+00	7.88818500e-01	1.07532767e+01
7.13148400e+00	7.78093000e-01	1.08034207e+01
7.14146300e+00	8.17512000e-01	1.08088163e+01
7.15144100e+00	7.35937500e-01	1.08886819e+01
7.16142000e+00	7.34907000e-01	1.08232000e+01
7.17139900e+00	7.36508000e-01	1.08123076e+01
7.18137800e+00	9.40102000e-01	1.08011793e+01
7.19135700e+00	8.19207000e-01	1.08740521e+01
7.20133600e+00	8.38346500e-01	1.09113167e+01
7.21131500e+00	7.66753000e-01	1.08805022e+01
7.22129300e+00	9.71111000e-01	1.07931472e+01
7.23127200e+00	7.89621000e-01	1.09890387e+01
7.24125100e+00	8.36560000e-01	1.08372557e+01
7.25123000e+00	6.96522500e-01	1.07640004e+01
7.26120900e+00	7.37063000e-01	1.08143738e+01
7.27118800e+00	5.51616000e-01	1.06684311e+01
7.28116700e+00	7.23470500e-01	1.08520655e+01
7.29114500e+00	8.10551500e-01	1.08515861e+01
7.30112400e+00	8.61727000e-01	1.10459510e+01
7.31110300e+00	7.96626000e-01	1.09438650e+01
7.32108200e+00	9.16558000e-01	1.09146222e+01
7.33106100e+00	9.68021500e-01	1.10549613e+01
7.34104000e+00	7.30362000e-01	1.09486289e+01
7.35101900e+00	9.73029500e-01	1.09714290e+01
7.36099700e+00	9.21234500e-01	1.09081122e+01
7.37097600e+00	7.32845500e-01	1.09537494e+01
7.38095500e+00	7.86448500e-01	1.09845257e+01
7.39093400e+00	7.98449500e-01	1.33301646e-01
7.40091300e+00	1.10062950e+00	1.34194065e-01
7.41089200e+00	8.54057500e-01	1.32735319e-01
7.42087000e+00	1.09438250e+00	1.35979084e-01
7.43084900e+00	9.34932000e-01	1.30852420e-01
7.44082800e+00	8.65859000e-01	1.34062927e-01
7.45080700e+00	1.03649200e+00	1.34255913e-01
7.46078600e+00	8.21297500e-01	1.10063185e+01
7.47076500e+00	6.24439500e-01	1.09447392e+01
7.48074400e+00	7.98813500e-01	1.34398104e-01
7.49072200e+00	1.04535800e+00	1.33647796e-01
7.50070100e+00	1.06282950e+00	1.35077274e-01
7.51068000e+00	7.83119500e-01	1.34763162e-01
7.52065900e+00	7.17094000e-01	1.09937183e+01
7.53063800e+00	8.85947500e-01	1.09672519e+01
7.54061700e+00	9.59872500e-01	1.10747828e+01
7.55059600e+00	9.33576500e-01	1.12074278e+01
7.56057400e+00	1.10520250e+00	1.11344744e+01
7.57055300e+00	8.31756500e-01	1.10089530e+01
7.58053200e+00	7.98566000e-01	1.11000716e+01
7.59051100e+00	6.85940000e-01	1.09833795e+01
7.60049000e+00	8.07944000e-01	1.10914520e+01
7.61046900e+00	8.86547000e-01	1.11018625e+01
7.62044800e+00	7.03017500e-01	1.10458553e+01
7.63042600e+00	8.75105500e-01	1.10919175e+01
7.64040500e+00	9.45695000e-01	1.12371769e+01
7.65038400e+00	5.64852000e-01	1.32427803e-01
7.66036300e+00	9.77989000e-01	1.11460703e+01
7.67034200e+00	8.69382000e-01	1.12089404e+01
7.68032100e+00	5.97198000e-01	1.30648981e-01
7.69030000e+00	7.50097500e-01	1.33231164e-01
7.70027800e+00	9.65546500e-01	1.33067256e-01
7.71025700e+00	9.59321500e-01	1.33966609e-01
7.72023600e+00	1.06388000e+00	1.12826758e+01
7.73021500e+00	8.64568500e-01	1.10813106e+01
7.74019400e+00	8.06247000e-01	1.32776321e-01
7.75017300e+00	8.58374000e-01	1.33088710e-01
7.76015100e+00	7.94752000e-01	1.35617642e-01
7.77013000e+00	8.11603000e-01	1.39202776e-01
7.78010900e+00	9.39164000e-01	1.36258093e-01
7.79008800e+00	8.41488000e-01	1.36392610e-01
7.80006700e+00	7.84941000e-01	1.34304724e-01
7.81004600e+00	8.52626000e-01	1.35994310e-01
7.82002500e+00	6.74425000e-01	1.36576026e-01
7.83000300e+00	9.68161500e-01	1.37407759e-01
7.83998200e+00	9.30996500e-01	1.12664094e+01
7.84996100e+00	9.72627500e-01	1.12843008e+01
7.85994000e+00	7.95203500e-01	1.35920126e-01
7.86991900e+00	9.27641000e-01	1.36445775e-01
7.87989800e+00	9.05605000e-01	1.37439352e-01
7.88987700e+00	7.51710500e-01	1.33109459e-01
7.89985500e+00	1.25596950e+00	1.14062336e+01
7.90983400e+00	9.57011500e-01	1.12273337e+01
7.91981300e+00	6.54564500e-01	1.34039792e-01
7.92979200e+00	8.18679000e-01	1.38962231e-01
7.93977100e+00	6.54476500e-01	1.36473087e-01
7.94975000e+00	7.35002000e-01	1.35719924e-01
7.95972900e+00	6.57498500e-01	1.11895181e+01
7.96970700e+00	1.02357300e+00	1.14308052e+01
7.97968600e+00	7.15713000e-01	1.12750376e+01
7.98966500e+00	9.14068000e-01	1.36506374e-01
7.99964400e+00	6.81692000e-01	1.37226811e-01
8.00962300e+00	8.10247000e-01	1.38215526e-01
8.01960200e+00	7.11837500e-01	1.38006677e-01
8.02958100e+00	1.03199000e+00	1.41735700e-01
8.03955900e+00	7.27398000e-01	1.34923680e-01
8.04953800e+00	1.01136350e+00	1.37675864e-01
8.05951700e+00	8.16861500e-01	1.35862380e-01
8.06949600e+00	7.08517000e-01	1.35559559e-01
8.07947500e+00	7.84519500e-01	1.35356055e-01
8.08945400e+00	6.70951000e-01	1.37893690e-01
8.09943300e+00	5.61862500e-01	1.38407817e-01
8.10941100e+00	7.84637500e-01	1.38846958e-01
8.11939000e+00	7.71484500e-01	1.37580415e-01
8.12936900e+00	8.03449000e-01	1.13003002e+01
8.13934800e+00	5.15141000e-01	1.12906828e+01
8.14932700e+00	7.92861500e-01	1.34971607e-01
8.15930600e+00	5.67484500e-01	1.38253260e-01
8.16928400e+00	1.14409550e+00	1.39164984e-01
8.17926300e+00	9.78647000e-01	1.40968933e-01
8.18924200e+00	7.68892000e-01	1.36197887e-01
8.19922100e+00	9.95509000e-01	1.40916071e-01
8.20920000e+00	9.81276000e-01	1.38929990e-01
8.21917900e+00	7.23145000e-01	1.39794305e-01
8.22915800e+00	7.07504000e-01	1.39787152e-01
8.23913600e+00	9.75590500e-01	1.39864730e-01
8.24911500e+00	1.11659450e+00	1.41421957e-01
8.25909400e+00	8.57655500e-01	1.40177216e-01
8.26907300e+00	8.99277500e-01	1.38865771e-01
8.27905200e+00	7.11087500e-01	1.37477680e-01
8.28903100e+00	8.50682000e-01	1.14306943e+01
8.29901000e+00	8.75969500e-01	1.14089010e+01
8.30898800e+00	6.63671000e-01	1.40161437e-01
8.31896700e+00	8.35644500e-01	1.40915657e-01
8.32894600e+00	6.65693500e-01	1.37729549e-01
8.33892500e+00	1.12776550e+00	1.41007318e-01
8.34890400e+00	9.18418000e-01	1.38340317e-01
8.35888300e+00	7.67836500e-01	1.37753722e-01
8.36886200e+00	8.50545500e-01	1.39486404e-01
8.37884000e+00	7.36831000e-01	1.14053860e+01
8.38881900e+00	8.03231500e-01	1.14674367e+01
8.39879800e+00	8.54197000e-01	1.16014570e+01
8.40877700e+00	8.02023000e-01	1.15601783e+01
8.41875600e+00	9.06409500e-01	1.15214080e+01
8.42873500e+00	9.85184500e-01	1.16073835e+01
8.43871400e+00	1.00184300e+00	1.15772122e+01
8.44869200e+00	8.95183000e-01	1.38946826e-01
8.45867100e+00	8.28100500e-01	1.42794199e-01
8.46865000e+00	7.58530000e-01	1.40983212e-01
8.47862900e+00	7.77819500e-01	1.16506364e+01
8.48860800e+00	5.94002000e-01	1.14725933e+01
8.49858700e+00	9.12112500e-01	1.14686955e+01
8.50856600e+00	1.27044300e+00	1.17161228e+01
8.51854400e+00	7.21016000e-01	1.14774901e+01
8.52852300e+00	8.83892500e-01	1.14694606e+01
8.53850200e+00	8.61237500e-01	1.16659690e+01
8.54848100e+00	6.88655500e-01	1.16672454e+01
8.55846000e+00	9.54210500e-01	1.15612288e+01
8.56843900e+00	7.45731000e-01	1.16222766e+01
8.57841700e+00	8.39140000e-01	1.40480571e-01
8.58839600e+00	8.96634500e-01	1.44089605e-01
8.59837500e+00	8.76265000e-01	1.15726110e+01
8.60835400e+00	6.42632000e-01	1.15555845e+01
8.61833300e+00	8.99700000e-01	1.40186161e-01
8.62831200e+00	6.15767500e-01	1.41494832e-01
8.63829100e+00	9.39994000e-01	1.42949156e-01
8.64826900e+00	9.94738500e-01	1.40840196e-01
8.65824800e+00	1.10179600e+00	1.41032182e-01
8.66822700e+00	9.54784000e-01	1.45580710e-01
8.67820600e+00	7.56779500e-01	1.39784198e-01
8.68818500e+00	8.77563000e-01	1.41922778e-01
8.69816400e+00	9.21752000e-01	1.43726239e-01
8.70814300e+00	7.56683500e-01	1.41585612e-01
8.71812100e+00	6.05770500e-01	1.42361145e-01
8.72810000e+00	6.52307000e-01	1.42591196e-01
8.73807900e+00	9.83155500e-01	1.17688138e+01
8.74805800e+00	7.54823500e-01	1.16986226e+01
8.75803700e+00	1.04590250e+00	1.43580940e-01
8.76801600e+00	6.92211500e-01	1.43122362e-01
8.77799500e+00	8.10680000e-01	1.43002784e-01
8.78797300e+00	8.07728000e-01	1.44510273e-01
8.79795200e+00	1.03643800e+00	1.42202787e-01
8.80793100e+00	9.52477000e-01	1.17530104e+01
8.81791000e+00	8.19720000e-01	1.18302819e+01
8.82788900e+00	8.09472000e-01	1.16866657e+01
8.83786800e+00	8.15448000e-01	1.17801383e+01
8.84784700e+00	8.21649500e-01	1.46988923e-01
8.85782500e+00	8.34117500e-01	1.17129918e+01
8.86780400e+00	5.06307000e-01	1.16684868e+01
8.87778300e+00	5.45798000e-01	1.17013806e+01
8.88776200e+00	9.29530000e-01	1.17659252e+01
8.89774100e+00	1.12652600e+00	1.41722496e-01
8.90772000e+00	7.30521000e-01	1.43004381e-01
8.91769900e+00	9.23734500e-01	1.43588632e-01
8.92767700e+00	8.28281000e-01	1.46756611e-01
8.93765600e+00	8.73307500e-01	1.44219165e-01
8.94763500e+00	8.10876500e-01	1.18118809e+01
8.95761400e+00	6.21253000e-01	1.16423456e+01
8.96759300e+00	9.90995500e-01	1.43651051e-01
8.97757200e+00	8.60139500e-01	1.45328078e-01
8.98755000e+00	9.38098000e-01	1.44893903e-01
8.99752900e+00	7.24880500e-01	1.45141455e-01
9.00750800e+00	8.39186500e-01	1.46241249e-01
9.01748700e+00	1.11413500e+00	1.46287805e-01
9.02746600e+00	8.13878500e-01	1.42937944e-01
9.03744500e+00	8.83502500e-01	1.44568402e-01
9.04742400e+00	6.59222500e-01	1.44925731e-01
9.05740200e+00	8.61205500e-01	1.18232790e+01
9.06738100e+00	9.61691500e-01	1.18397036e+01
9.07736000e+00	1.02780050e+00	1.46688705e-01
9.08733900e+00	7.13021500e-01	1.45431234e-01
9.09731800e+00	8.58183500e-01	1.46274520e-01
9.10729700e+00	9.31531000e-01	1.49714693e-01
9.11727600e+00	9.11561000e-01	1.45604262e-01
9.12725400e+00	9.62194000e-01	1.44696795e-01
9.13723300e+00	9.04794500e-01	1.47259582e-01
9.14721200e+00	8.37544000e-01	1.46079062e-01
9.15719100e+00	6.48141500e-01	1.46507619e-01
9.16717000e+00	7.48678000e-01	1.48961793e-01
9.17714900e+00	9.43269000e-01	1.46144882e-01
9.18712800e+00	9.30948500e-01	1.45476802e-01
9.19710600e+00	1.19699150e+00	1.19127830e+01
9.20708500e+00	7.36025000e-01	1.19524261e+01
9.21706400e+00	6.61797500e-01	1.18879203e+01
9.22704300e+00	9.60077500e-01	1.46781582e-01
9.23702200e+00	8.01537500e-01	1.45976964e-01
9.24700100e+00	6.80539500e-01	1.45669980e-01
9.25698000e+00	5.75129000e-01	1.45474766e-01
9.26695800e+00	1.16059400e+00	1.48690759e-01
9.27693700e+00	7.07347500e-01	1.43783703e-01
9.28691600e+00	6.80931000e-01	1.19305619e+01
9.29689500e+00	8.86184500e-01	1.19225203e+01
9.30687400e+00	9.85391500e-01	1.20468705e+01
9.31685300e+00	8.35545500e-01	1.20459085e+01
9.32683200e+00	8.64996500e-01	1.49512971e-01
9.33681000e+00	8.52782500e-01	1.47391354e-01
9.34678900e+00	7.35667500e-01	1.44427622e-01
9.35676800e+00	9.80656500e-01	1.48182158e-01
9.36674700e+00	5.39950000e-01	1.47785586e-01
9.37672600e+00	1.09658350e+00	1.49245975e-01
9.38670500e+00	9.37878500e-01	1.20798216e+01
9.39668300e+00	8.30500000e-01	1.21205420e+01
9.40666200e+00	9.76551000e-01	1.46399983e-01
9.41664100e+00	7.18998000e-01	1.46050328e-01
9.42662000e+00	1.11917750e+00	1.52687959e-01
9.43659900e+00	1.08492050e+00	1.48685410e-01
9.44657800e+00	9.58621500e-01	1.47512011e-01
9.45655700e+00	1.21776600e+00	1.49506416e-01
9.46653500e+00	1.19175450e+00	1.47740362e-01
9.47651400e+00	9.98446000e-01	1.49986198e-01
9.48649300e+00	8.15704500e-01	1.48018053e-01
9.49647200e+00	9.71511500e-01	1.46822968e-01
9.50645100e+00	7.23338000e-01	1.48883217e-01
9.51643000e+00	1.15650950e+00	1.49617039e-01
9.52640900e+00	9.12218000e-01	1.47705642e-01
9.53638700e+00	1.08262650e+00	1.52218312e-01
9.54636600e+00	1.09032200e+00	1.48051673e-01
9.55634500e+00	8.91757500e-01	1.48507715e-01
9.56632400e+00	1.11320200e+00	1.52518137e-01
9.57630300e+00	9.83557000e-01	1.51897237e-01
9.58628200e+00	9.32288000e-01	1.49097219e-01
9.59626100e+00	6.44805000e-01	1.21149795e+01
9.60623900e+00	8.37489500e-01	1.21251806e+01
9.61621800e+00	1.06818800e+00	1.21839493e+01
9.62619700e+00	9.50496000e-01	1.48236638e-01
9.63617600e+00	9.41600000e-01	1.51988952e-01
9.64615500e+00	9.36329000e-01	1.49709506e-01
9.65613400e+00	8.06362000e-01	1.47059700e-01
9.66611300e+00	9.58243500e-01	1.50228645e-01
9.67609100e+00	7.79936500e-01	1.43027724e-01
9.68607000e+00	8.22959000e-01	1.49330353e-01
9.69604900e+00	7.88432000e-01	1.50045223e-01
9.70602800e+00	1.08208150e+00	1.50478625e-01
9.71600700e+00	1.09229150e+00	1.51298184e-01
9.72598600e+00	7.95516000e-01	1.51414919e-01
9.73596400e+00	6.50799000e-01	1.22508399e+01
9.74594300e+00	8.44786000e-01	1.22708002e+01
9.75592200e+00	1.05755200e+00	1.22950796e+01
9.76590100e+00	1.16191100e+00	1.50822127e-01
9.77588000e+00	8.11583500e-01	1.20916730e+01
9.78585900e+00	1.03726200e+00	1.22886783e+01
9.79583800e+00	9.96798000e-01	1.50201303e-01
9.80581600e+00	6.61851500e-01	1.53176016e-01
9.81579500e+00	7.29049500e-01	1.50354599e-01
9.82577400e+00	1.16512700e+00	1.50257857e-01
9.83575300e+00	9.54835000e-01	1.50143387e-01
9.84573200e+00	9.48073500e-01	1.51192519e-01
9.85571100e+00	1.04424950e+00	1.49956958e-01
9.86569000e+00	8.05731500e-01	1.50638787e-01
9.87566800e+00	8.56947500e-01	1.53793014e-01
9.88564700e+00	9.12907000e-01	1.48887797e-01
9.89562600e+00	1.08291950e+00	1.52391319e-01
9.90560500e+00	8.43576500e-01	1.52977223e-01
9.91558400e+00	1.09144800e+00	1.50346684e-01
9.92556300e+00	1.05399600e+00	1.52090515e-01
9.93554200e+00	9.25123500e-01	1.51154903e-01
9.94552000e+00	1.19341900e+00	1.49656796e-01
9.95549900e+00	5.95496500e-01	1.50380332e-01
9.96547800e+00	1.00302700e+00	1.56337044e-01
9.97545700e+00	1.02603900e+00	1.24377429e+01
9.98543600e+00	9.87695500e-01	1.24247821e+01
9.99541500e+00	8.90386500e-01	1.23641110e+01
1.00053900e+01	1.05798650e+00	1.52693763e-01
1.00153700e+01	9.88523000e-01	1.24770689e+01
1.00253500e+01	8.22557000e-01	1.24088868e+01
1.00353300e+01	1.10686500e+00	1.25614371e+01
1.00453100e+01	1.05651100e+00	1.25226772e+01
1.00552900e+01	1.07066500e+00	1.26327610e+01
1.00652700e+01	1.05670100e+00	1.58466838e-01
1.00752500e+01	8.07639000e-01	1.59843933e-01
1.00852200e+01	9.14047000e-01	1.64223120e-01
1.00952000e+01	8.80678000e-01	1.24693034e+01
1.01051800e+01	1.01885850e+00	1.69873849e-01
1.01151600e+01	6.62885500e-01	1.72305253e-01
1.01251400e+01	1.00663100e+00	1.24953464e+01
1.01351200e+01	1.09731700e+00	1.26363645e+01
1.01451000e+01	7.76828500e-01	1.76533640e-01
1.01550800e+01	9.40008500e-01	1.78980212e-01
1.01650600e+01	1.01740650e+00	1.80292028e-01
1.01750300e+01	9.26882500e-01	1.79362585e-01
1.01850100e+01	9.48915000e-01	1.82983836e-01
1.01949900e+01	1.04705300e+00	1.85052640e-01
