q[nm-1]	I(q)[sr-1]_mult(Lyso_Buffer_2_000_350.dat_00001_[</fileinfo>]*0.7000)	error
0.00000000e+00	0.00000000e+00	0.00000000e+00
0.00000000e+00	2.44999930e+02	0.00000000e+00
2.26117100e-01	1.14355640e+01	4.89565090e-01
2.36095900e-01	1.01658620e+01	3.68819360e-01
2.46074800e-01	8.41905400e+00	2.08404840e-01
2.56053600e-01	7.49347900e+00	1.67337520e-01
2.66032500e-01	6.93357350e+00	1.38967780e-01
2.76011300e-01	6.64483120e+00	1.22988600e-01
2.85990200e-01	6.19937850e+00	1.04226990e-01
2.95969000e-01	5.65554920e+00	9.57534200e-02
3.05947900e-01	5.58816160e+00	8.66854100e-02
3.15926800e-01	5.18504350e+00	8.55932700e-02
3.25905600e-01	4.91885520e+00	8.06326500e-02
3.35884500e-01	4.73578630e+00	7.65073400e-02
3.45863300e-01	4.46352410e+00	7.55150900e-02
3.55842200e-01	4.35568280e+00	7.04863600e-02
3.65821000e-01	4.20550340e+00	6.93886340e-02
3.75799900e-01	4.10867730e+00	6.75912160e-02
3.85778700e-01	4.01198000e+00	6.49948600e-02
3.95757600e-01	3.81037230e+00	6.30812910e-02
4.05736400e-01	3.84938750e+00	6.18576770e-02
4.15715300e-01	3.72905680e+00	6.22625290e-02
4.25694100e-01	3.64089250e+00	4.76948150e+00
4.35673000e-01	3.58768620e+00	4.73450390e+00
4.45651900e-01	3.52221100e+00	4.69110250e+00
4.55630700e-01	3.41729430e+00	5.51424370e-02
4.65609600e-01	3.46902570e+00	4.65554950e+00
4.75588400e-01	3.38492000e+00	4.59876690e+00
4.85567300e-01	3.38736930e+00	4.60043080e+00
4.95546100e-01	3.39781120e+00	4.60751620e+00
5.05525000e-01	3.31594550e+00	5.23238520e-02
5.15503800e-01	3.19014500e+00	5.16718370e-02
5.25482700e-01	3.24698080e+00	5.08329010e-02
5.35461500e-01	3.18706290e+00	5.04736750e-02
5.45440400e-01	3.11845170e+00	4.99722020e-02
5.55419200e-01	3.11267530e+00	4.82250720e-02
5.65398100e-01	3.07767180e+00	4.94465930e-02
5.75376900e-01	3.08289730e+00	4.84855140e-02
5.85355800e-01	3.04738560e+00	4.78945180e-02
5.95334700e-01	3.16965110e+00	4.77187830e-02
6.05313500e-01	3.00228670e+00	4.53932710e-02
6.15292400e-01	3.06770660e+00	4.79467310e-02
6.25271200e-01	2.95401540e+00	4.64012150e-02
6.35250100e-01	3.00658120e+00	4.56926680e-02
6.45228900e-01	2.94473270e+00	4.60345060e-02
6.55207800e-01	2.90458210e+00	4.47515530e-02
6.65186600e-01	2.93402270e+00	4.71366490e-02
6.75165500e-01	2.97354050e+00	4.48268590e-02
6.85144300e-01	2.94993370e+00	4.53739300e-02
6.95123200e-01	2.88734950e+00	4.39112170e-02
7.05102000e-01	2.82350740e+00	4.40005650e-02
7.15080900e-01	2.84536630e+00	4.39691140e-02
7.25059700e-01	2.86032810e+00	4.22741760e+00
7.35038600e-01	2.90038560e+00	4.25691630e+00
7.45017500e-01	2.89698290e+00	4.25441870e+00
7.54996300e-01	2.88621830e+00	4.44417470e-02
7.64975200e-01	2.87224770e+00	4.27948990e-02
7.74954000e-01	2.80524650e+00	4.21426040e-02
7.84932900e-01	2.77959010e+00	4.14394190e-02
7.94911700e-01	2.77201750e+00	4.12490610e-02
8.04890600e-01	2.82425640e+00	4.24989670e-02
8.14869400e-01	2.76658480e+00	4.08097270e-02
8.24848300e-01	2.76821930e+00	4.16512670e-02
8.34827100e-01	2.74968190e+00	4.11607770e-02
8.44806000e-01	2.77940320e+00	4.03105150e-02
8.54784800e-01	2.76038420e+00	4.03939200e-02
8.64763700e-01	2.77002180e+00	4.00413230e-02
8.74742600e-01	2.70913720e+00	3.95167990e-02
8.84721400e-01	2.75817920e+00	4.01002840e-02
8.94700300e-01	2.73880810e+00	3.98514690e-02
9.04679100e-01	2.74099840e+00	3.98781880e-02
9.14658000e-01	2.73482860e+00	3.83640600e-02
9.24636800e-01	2.67067360e+00	3.88121090e-02
9.34615700e-01	2.73149940e+00	3.90920390e-02
9.44594500e-01	2.75081380e+00	3.88692500e-02
9.54573400e-01	2.70687480e+00	3.88591980e-02
9.64552200e-01	2.73747880e+00	3.78235830e-02
9.74531100e-01	2.73164220e+00	3.87441250e-02
9.84509900e-01	2.67000370e+00	4.08435160e+00
9.94488800e-01	2.69184510e+00	4.10102350e+00
1.00446800e+00	2.68691500e+00	3.79994790e-02
1.01444700e+00	2.66988680e+00	4.08426270e+00
1.02442500e+00	2.68331630e+00	4.09452190e+00
1.03440400e+00	2.69850770e+00	4.10609570e+00
1.04438300e+00	2.67321110e+00	3.63657420e-02
1.05436200e+00	2.67221220e+00	3.72869770e-02
1.06434100e+00	2.64792220e+00	3.66056740e-02
1.07432000e+00	2.70742570e+00	3.68791780e-02
1.08429800e+00	2.68516500e+00	3.64708610e-02
1.09427700e+00	2.64188820e+00	3.56556270e-02
1.10425600e+00	2.63621610e+00	3.58140440e-02
1.11423500e+00	2.62172680e+00	4.04725860e+00
1.12421400e+00	2.66269500e+00	4.07875790e+00
1.13419300e+00	2.60763300e+00	3.53936380e-02
1.14417200e+00	2.61087960e+00	3.48760440e-02
1.15415000e+00	2.65679260e+00	3.57659120e-02
1.16412900e+00	2.71807060e+00	3.55662860e-02
1.17410800e+00	2.65558930e+00	3.47604250e-02
1.18408700e+00	2.64765480e+00	3.53978450e-02
1.19406600e+00	2.69755150e+00	3.45329180e-02
1.20404500e+00	2.66233310e+00	3.55498360e-02
1.21402400e+00	2.66505960e+00	3.45068010e-02
1.22400200e+00	2.62367700e+00	3.39416980e-02
1.23398100e+00	2.64942860e+00	3.44465520e-02
1.24396000e+00	2.65115060e+00	3.47025700e-02
1.25393900e+00	2.66854420e+00	3.45325190e-02
1.26391800e+00	2.61206050e+00	3.35123600e-02
1.27389700e+00	2.60700510e+00	3.36823480e-02
1.28387600e+00	2.60265250e+00	4.03250890e+00
1.29385400e+00	2.65503770e+00	4.07288910e+00
1.30383300e+00	2.63496730e+00	3.43878850e-02
1.31381200e+00	2.64211220e+00	3.32095960e-02
1.32379100e+00	2.57789630e+00	3.33004350e-02
1.33377000e+00	2.63677260e+00	3.26347630e-02
1.34374900e+00	2.62218880e+00	3.34504240e-02
1.35372800e+00	2.61098460e+00	3.29258510e-02
1.36370600e+00	2.65924260e+00	3.27449780e-02
1.37368500e+00	2.60267770e+00	3.28544790e-02
1.38366400e+00	2.59280000e+00	3.26664870e-02
1.39364300e+00	2.52604800e+00	3.15383880e-02
1.40362200e+00	2.62835930e+00	3.27240060e-02
1.41360100e+00	2.62942470e+00	4.05319600e+00
1.42357900e+00	2.59674870e+00	4.02793230e+00
1.43355800e+00	2.58652380e+00	3.18549910e-02
1.44353700e+00	2.56858350e+00	3.17462810e-02
1.45351600e+00	2.56628190e+00	3.16694700e-02
1.46349500e+00	2.61724190e+00	3.14214740e-02
1.47347400e+00	2.57054420e+00	3.17570680e-02
1.48345300e+00	2.56350080e+00	3.11327100e-02
1.49343100e+00	2.57961900e+00	3.18040660e-02
1.50341000e+00	2.57773110e+00	3.14230840e-02
1.51338900e+00	2.62089870e+00	3.14012440e-02
1.52336800e+00	2.53997590e+00	3.13989410e-02
1.53334700e+00	2.57703810e+00	3.05248300e-02
1.54332600e+00	2.52379540e+00	3.97094880e+00
1.55330500e+00	2.54110640e+00	3.98454420e+00
1.56328300e+00	2.62368330e+00	3.09588090e-02
1.57326200e+00	2.57754070e+00	3.14064520e-02
1.58324100e+00	2.59747950e+00	3.05559520e-02
1.59322000e+00	2.58470520e+00	3.04932460e-02
1.60319900e+00	2.58841800e+00	3.04537170e-02
1.61317800e+00	2.56393130e+00	3.01501060e-02
1.62315700e+00	2.54548210e+00	3.01365190e-02
1.63313500e+00	2.55234350e+00	2.98469710e-02
1.64311400e+00	2.57779270e+00	3.01336280e-02
1.65309300e+00	2.54881480e+00	2.97108770e-02
1.66307200e+00	2.53740760e+00	2.97265920e-02
1.67305100e+00	2.49292470e+00	2.93020490e-02
1.68303000e+00	2.59610680e+00	2.95398670e-02
1.69300900e+00	2.52335440e+00	2.96887290e-02
1.70298700e+00	2.55451910e+00	2.91847990e-02
1.71296600e+00	2.55818150e+00	2.95223530e-02
1.72294500e+00	2.53040200e+00	2.91058740e-02
1.73292400e+00	2.51833540e+00	2.86959890e-02
1.74290300e+00	2.57507740e+00	2.93879740e-02
1.75288200e+00	2.55301200e+00	2.88667120e-02
1.76286100e+00	2.50482680e+00	2.88949010e-02
1.77283900e+00	2.53977500e+00	2.85430740e-02
1.78281800e+00	2.58574750e+00	2.92561360e-02
1.79279700e+00	2.48304070e+00	2.87649040e-02
1.80277600e+00	2.54004800e+00	2.85829530e-02
1.81275500e+00	2.54401910e+00	2.86874420e-02
1.82273400e+00	2.56192650e+00	2.85433330e-02
1.83271200e+00	2.54287180e+00	3.98592810e+00
1.84269100e+00	2.52066220e+00	3.96848340e+00
1.85267000e+00	2.53671250e+00	3.98109810e+00
1.86264900e+00	2.56073020e+00	3.99990010e+00
1.87262800e+00	2.50071150e+00	2.78588730e-02
1.88260700e+00	2.53433950e+00	2.82880920e-02
1.89258600e+00	2.54415000e+00	2.85487440e-02
1.90256400e+00	2.54243780e+00	3.98558790e+00
1.91254300e+00	2.51333390e+00	3.96271050e+00
1.92252200e+00	2.53103900e+00	2.77360930e-02
1.93250100e+00	2.51336890e+00	2.76176110e-02
1.94248000e+00	2.48850560e+00	2.77624410e-02
1.95245900e+00	2.52534240e+00	2.70860170e-02
1.96243800e+00	2.60329370e+00	2.82696400e-02
1.97241600e+00	2.55122840e+00	2.74428840e-02
1.98239500e+00	2.52639240e+00	2.74463630e-02
1.99237400e+00	2.50273730e+00	2.74819790e-02
2.00235300e+00	2.50350730e+00	2.72538490e-02
2.01233200e+00	2.48854270e+00	2.73473270e-02
2.02231100e+00	2.51549130e+00	2.65892690e-02
2.03229000e+00	2.48631040e+00	2.69621170e-02
2.04226800e+00	2.50147310e+00	2.69270960e-02
2.05224700e+00	2.49487700e+00	2.67549030e-02
2.06222600e+00	2.48233860e+00	2.68598260e-02
2.07220500e+00	2.49010720e+00	2.66053060e-02
2.08218400e+00	2.53292690e+00	2.68032660e-02
2.09216300e+00	2.52271250e+00	2.73817950e-02
2.10214200e+00	2.50682320e+00	2.66259840e-02
2.11212000e+00	2.48845310e+00	2.66325640e-02
2.12209900e+00	2.49998840e+00	2.62678920e-02
2.13207800e+00	2.49441640e+00	2.62712380e-02
2.14205700e+00	2.49888240e+00	3.95130120e+00
2.15203600e+00	2.49011910e+00	3.94436700e+00
2.16201500e+00	2.49609570e+00	2.61007600e-02
2.17199400e+00	2.57128480e+00	4.00813490e+00
2.18197200e+00	2.51202490e+00	3.96167800e+00
2.19195100e+00	2.54125200e+00	3.98465830e+00
2.20193000e+00	2.54182810e+00	3.98511050e+00
2.21190900e+00	2.53599430e+00	2.59703710e-02
2.22188800e+00	2.53409310e+00	2.59440370e-02
2.23186700e+00	2.50881120e+00	2.58282640e-02
2.24184500e+00	2.49598650e+00	2.58339760e-02
2.25182400e+00	2.48896410e+00	2.58552070e-02
2.26180300e+00	2.47273320e+00	2.52528780e-02
2.27178200e+00	2.51090630e+00	2.52754040e-02
2.28176100e+00	2.45761530e+00	2.55979500e-02
2.29174000e+00	2.49040960e+00	2.52780500e-02
2.30171900e+00	2.47277380e+00	2.51808130e-02
2.31169700e+00	2.48292380e+00	2.51918030e-02
2.32167600e+00	2.47919210e+00	2.51065710e-02
2.33165500e+00	2.49529630e+00	2.49159260e-02
2.34163400e+00	2.50619670e+00	2.46492330e-02
2.35161300e+00	2.50812800e+00	2.49987010e-02
2.36159200e+00	2.50195960e+00	2.51291460e-02
2.37157100e+00	2.49585630e+00	2.51671840e-02
2.38154900e+00	2.50835060e+00	2.53047060e-02
2.39152800e+00	2.50771780e+00	2.45779380e-02
2.40150700e+00	2.46386350e+00	2.48753750e-02
2.41148600e+00	2.50165930e+00	2.48479420e-02
2.42146500e+00	2.51123880e+00	2.46492470e-02
2.43144400e+00	2.50040070e+00	2.49354770e-02
2.44142300e+00	2.49867380e+00	2.45175000e-02
2.45140100e+00	2.51863990e+00	2.51892410e-02
2.46138000e+00	2.50520270e+00	2.50242930e-02
2.47135900e+00	2.50433190e+00	2.48242470e-02
2.48133800e+00	2.50062400e+00	2.44230630e-02
2.49131700e+00	2.49344970e+00	2.43253220e-02
2.50129600e+00	2.51855800e+00	2.47124780e-02
2.51127500e+00	2.53785350e+00	2.46132460e-02
2.52125300e+00	2.50542950e+00	3.95647420e+00
2.53123200e+00	2.48641120e+00	3.94142910e+00
2.54121100e+00	2.51661690e+00	2.43239500e-02
2.55119000e+00	2.51202980e+00	2.45245280e-02
2.56116900e+00	2.52881510e+00	2.41680880e-02
2.57114800e+00	2.45698810e+00	2.39574510e-02
2.58112700e+00	2.52633710e+00	2.44029800e-02
2.59110500e+00	2.46178170e+00	2.37323590e-02
2.60108400e+00	2.46312570e+00	2.38477470e-02
2.61106300e+00	2.48929940e+00	3.94371740e+00
2.62104200e+00	2.43800340e+00	3.90287310e+00
2.63102100e+00	2.53895320e+00	3.98285580e+00
2.64100000e+00	2.46135890e+00	2.37774250e-02
2.65097800e+00	2.48389540e+00	2.37866300e-02
2.66095700e+00	2.52232820e+00	2.40225300e-02
2.67093600e+00	2.51896470e+00	2.39763300e-02
2.68091500e+00	2.47822470e+00	2.38545650e-02
2.69089400e+00	2.50232430e+00	3.00450780e-02
2.70087300e+00	2.49152400e+00	2.36093760e-02
2.71085200e+00	2.46870680e+00	3.92737100e+00
2.72083000e+00	2.46240960e+00	3.92235970e+00
2.73080900e+00	2.43725230e+00	3.90227110e+00
2.74078800e+00	2.47483110e+00	2.38255360e-02
2.75076700e+00	2.46157730e+00	3.92169680e+00
2.76074600e+00	2.50988150e+00	3.95998820e+00
2.77072500e+00	2.47693530e+00	2.34230990e-02
2.78070400e+00	2.48928610e+00	2.31040460e-02
2.79068200e+00	2.50552680e+00	2.36298930e-02
2.80066100e+00	2.47541700e+00	2.30830110e-02
2.81064000e+00	2.48411730e+00	2.30003970e-02
2.82061900e+00	2.46203510e+00	2.32224790e-02
2.83059800e+00	2.46123850e+00	2.31337610e-02
2.84057700e+00	2.46350930e+00	2.30968920e-02
2.85055600e+00	2.52867160e+00	3.97478340e+00
2.86053400e+00	2.50696950e+00	3.95769010e+00
2.87051300e+00	2.49508280e+00	3.94829610e+00
2.88049200e+00	2.45563500e+00	3.91695990e+00
2.89047100e+00	2.48756830e+00	3.94234610e+00
2.90045000e+00	2.46718570e+00	3.92616140e+00
2.91042900e+00	2.46466220e+00	3.92415310e+00
2.92040800e+00	2.47167130e+00	2.27500490e-02
2.93038600e+00	2.44234410e+00	2.25523340e-02
2.94036500e+00	2.45900760e+00	2.26125270e-02
2.95034400e+00	2.49163740e+00	2.25010800e-02
2.96032300e+00	2.46139110e+00	2.25847580e-02
2.97030200e+00	2.48699640e+00	2.24929180e-02
2.98028100e+00	2.47839760e+00	2.26689050e-02
2.99026000e+00	2.47157330e+00	2.26541420e-02
3.00023800e+00	2.46325450e+00	2.22053090e-02
3.01021700e+00	2.50288500e+00	2.27353420e-02
3.02019600e+00	2.48594570e+00	3.94106020e+00
3.03017500e+00	2.46303890e+00	3.92286090e+00
3.04015400e+00	2.49020450e+00	3.94443420e+00
3.05013300e+00	2.48231340e+00	3.93817970e+00
3.06011100e+00	2.45730450e+00	3.91829130e+00
3.07009000e+00	2.49545730e+00	3.94859220e+00
3.08006900e+00	2.46628900e+00	3.92544810e+00
3.09004800e+00	2.46471890e+00	3.92419790e+00
3.10002700e+00	2.45235690e+00	3.91434470e+00
3.11000600e+00	2.50374180e+00	3.95514140e+00
3.11998500e+00	2.49279240e+00	2.20031910e-02
3.12996300e+00	2.50624220e+00	2.21898810e-02
3.13994200e+00	2.47147180e+00	2.18459500e-02
3.14992100e+00	2.44232800e+00	2.20034780e-02
3.15990000e+00	2.46126020e+00	2.22677350e-02
3.16987900e+00	2.46508640e+00	3.92449050e+00
3.17985800e+00	2.49133290e+00	3.94532810e+00
3.18983700e+00	2.45862400e+00	2.18136520e-02
3.19981500e+00	2.51327510e+00	2.17956690e-02
3.20979400e+00	2.52485730e+00	2.20632440e-02
3.21977300e+00	2.47652090e+00	2.15725440e-02
3.22975200e+00	2.48867150e+00	2.19145500e-02
3.23973100e+00	2.45359310e+00	2.15068140e-02
3.24971000e+00	2.50314540e+00	2.16933010e-02
3.25968900e+00	2.44309870e+00	2.14967550e-02
3.26966700e+00	2.48814230e+00	2.16118630e-02
3.27964600e+00	2.46772260e+00	2.16511540e-02
3.28962500e+00	2.46497510e+00	2.12913470e-02
3.29960400e+00	2.47718100e+00	2.14187400e-02
3.30958300e+00	2.50792570e+00	2.16264510e-02
3.31956200e+00	2.45595140e+00	2.12975840e-02
3.32954100e+00	2.45888930e+00	2.14655770e-02
3.33951900e+00	2.44972210e+00	2.08845350e-02
3.34949800e+00	2.48654000e+00	2.13928680e-02
3.35947700e+00	2.46896300e+00	3.92757540e+00
3.36945600e+00	2.44385330e+00	3.90755260e+00
3.37943500e+00	2.46127910e+00	3.92145880e+00
3.38941400e+00	2.46788710e+00	3.92671930e+00
3.39939200e+00	2.49019470e+00	2.14279940e-02
3.40937100e+00	2.46702400e+00	2.11524740e-02
3.41935000e+00	2.52176050e+00	3.96934790e+00
3.42932900e+00	2.47725870e+00	3.93416800e+00
3.43930800e+00	2.46642970e+00	3.92556010e+00
3.44928700e+00	2.50888260e+00	2.13248770e-02
3.45926600e+00	2.48422370e+00	2.10835870e-02
3.46924400e+00	2.45486220e+00	2.07781490e-02
3.47922300e+00	2.49201190e+00	3.94586500e+00
3.48920200e+00	2.50877410e+00	3.95911460e+00
3.49918100e+00	2.49364920e+00	3.94716140e+00
3.50916000e+00	2.52255500e+00	3.96997300e+00
3.51913900e+00	2.49024440e+00	2.08179860e-02
3.52911800e+00	2.47282420e+00	2.07083590e-02
3.53909600e+00	2.46174110e+00	2.08429130e-02
3.54907500e+00	2.46008000e+00	2.07049990e-02
3.55905400e+00	2.49711350e+00	2.05203250e-02
3.56903300e+00	2.49740890e+00	2.10346570e-02
3.57901200e+00	2.47117640e+00	2.05364110e-02
3.58899100e+00	2.49360860e+00	2.07007430e-02
3.59897000e+00	2.48651970e+00	2.06375260e-02
3.60894800e+00	2.48076080e+00	2.07495190e-02
3.61892700e+00	2.50988710e+00	2.09166510e-02
3.62890600e+00	2.45003080e+00	2.01595590e-02
3.63888500e+00	2.48626280e+00	2.07134830e-02
3.64886400e+00	2.48010630e+00	2.03239680e-02
3.65884300e+00	2.46172920e+00	2.05555560e-02
3.66882200e+00	2.48718330e+00	3.94204090e+00
3.67880000e+00	2.47317070e+00	3.93092070e+00
3.68877900e+00	2.48075590e+00	2.05638860e-02
3.69875800e+00	2.50097750e+00	2.04319010e-02
3.70873700e+00	2.50017180e+00	2.03971530e-02
3.71871600e+00	2.51052830e+00	2.04724940e-02
3.72869500e+00	2.48628030e+00	2.02910400e-02
3.73867400e+00	2.51634880e+00	2.05624230e-02
3.74865200e+00	2.52421260e+00	2.03811930e-02
3.75863100e+00	2.48587570e+00	3.94100490e+00
3.76861000e+00	2.50467700e+00	3.95587990e+00
3.77858900e+00	2.49637220e+00	3.94931600e+00
3.78856800e+00	2.50785360e+00	2.05191700e-02
3.79854700e+00	2.47957220e+00	1.98629760e-02
3.80852500e+00	2.48022950e+00	3.93652630e+00
3.81850400e+00	2.49496800e+00	3.94820510e+00
3.82848300e+00	2.48855320e+00	1.99635100e-02
3.83846200e+00	2.43910170e+00	3.90375160e+00
3.84844100e+00	2.50428500e+00	3.95556980e+00
3.85842000e+00	2.50982620e+00	2.00497080e-02
3.86839900e+00	2.51493760e+00	1.99866730e-02
3.87837700e+00	2.50911780e+00	2.00382980e-02
3.88835600e+00	2.49709110e+00	1.99683540e-02
3.89833500e+00	2.48994130e+00	3.94422630e+00
3.90831400e+00	2.49883760e+00	3.95126620e+00
3.91829300e+00	2.50589570e+00	1.98985080e-02
3.92827200e+00	2.52644420e+00	1.99289090e-02
3.93825100e+00	2.48828300e+00	1.96829010e-02
3.94822900e+00	2.51139490e+00	1.97384320e-02
3.95820800e+00	2.48773350e+00	1.98490320e-02
3.96818700e+00	2.48071250e+00	1.96923440e-02
3.97816600e+00	2.50166420e+00	1.98337860e-02
3.98814500e+00	2.50492550e+00	3.95607660e+00
3.99812400e+00	2.52036540e+00	3.96824960e+00
4.00810300e+00	2.49962230e+00	1.96122220e-02
4.01808100e+00	2.55417260e+00	1.99079370e-02
4.02806000e+00	2.52282170e+00	1.98360260e-02
4.03803900e+00	2.54032520e+00	1.97761410e-02
4.04801800e+00	2.56144070e+00	1.98980530e-02
4.05799700e+00	2.52289030e+00	3.97023690e+00
4.06797600e+00	2.56551190e+00	4.00363250e+00
4.07795500e+00	2.51018040e+00	3.96022340e+00
4.08793300e+00	2.54843680e+00	3.99028770e+00
4.09791200e+00	2.49176830e+00	1.94578020e-02
4.10789100e+00	2.54340730e+00	1.94737830e-02
4.11787000e+00	2.51931680e+00	1.95714540e-02
4.12784900e+00	2.49328520e+00	1.93249910e-02
4.13782800e+00	2.52876470e+00	1.94442640e-02
4.14780700e+00	2.55111290e+00	1.98036090e-02
4.15778500e+00	2.49268180e+00	1.91341500e-02
4.16776400e+00	2.51721960e+00	1.94182170e-02
4.17774300e+00	2.50700170e+00	3.95771530e+00
4.18772200e+00	2.50389860e+00	3.95526530e+00
4.19770100e+00	2.53612660e+00	3.98063820e+00
4.20768000e+00	2.53450820e+00	1.91805110e-02
4.21765800e+00	2.51260800e+00	1.93818100e-02
4.22763700e+00	2.52922670e+00	1.91446500e-02
4.23761600e+00	2.50739300e+00	3.95802400e+00
4.24759500e+00	2.50606020e+00	3.95697190e+00
4.25757400e+00	2.52693070e+00	3.97341490e+00
4.26755300e+00	2.55597510e+00	3.99618450e+00
4.27753200e+00	2.52386890e+00	3.97100690e+00
4.28751000e+00	2.53335950e+00	3.97846540e+00
4.29748900e+00	2.55352930e+00	3.99427210e+00
4.30746800e+00	2.50519920e+00	3.95629220e+00
4.31744700e+00	2.53203860e+00	1.91042250e-02
4.32742600e+00	2.53130290e+00	1.92161760e-02
4.33740500e+00	2.53653190e+00	1.91324980e-02
4.34738400e+00	2.50923470e+00	1.89232540e-02
4.35736200e+00	2.53522430e+00	1.92677240e-02
4.36734100e+00	2.54009910e+00	1.92061240e-02
4.37732000e+00	2.55666390e+00	1.92185350e-02
4.38729900e+00	2.55083570e+00	1.90113420e-02
4.39727800e+00	2.52859530e+00	1.88579790e-02
4.40725700e+00	2.53952650e+00	1.89563150e-02
4.41723600e+00	2.55063830e+00	1.87521950e-02
4.42721400e+00	2.54803150e+00	1.90697500e-02
4.43719300e+00	2.53455160e+00	1.89279790e-02
4.44717200e+00	2.51384630e+00	1.88171410e-02
4.45715100e+00	2.52264670e+00	3.97004510e+00
4.46713000e+00	2.53589070e+00	3.98045270e+00
4.47710900e+00	2.53734880e+00	1.87512710e-02
4.48708800e+00	2.54869580e+00	1.86515700e-02
4.49706600e+00	2.53366610e+00	1.87558700e-02
4.50704500e+00	2.57699680e+00	1.91459730e-02
4.51702400e+00	2.55163510e+00	1.86373950e-02
4.52700300e+00	2.60847230e+00	1.91110710e-02
4.53698200e+00	2.52718480e+00	3.97361440e+00
4.54696100e+00	2.53751540e+00	3.98172810e+00
4.55694000e+00	2.53743980e+00	3.98166860e+00
4.56691800e+00	2.57295640e+00	1.87801460e-02
4.57689700e+00	2.55522260e+00	1.88493130e-02
4.58687600e+00	2.55910900e+00	1.86179770e-02
4.59685500e+00	2.53314530e+00	1.87325250e-02
4.60683400e+00	2.56925340e+00	1.85579800e-02
4.61681300e+00	2.55427900e+00	1.88005370e-02
4.62679100e+00	2.55732960e+00	1.85859590e-02
4.63677000e+00	2.56182780e+00	1.83674120e-02
4.64674900e+00	2.58100430e+00	1.86435270e-02
4.65672800e+00	2.57596080e+00	1.84998310e-02
4.66670700e+00	2.60201690e+00	1.87169570e-02
4.67668600e+00	2.59134260e+00	1.86105150e-02
4.68666500e+00	2.58422780e+00	1.85580570e-02
4.69664300e+00	2.60424430e+00	1.85573990e-02
4.70662200e+00	2.59768670e+00	4.02866030e+00
4.71660100e+00	2.58514130e+00	4.01891980e+00
4.72658000e+00	2.59287350e+00	1.89518490e-02
4.73655900e+00	2.58075020e+00	1.91898210e-02
4.74653800e+00	2.58925730e+00	4.02211810e+00
4.75651700e+00	2.62189690e+00	4.04738950e+00
4.76649500e+00	2.56467190e+00	4.00297730e+00
4.77647400e+00	2.56532850e+00	1.93568830e-02
4.78645300e+00	2.57375300e+00	1.94040070e-02
4.79643200e+00	2.58387990e+00	1.95886670e-02
4.80641100e+00	2.58416480e+00	1.95254920e-02
4.81639000e+00	2.61348850e+00	4.04089420e+00
4.82636900e+00	2.59451710e+00	4.02620120e+00
4.83634700e+00	2.60730190e+00	4.03610900e+00
4.84632600e+00	2.58841800e+00	4.02146640e+00
4.85630500e+00	2.63413920e+00	2.01997180e-02
4.86628400e+00	2.62233720e+00	2.00106550e-02
4.87626300e+00	2.64181890e+00	2.01308590e-02
4.88624200e+00	2.60353870e+00	2.03780290e-02
4.89622100e+00	2.57760580e+00	2.04375780e-02
4.90619900e+00	2.58899130e+00	2.06254090e-02
4.91617800e+00	2.66166110e+00	2.08967640e-02
4.92615700e+00	2.62560830e+00	2.11411900e-02
4.93613600e+00	2.62345720e+00	2.13948770e-02
4.94611500e+00	2.63265590e+00	2.11811530e-02
4.95609400e+00	2.62569580e+00	2.14405590e-02
4.96607300e+00	2.62028620e+00	2.12974650e-02
4.97605100e+00	2.61472610e+00	2.15145140e-02
4.98603000e+00	2.62996930e+00	2.15466720e-02
4.99600900e+00	2.61017750e+00	2.15592300e-02
5.00598800e+00	2.63361980e+00	2.19245740e-02
5.01596700e+00	2.63794370e+00	2.16670720e-02
5.02594600e+00	2.62705590e+00	2.17813610e-02
5.03592400e+00	2.63441710e+00	2.16837670e-02
5.04590300e+00	2.64765480e+00	2.23493200e-02
5.05588200e+00	2.63676140e+00	2.20820670e-02
5.06586100e+00	2.64738950e+00	2.24236250e-02
5.07584000e+00	2.64097890e+00	2.22831910e-02
5.08581900e+00	2.67265530e+00	4.08637950e+00
5.09579800e+00	2.67256570e+00	4.08631090e+00
5.10577600e+00	2.67257200e+00	4.08631580e+00
5.11575500e+00	2.69716020e+00	4.10507020e+00
5.12573400e+00	2.69772720e+00	4.10550210e+00
5.13571300e+00	2.68132830e+00	4.09300500e+00
5.14569200e+00	2.65040930e+00	4.06933730e+00
5.15567100e+00	2.71202470e+00	4.11636680e+00
5.16565000e+00	2.66245980e+00	4.07857800e+00
5.17562800e+00	2.68231390e+00	4.09375680e+00
5.18560700e+00	2.72461560e+00	4.12591130e+00
5.19558600e+00	2.68686040e+00	4.09722460e+00
5.20556500e+00	2.66218680e+00	4.07836870e+00
5.21554400e+00	2.67874600e+00	4.09103310e+00
5.22552300e+00	2.70599490e+00	4.11178810e+00
5.23550200e+00	2.71462450e+00	4.11833870e+00
5.24548000e+00	2.72482140e+00	4.12606670e+00
5.25545900e+00	2.67203230e+00	4.08590350e+00
5.26543800e+00	2.66634620e+00	4.08155370e+00
5.27541700e+00	2.73594160e+00	4.13447790e+00
5.28539600e+00	2.72045270e+00	4.12275780e+00
5.29537500e+00	2.73482440e+00	4.13363370e+00
5.30535400e+00	2.69895430e+00	4.10643590e+00
5.31533200e+00	2.72083140e+00	4.12304480e+00
5.32531100e+00	2.73006650e+00	4.13003640e+00
5.33529000e+00	2.71192530e+00	4.11629120e+00
5.34526900e+00	2.70324810e+00	4.10970070e+00
5.35524800e+00	2.71655720e+00	4.11980520e+00
5.36522700e+00	2.70227020e+00	4.10895730e+00
5.37520500e+00	2.74089410e+00	4.13821800e+00
5.38518400e+00	2.73553980e+00	4.13417410e+00
5.39516300e+00	2.77574500e+00	4.16444420e+00
5.40514200e+00	2.73234640e+00	4.13175980e+00
5.41512100e+00	2.75729160e+00	4.15057790e+00
5.42510000e+00	2.74462790e+00	4.14103550e+00
5.43507900e+00	2.70858280e+00	4.11375370e+00
5.44505700e+00	2.72014120e+00	4.12252190e+00
5.45503600e+00	2.74561560e+00	4.14178100e+00
5.46501500e+00	2.76712450e+00	4.15797200e+00
5.47499400e+00	2.77708060e+00	4.16544520e+00
5.48497300e+00	2.75961910e+00	4.15232930e+00
5.49495200e+00	2.76563490e+00	4.15685270e+00
5.50493100e+00	2.76589810e+00	4.15705010e+00
5.51490900e+00	2.76722740e+00	4.15804970e+00
5.52488800e+00	2.76490760e+00	4.15630670e+00
5.53486700e+00	2.76351040e+00	4.15525600e+00
5.54484600e+00	2.81031590e+00	4.19029660e+00
5.55482500e+00	2.78989970e+00	4.17504850e+00
5.56480400e+00	2.76614870e+00	4.15723910e+00
5.57478300e+00	2.78543720e+00	4.17170810e+00
5.58476100e+00	2.78919900e+00	4.17452420e+00
5.59474000e+00	2.75664550e+00	4.15009140e+00
5.60471900e+00	2.77643310e+00	4.16496010e+00
5.61469800e+00	2.80692720e+00	4.18777030e+00
5.62467700e+00	2.83345720e+00	4.20751380e+00
5.63465600e+00	2.80260120e+00	4.18454120e+00
5.64463500e+00	2.80709240e+00	4.18789280e+00
5.65461300e+00	2.81463840e+00	4.19351800e+00
5.66459200e+00	2.82312800e+00	4.19983760e+00
5.67457100e+00	2.81840510e+00	4.19632290e+00
5.68455000e+00	2.82198000e+00	4.19898360e+00
5.69452900e+00	2.79323310e+00	4.17754190e+00
5.70450800e+00	2.79675900e+00	4.18017740e+00
5.71448700e+00	2.83064390e+00	4.20542430e+00
5.72446500e+00	2.81697080e+00	4.19525540e+00
5.73444400e+00	2.84632810e+00	4.21705970e+00
5.74442300e+00	2.82849700e+00	4.20382900e+00
5.75440200e+00	2.83431610e+00	4.20815150e+00
5.76438100e+00	2.83770130e+00	4.21066380e+00
5.77436000e+00	2.86371610e+00	4.22992010e+00
5.78433800e+00	2.85598250e+00	4.22420530e+00
5.79431700e+00	2.82791180e+00	4.20339430e+00
5.80429600e+00	2.88248240e+00	4.24375770e+00
5.81427500e+00	2.86279980e+00	4.22924390e+00
5.82425400e+00	2.83901870e+00	4.21164100e+00
5.83423300e+00	2.84130980e+00	4.21333990e+00
5.84421200e+00	2.84899300e+00	4.21903300e+00
5.85419000e+00	2.89594760e+00	4.25365850e+00
5.86416900e+00	2.84479090e+00	4.21592080e+00
5.87414800e+00	2.88724800e+00	4.24726400e+00
5.88412700e+00	2.87322420e+00	4.23693690e+00
5.89410600e+00	2.88042160e+00	4.24224010e+00
5.90408500e+00	2.91153520e+00	4.26509020e+00
5.91406400e+00	2.93097840e+00	4.27930790e+00
5.92404200e+00	2.87615020e+00	4.23909360e+00
5.93402100e+00	2.88453340e+00	4.24526690e+00
5.94400000e+00	2.89554650e+00	4.25336380e+00
5.95397900e+00	2.94342020e+00	4.28838130e+00
5.96395800e+00	2.89548070e+00	4.25331480e+00
5.97393700e+00	2.92200020e+00	4.27274890e+00
5.98391600e+00	2.90402490e+00	4.25958610e+00
5.99389400e+00	2.91550560e+00	4.26799800e+00
6.00387300e+00	2.95087310e+00	4.29380630e+00
6.01385200e+00	2.94874440e+00	4.29225790e+00
6.02383100e+00	2.87460180e+00	4.23795260e+00
6.03381000e+00	2.95670200e+00	4.29804550e+00
6.04378900e+00	2.94941710e+00	4.29274720e+00
6.05376800e+00	2.96080960e+00	4.30103030e+00
6.06374600e+00	2.93688780e+00	4.28361920e+00
6.07372500e+00	2.95723050e+00	4.29842910e+00
6.08370400e+00	2.91736130e+00	4.26935600e+00
6.09368300e+00	2.94078610e+00	4.28646120e+00
6.10366200e+00	2.91888730e+00	4.27047250e+00
6.11364100e+00	2.94384300e+00	4.28868930e+00
6.12362000e+00	2.94948710e+00	4.29279830e+00
6.13359800e+00	2.96454130e+00	4.30373930e+00
6.14357700e+00	2.99359690e+00	4.32477850e+00
6.15355600e+00	2.93737570e+00	4.28397550e+00
6.16353500e+00	2.92385660e+00	4.27410550e+00
6.17351400e+00	3.00713560e+00	4.33454770e+00
6.18349300e+00	3.00188700e+00	4.33076280e+00
6.19347100e+00	3.00382320e+00	4.33215930e+00
6.20345000e+00	2.99147170e+00	4.32324340e+00
6.21342900e+00	3.00916070e+00	4.33600650e+00
6.22340800e+00	3.02573670e+00	4.34793240e+00
6.23338700e+00	2.98517380e+00	4.31868990e+00
6.24336600e+00	3.02010310e+00	4.34388290e+00
6.25334500e+00	3.01101850e+00	4.33734490e+00
6.26332300e+00	2.99755540e+00	4.32763730e+00
6.27330200e+00	3.00402690e+00	4.33230630e+00
6.28328100e+00	2.98942140e+00	4.32176150e+00
6.29326000e+00	2.99507250e+00	4.32584460e+00
6.30323900e+00	2.99918570e+00	4.32881400e+00
6.31321800e+00	3.02494850e+00	4.34736610e+00
6.32319700e+00	3.04396890e+00	4.36101260e+00
6.33317500e+00	3.03555770e+00	4.35498280e+00
6.34315400e+00	2.99235860e+00	4.32388460e+00
6.35313300e+00	3.04493000e+00	4.36170140e+00
6.36311200e+00	3.01916510e+00	4.34320810e+00
6.37309100e+00	3.08101780e+00	4.38747190e+00
6.38307000e+00	2.99802160e+00	4.32797400e+00
6.39304900e+00	3.06892530e+00	4.37885350e+00
6.40302700e+00	3.03344510e+00	4.35346730e+00
6.41300600e+00	3.08705740e+00	4.39176990e+00
6.42298500e+00	3.04744790e+00	4.36350390e+00
6.43296400e+00	3.05746560e+00	4.37067050e+00
6.44294300e+00	3.08443100e+00	4.38990160e+00
6.45292200e+00	3.07150830e+00	4.38069590e+00
6.46290100e+00	3.05655140e+00	4.37001670e+00
6.47287900e+00	3.08195510e+00	4.38813900e+00
6.48285800e+00	3.13413520e+00	4.42513050e+00
6.49283700e+00	3.09580880e+00	4.39799080e+00
6.50281600e+00	3.11523660e+00	4.41176890e+00
6.51279500e+00	3.09232770e+00	4.39551700e+00
6.52277400e+00	3.10940490e+00	4.40763750e+00
6.53275300e+00	3.12915960e+00	4.42161650e+00
6.54273100e+00	3.11274600e+00	4.41000490e+00
6.55271000e+00	3.08817250e+00	4.39256300e+00
6.56268900e+00	3.15054390e+00	4.43669940e+00
6.57266800e+00	3.14396740e+00	4.43206610e+00
6.58264700e+00	3.10705080e+00	4.40596870e+00
6.59262600e+00	3.13732720e+00	4.42738380e+00
6.60260400e+00	3.11895290e+00	4.41439950e+00
6.61258300e+00	3.14611640e+00	4.43358090e+00
6.62256200e+00	3.14065220e+00	4.42972880e+00
6.63254100e+00	3.16326990e+00	4.44565100e+00
6.64252000e+00	3.16069390e+00	4.44384010e+00
6.65249900e+00	3.16305080e+00	4.44549700e+00
6.66247800e+00	3.15805700e+00	4.44198580e+00
6.67245600e+00	3.17322180e+00	4.45263840e+00
6.68243500e+00	3.11849720e+00	4.41407680e+00
6.69241400e+00	3.15398160e+00	4.43911930e+00
6.70239300e+00	3.15963830e+00	4.44309810e+00
6.71237200e+00	3.13383350e+00	4.42491770e+00
6.72235100e+00	3.21148100e+00	4.47940080e+00
6.73233000e+00	3.15968800e+00	4.44313310e+00
6.74230800e+00	3.19189010e+00	4.46571720e+00
6.75228700e+00	3.22440020e+00	4.48840140e+00
6.76226600e+00	3.15128520e+00	4.43722090e+00
6.77224500e+00	3.18869880e+00	4.46348420e+00
6.78222400e+00	3.24736790e+00	4.50435930e+00
6.79220300e+00	3.20029080e+00	4.47158950e+00
6.80218200e+00	3.21219010e+00	4.47989500e+00
6.81216000e+00	3.21440070e+00	4.48143640e+00
6.82213900e+00	3.17063250e+00	4.45082190e+00
6.83211800e+00	3.15613900e+00	4.44063690e+00
6.84209700e+00	3.18113460e+00	4.45818660e+00
6.85207600e+00	3.21837320e+00	4.48420490e+00
6.86205500e+00	3.20551350e+00	4.47523650e+00
6.87203400e+00	3.22289240e+00	4.48735210e+00
6.88201200e+00	3.28345780e+00	4.52931920e+00
6.89199100e+00	3.22970130e+00	4.49208970e+00
6.90197000e+00	3.28849010e+00	4.53278910e+00
6.91194900e+00	3.24411920e+00	4.50210530e+00
6.92192800e+00	3.25555720e+00	4.51003490e+00
6.93190700e+00	3.22613410e+00	4.48960820e+00
6.94188600e+00	3.26745230e+00	4.51826690e+00
6.95186400e+00	3.27684350e+00	4.52475520e+00
6.96184300e+00	3.27888750e+00	4.52616570e+00
6.97182200e+00	3.31268000e+00	4.54943020e+00
6.98180100e+00	3.26852330e+00	4.51900680e+00
6.99178000e+00	3.25798410e+00	4.51171560e+00
7.00175900e+00	3.26612160e+00	4.51734640e+00
7.01173700e+00	3.26411260e+00	4.51595690e+00
7.02171600e+00	3.25365110e+00	4.50871400e+00
7.03169500e+00	3.29809620e+00	4.53940480e+00
7.04167400e+00	3.27749800e+00	4.52520740e+00
7.05165300e+00	3.29532490e+00	4.53749730e+00
7.06163200e+00	3.28019790e+00	4.52707010e+00
7.07161100e+00	3.30211700e+00	4.54217120e+00
7.08158900e+00	3.32045210e+00	4.55476350e+00
7.09156800e+00	3.31880430e+00	4.55363300e+00
7.10154700e+00	3.29846370e+00	4.53965750e+00
7.11152600e+00	3.30823570e+00	4.54637680e+00
7.12150500e+00	3.33730040e+00	4.56630440e+00
7.13148400e+00	3.32553410e+00	4.55824810e+00
7.14146300e+00	3.28545980e+00	4.53069960e+00
7.15144100e+00	3.31893450e+00	4.55372260e+00
7.16142000e+00	3.33961460e+00	4.56788780e+00
7.17139900e+00	3.28589380e+00	4.53099920e+00
7.18137800e+00	3.33659340e+00	4.56582070e+00
7.19135700e+00	3.35063050e+00	4.57541490e+00
7.20133600e+00	3.36888230e+00	4.58786020e+00
7.21131500e+00	3.36425670e+00	4.58470950e+00
7.22129300e+00	3.35405210e+00	4.57775080e+00
7.23127200e+00	3.31239020e+00	4.54923070e+00
7.24125100e+00	3.36412930e+00	4.58462200e+00
7.25123000e+00	3.36391650e+00	4.58447780e+00
7.26120900e+00	3.33276510e+00	4.56320060e+00
7.27118800e+00	3.34610080e+00	4.57232090e+00
7.28116700e+00	3.38234680e+00	4.59701900e+00
7.29114500e+00	3.38432640e+00	4.59836440e+00
7.30112400e+00	3.36876330e+00	4.58777900e+00
7.31110300e+00	3.41931520e+00	4.62207270e+00
7.32108200e+00	3.41463150e+00	4.61890660e+00
7.33106100e+00	3.42152370e+00	4.62356580e+00
7.34104000e+00	3.40993170e+00	4.61572650e+00
7.35101900e+00	3.36348320e+00	4.58418240e+00
7.36099700e+00	3.41801390e+00	4.62119350e+00
7.37097600e+00	3.41977370e+00	4.62238280e+00
7.38095500e+00	3.45452380e+00	4.64580900e+00
7.39093400e+00	3.40691750e+00	2.48639090e-02
7.40091300e+00	3.39390380e+00	2.46691620e-02
7.41089200e+00	3.41176780e+00	2.46401890e-02
7.42087000e+00	3.42617100e+00	2.49720730e-02
7.43084900e+00	3.42985090e+00	2.45510720e-02
7.44082800e+00	3.46929870e+00	2.49844630e-02
7.45080700e+00	3.40590950e+00	2.45588070e-02
7.46078600e+00	3.48450130e+00	4.66592280e+00
7.47076500e+00	3.45471420e+00	4.64593640e+00
7.48074400e+00	3.49090210e+00	2.52481600e-02
7.49072200e+00	3.46422440e+00	2.50025440e-02
7.50070100e+00	3.41147800e+00	2.45932680e-02
7.51068000e+00	3.47093950e+00	2.51541990e-02
7.52065900e+00	3.47487210e+00	4.65947160e+00
7.53063800e+00	3.47809140e+00	4.66162970e+00
7.54061700e+00	3.48469520e+00	4.66605230e+00
7.55059600e+00	3.48592160e+00	4.66687340e+00
7.56057400e+00	3.46900260e+00	4.65553480e+00
7.57055300e+00	3.43740880e+00	4.63428560e+00
7.58053200e+00	3.54335030e+00	4.70515850e+00
7.59051100e+00	3.51232140e+00	4.68451200e+00
7.60049000e+00	3.53718540e+00	4.70106420e+00
7.61046900e+00	3.52699270e+00	4.69428540e+00
7.62044800e+00	3.57915460e+00	4.72887100e+00
7.63042600e+00	3.53228750e+00	4.69780780e+00
7.64040500e+00	3.51625470e+00	4.68713420e+00
7.65038400e+00	3.54279380e+00	2.50834850e-02
7.66036300e+00	3.57275590e+00	4.72464230e+00
7.67034200e+00	3.53646090e+00	4.70058190e+00
7.68032100e+00	3.54210570e+00	2.50830860e-02
7.69030000e+00	3.53902220e+00	2.53441020e-02
7.70027800e+00	3.49790070e+00	2.49222050e-02
7.71025700e+00	3.56195560e+00	2.50428990e-02
7.72023600e+00	3.56179810e+00	4.71739100e+00
7.73021500e+00	3.52275910e+00	4.69146720e+00
7.74019400e+00	3.57379470e+00	2.50999070e-02
7.75017300e+00	3.60553970e+00	2.51738550e-02
7.76015100e+00	3.57653940e+00	2.57036710e-02
7.77013000e+00	3.56491730e+00	2.53270010e-02
7.78010900e+00	3.57489300e+00	2.52175980e-02
7.79008800e+00	3.55138350e+00	2.53652070e-02
7.80006700e+00	3.61652690e+00	2.55132080e-02
7.81004600e+00	3.58978130e+00	2.52658420e-02
7.82002500e+00	3.60857630e+00	2.53841630e-02
7.83000300e+00	3.61875920e+00	2.53593830e-02
7.83998200e+00	3.58293810e+00	4.73136930e+00
7.84996100e+00	3.54945640e+00	4.70921150e+00
7.85994000e+00	3.63347110e+00	2.57605530e-02
7.86991900e+00	3.66392880e+00	2.55206910e-02
7.87989800e+00	3.62309850e+00	2.54329600e-02
7.88987700e+00	3.60356220e+00	2.54833950e-02
7.89985500e+00	3.63463380e+00	4.76538020e+00
7.90983400e+00	3.62698630e+00	4.76036470e+00
7.91981300e+00	3.63065570e+00	2.53438990e-02
7.92979200e+00	3.69059810e+00	2.59641060e-02
7.93977100e+00	3.60649660e+00	2.56060210e-02
7.94975000e+00	3.56442660e+00	2.54477160e-02
7.95972900e+00	3.67109190e+00	4.78922080e+00
7.96970700e+00	3.63574330e+00	4.76610750e+00
7.97968600e+00	3.66907590e+00	4.78790550e+00
7.98966500e+00	3.69121620e+00	2.60089830e-02
7.99964400e+00	3.61482100e+00	2.55069150e-02
8.00962300e+00	3.64369180e+00	2.58389320e-02
8.01960200e+00	3.66359420e+00	2.56807880e-02
8.02958100e+00	3.64315000e+00	2.56964890e-02
8.03955900e+00	3.71141820e+00	2.57623450e-02
8.04953800e+00	3.61456130e+00	2.55854900e-02
8.05951700e+00	3.69538960e+00	2.58255760e-02
8.06949600e+00	3.67920140e+00	2.59261170e-02
8.07947500e+00	3.71628670e+00	2.57994170e-02
8.08945400e+00	3.73533650e+00	2.59691110e-02
8.09943300e+00	3.67505600e+00	2.58939660e-02
8.10941100e+00	3.74581550e+00	2.60136170e-02
8.11939000e+00	3.75127410e+00	2.58593720e-02
8.12936900e+00	3.74040590e+00	4.83422170e+00
8.13934800e+00	3.73865100e+00	4.83308840e+00
8.14932700e+00	3.72798930e+00	2.58602190e-02
8.15930600e+00	3.71196910e+00	2.62168340e-02
8.16928400e+00	3.73823030e+00	2.58406610e-02
8.17926300e+00	3.72318940e+00	2.59409220e-02
8.18924200e+00	3.74946880e+00	2.60697220e-02
8.19922100e+00	3.77567540e+00	2.63238920e-02
8.20920000e+00	3.74710910e+00	2.59157220e-02
8.21917900e+00	3.74692430e+00	2.61267230e-02
8.22915800e+00	3.74399760e+00	2.60297450e-02
8.23913600e+00	3.77319110e+00	2.62795680e-02
8.24911500e+00	3.70546050e+00	2.58698510e-02
8.25909400e+00	3.75970490e+00	2.60207990e-02
8.26907300e+00	3.74511480e+00	2.59986720e-02
8.27905200e+00	3.81913700e+00	2.61749040e-02
8.28903100e+00	3.74965500e+00	4.84019550e+00
8.29901000e+00	3.79185730e+00	4.86735760e+00
8.30898800e+00	3.81579590e+00	2.62728060e-02
8.31896700e+00	3.75019610e+00	2.59177170e-02
8.32894600e+00	3.75387180e+00	2.60938860e-02
8.33892500e+00	3.77280190e+00	2.62567060e-02
8.34890400e+00	3.81026310e+00	2.62280410e-02
8.35888300e+00	3.78701120e+00	2.63626020e-02
8.36886200e+00	3.83270580e+00	2.62769640e-02
8.37884000e+00	3.79839110e+00	4.87154850e+00
8.38881900e+00	3.79704150e+00	4.87068330e+00
8.39879800e+00	3.80113300e+00	4.87330690e+00
8.40877700e+00	3.77475350e+00	4.85636760e+00
8.41875600e+00	3.79434090e+00	4.86895080e+00
8.42873500e+00	3.83259940e+00	4.89343610e+00
8.43871400e+00	3.80473590e+00	4.87561620e+00
8.44869200e+00	3.78839510e+00	2.62047660e-02
8.45867100e+00	3.84997270e+00	2.65137950e-02
8.46865000e+00	3.83712560e+00	2.65442380e-02
8.47862900e+00	3.81573710e+00	4.88265960e+00
8.48860800e+00	3.77797000e+00	4.85843610e+00
8.49858700e+00	3.85772940e+00	4.90945280e+00
8.50856600e+00	3.85709170e+00	4.90904750e+00
8.51854400e+00	3.85783370e+00	4.90951930e+00
8.52852300e+00	3.83883780e+00	4.89741770e+00
8.53850200e+00	3.83325880e+00	4.89385750e+00
8.54848100e+00	3.87673650e+00	4.92153270e+00
8.55846000e+00	3.86737890e+00	4.91558970e+00
8.56843900e+00	3.87925020e+00	4.92312800e+00
8.57841700e+00	3.85196840e+00	2.63045860e-02
8.58839600e+00	3.89399640e+00	2.66723100e-02
8.59837500e+00	3.86951040e+00	4.91694350e+00
8.60835400e+00	3.92949340e+00	4.95490730e+00
8.61833300e+00	3.83248180e+00	2.62798340e-02
8.62831200e+00	3.89326770e+00	2.66881020e-02
8.63829100e+00	3.93772330e+00	2.69705310e-02
8.64826900e+00	3.89659620e+00	2.66399560e-02
8.65824800e+00	3.90475820e+00	2.65075720e-02
8.66822700e+00	3.93251600e+00	2.70643030e-02
8.67820600e+00	3.93261260e+00	2.68669800e-02
8.68818500e+00	3.89525220e+00	2.64868450e-02
8.69816400e+00	3.90224940e+00	2.67375640e-02
8.70814300e+00	3.97305510e+00	2.67939000e-02
8.71812100e+00	3.95719030e+00	2.70258590e-02
8.72810000e+00	3.94892610e+00	2.69685640e-02
8.73807900e+00	3.97253500e+00	4.98197000e+00
8.74805800e+00	3.93132040e+00	4.95605880e+00
8.75803700e+00	3.89640090e+00	2.66352100e-02
8.76801600e+00	3.91777400e+00	2.67732360e-02
8.77799500e+00	3.97068420e+00	2.68746940e-02
8.78797300e+00	3.95924830e+00	2.71641440e-02
8.79795200e+00	3.95443790e+00	2.70826570e-02
8.80793100e+00	3.97175310e+00	4.98147930e+00
8.81791000e+00	3.98246310e+00	4.98819160e+00
8.82788900e+00	3.98997900e+00	4.99289630e+00
8.83786800e+00	3.99153650e+00	4.99387070e+00
8.84784700e+00	3.95259550e+00	2.67245650e-02
8.85782500e+00	3.99611450e+00	4.99673370e+00
8.86780400e+00	3.99104650e+00	4.99356410e+00
8.87778300e+00	4.01853900e+00	5.01073370e+00
8.88776200e+00	3.97383840e+00	4.98278690e+00
8.89774100e+00	4.01157400e+00	2.70759370e-02
8.90772000e+00	3.95389610e+00	2.69194800e-02
8.91769900e+00	3.95939460e+00	2.69082730e-02
8.92767700e+00	3.98924470e+00	2.70609010e-02
8.93765600e+00	4.00759590e+00	2.68932300e-02
8.94763500e+00	4.02508610e+00	5.01481400e+00
8.95761400e+00	3.98599390e+00	4.99040220e+00
8.96759300e+00	3.97814270e+00	2.69883740e-02
8.97757200e+00	4.04666010e+00	2.73255010e-02
8.98755000e+00	3.98872320e+00	2.71817210e-02
8.99752900e+00	3.98897730e+00	2.69649870e-02
9.00750800e+00	4.00316350e+00	2.73143570e-02
9.01748700e+00	4.05277530e+00	2.73963900e-02
9.02746600e+00	3.99591920e+00	2.70118520e-02
9.03744500e+00	4.01026220e+00	2.70391240e-02
9.04742400e+00	4.05916000e+00	2.76483760e-02
9.05740200e+00	4.03234790e+00	5.01933530e+00
9.06738100e+00	4.10917780e+00	5.06692760e+00
9.07736000e+00	4.05417180e+00	2.75180570e-02
9.08733900e+00	4.04665520e+00	2.73885430e-02
9.09731800e+00	4.13321580e+00	2.74037820e-02
9.10729700e+00	4.11847170e+00	2.76104080e-02
9.11727600e+00	4.07769670e+00	2.71657540e-02
9.12725400e+00	4.05262130e+00	2.72861680e-02
9.13723300e+00	4.07976660e+00	2.78191760e-02
9.14721200e+00	4.06627200e+00	2.74427160e-02
9.15719100e+00	4.05452740e+00	2.72443080e-02
9.16717000e+00	4.08620380e+00	2.74713600e-02
9.17714900e+00	4.11430460e+00	2.75286480e-02
9.18712800e+00	4.10449690e+00	2.72674780e-02
9.19710600e+00	4.03515210e+00	5.02108040e+00
9.20708500e+00	4.11989900e+00	5.07353280e+00
9.21706400e+00	4.09615010e+00	5.05888880e+00
9.22704300e+00	4.09188570e+00	2.75265060e-02
9.23702200e+00	4.12883380e+00	2.75457070e-02
9.24700100e+00	4.10748030e+00	2.74457330e-02
9.25698000e+00	4.15234610e+00	2.77299050e-02
9.26695800e+00	4.16656380e+00	2.77014500e-02
9.27693700e+00	4.11699890e+00	2.75187640e-02
9.28691600e+00	4.10959780e+00	5.06718660e+00
9.29689500e+00	4.16564190e+00	5.10162100e+00
9.30687400e+00	4.15103360e+00	5.09266800e+00
9.31685300e+00	4.20194670e+00	5.12380400e+00
9.32683200e+00	4.16076710e+00	2.78020190e-02
9.33681000e+00	4.16654840e+00	2.76436790e-02
9.34678900e+00	4.21014720e+00	2.77863950e-02
9.35676800e+00	4.12708240e+00	2.77966290e-02
9.36674700e+00	4.17968460e+00	2.77907630e-02
9.37672600e+00	4.20853650e+00	2.77357640e-02
9.38670500e+00	4.17380880e+00	5.10661970e+00
9.39668300e+00	4.18635560e+00	5.11428960e+00
9.40666200e+00	4.19745340e+00	2.78482960e-02
9.41664100e+00	4.18574940e+00	2.75620450e-02
9.42662000e+00	4.20652190e+00	2.77957190e-02
9.43659900e+00	4.15069760e+00	2.76436790e-02
9.44657800e+00	4.18000170e+00	2.78934040e-02
9.45655700e+00	4.20567420e+00	2.77948510e-02
9.46653500e+00	4.17905670e+00	2.75036230e-02
9.47651400e+00	4.26099380e+00	2.80227990e-02
9.48649300e+00	4.27134260e+00	2.78503610e-02
9.49647200e+00	4.21583050e+00	2.78728030e-02
9.50645100e+00	4.22267790e+00	2.82787330e-02
9.51643000e+00	4.26570970e+00	2.81665580e-02
9.52640900e+00	4.24781070e+00	2.75869720e-02
9.53638700e+00	4.27871500e+00	2.83480400e-02
9.54636600e+00	4.29392530e+00	2.81775270e-02
9.55634500e+00	4.31241930e+00	2.79200810e-02
9.56632400e+00	4.25484780e+00	2.82015230e-02
9.57630300e+00	4.25352410e+00	2.80902090e-02
9.58628200e+00	4.23420550e+00	2.77123910e-02
9.59626100e+00	4.23749830e+00	5.14543400e+00
9.60623900e+00	4.25998650e+00	5.15906930e+00
9.61621800e+00	4.24103540e+00	5.14758090e+00
9.62619700e+00	4.29504180e+00	2.80998200e-02
9.63617600e+00	4.27231840e+00	2.86382460e-02
9.64615500e+00	4.28536640e+00	2.80125510e-02
9.65613400e+00	4.28937740e+00	2.81993810e-02
9.66611300e+00	4.28385230e+00	2.82776200e-02
9.67609100e+00	4.28530480e+00	2.76446590e-02
9.68607000e+00	4.32914370e+00	2.81886500e-02
9.69604900e+00	4.28300110e+00	2.81783250e-02
9.70602800e+00	4.34861490e+00	2.80886270e-02
9.71600700e+00	4.34177730e+00	2.82761080e-02
9.72598600e+00	4.31671800e+00	2.81170400e-02
9.73596400e+00	4.33952050e+00	5.20700670e+00
9.74594300e+00	4.32361020e+00	5.19745240e+00
9.75592200e+00	4.29907520e+00	5.18268450e+00
9.76590100e+00	4.34495950e+00	2.81083810e-02
9.77588000e+00	4.36591680e+00	5.22281900e+00
9.78585900e+00	4.35315230e+00	5.21517850e+00
9.79583800e+00	4.34893620e+00	2.82224810e-02
9.80581600e+00	4.37391010e+00	2.85347790e-02
9.81579500e+00	4.33989570e+00	2.84225900e-02
9.82577400e+00	4.39286890e+00	2.84902590e-02
9.83575300e+00	4.36467150e+00	2.83880450e-02
9.84573200e+00	4.36099720e+00	2.84258380e-02
9.85571100e+00	4.35363880e+00	2.78928020e-02
9.86569000e+00	4.39788370e+00	2.84406710e-02
9.87566800e+00	4.38897480e+00	2.86470450e-02
9.88564700e+00	4.38273780e+00	2.81633450e-02
9.89562600e+00	4.42183770e+00	2.85398190e-02
9.90560500e+00	4.37556840e+00	2.85042380e-02
9.91558400e+00	4.40620950e+00	2.83922660e-02
9.92556300e+00	4.44108910e+00	2.89762830e-02
9.93554200e+00	4.46497590e+00	2.87583800e-02
9.94552000e+00	4.42763510e+00	2.83492930e-02
9.95549900e+00	4.45411680e+00	2.85592020e-02
9.96547800e+00	4.41131460e+00	2.86809950e-02
9.97545700e+00	4.43267300e+00	5.26259650e+00
9.98543600e+00	4.44721270e+00	5.27122050e+00
9.99541500e+00	4.45128320e+00	5.27363200e+00
1.00053900e+01	4.53041960e+00	2.88499610e-02
1.00153700e+01	4.48729890e+00	5.29492390e+00
1.00253500e+01	4.53499900e+00	5.32299180e+00
1.00353300e+01	4.52678800e+00	5.31817090e+00
1.00453100e+01	4.45319630e+00	5.27476530e+00
1.00552900e+01	4.58626000e+00	5.35299170e+00
1.00652700e+01	4.57568300e+00	2.89718870e-02
1.00752500e+01	4.62154210e+00	3.02105300e-02
1.00852200e+01	4.56147370e+00	3.05964680e-02
1.00952000e+01	4.55978390e+00	5.33751820e+00
1.01051800e+01	4.56579410e+00	3.18566990e-02
1.01151600e+01	4.54439930e+00	3.18233790e-02
1.01251400e+01	4.53624710e+00	5.32372470e+00
1.01351200e+01	4.52349310e+00	5.31623540e+00
1.01451000e+01	4.57481500e+00	3.30016260e-02
1.01550800e+01	4.61179950e+00	3.39359650e-02
1.01650600e+01	4.57671760e+00	3.40112080e-02
1.01750300e+01	4.57238880e+00	3.40856880e-02
1.01850100e+01	4.65015880e+00	3.49840680e-02
1.01949900e+01	4.62458010e+00	3.51393490e-02
1.00000000e+03	0.00000000e+00	0.00000000e+00
