
SAXS 
     1000         0         0         0         0         0         0         0 
  0.000000E+00   3.499999E+02   0.000000E+00   0.000000E+00   1.340000E-01 
  0.000000E+00   0.000000E+00   0.000000E+00   0.000000E+00   0.000000E+00 
  2.261171E-01   3.747276E+01   5.525057E+00 
  2.360959E-01   2.744269E+01   3.920384E+00 
  2.460748E-01   3.360329E+01   2.743697E+00 
  2.560536E-01   2.929518E+01   2.246837E+00 
  2.660325E-01   2.619333E+01   1.900264E+00 
  2.760113E-01   2.424708E+01   1.598805E+00 
  2.859902E-01   2.383767E+01   1.440087E+00 
  2.959690E-01   2.328359E+01   1.307737E+00 
  3.059479E-01   2.456408E+01   1.240674E+00 
  3.159268E-01   2.167914E+01   1.157873E+00 
  3.259056E-01   2.098732E+01   1.112326E+00 
  3.358845E-01   2.410204E+01   1.144399E+00 
  3.458633E-01   2.312128E+01   1.130899E+00 
  3.558422E-01   2.235611E+01   1.070515E+00 
  3.658210E-01   2.352230E+01   1.094357E+00 
  3.757999E-01   2.151585E+01   1.023914E+00 
  3.857787E-01   1.996866E+01   9.530519E-01 
  3.957576E-01   2.208216E+01   1.004773E+00 
  4.057364E-01   2.045138E+01   9.364044E-01 
  4.157153E-01   1.938403E+01   9.298632E-01 
  4.256941E-01   2.184214E+01   1.399017E+01 
  4.356730E-01   2.233449E+01   1.414696E+01 
  4.456519E-01   2.061788E+01   1.359243E+01 
  4.556307E-01   2.027827E+01   8.795384E-01 
  4.656096E-01   2.132614E+01   1.382393E+01 
  4.755884E-01   2.027718E+01   1.347966E+01 
  4.855673E-01   1.990519E+01   1.335545E+01 
  4.955461E-01   1.933292E+01   1.316206E+01 
  5.055250E-01   1.987495E+01   8.342573E-01 
  5.155038E-01   1.988064E+01   8.314834E-01 
  5.254827E-01   1.816394E+01   7.927393E-01 
  5.354615E-01   2.016197E+01   8.272558E-01 
  5.454404E-01   2.024144E+01   8.276507E-01 
  5.554192E-01   1.931279E+01   7.904200E-01 
  5.653981E-01   1.990619E+01   8.268733E-01 
  5.753769E-01   1.882105E+01   7.774906E-01 
  5.853558E-01   1.841592E+01   7.789104E-01 
  5.953347E-01   1.805069E+01   7.627808E-01 
  6.053135E-01   1.859921E+01   7.567911E-01 
  6.152924E-01   1.756201E+01   7.578567E-01 
  6.252712E-01   1.876184E+01   7.640411E-01 
  6.352501E-01   1.884556E+01   7.617865E-01 
  6.452289E-01   1.717197E+01   7.239173E-01 
  6.552078E-01   1.594439E+01   6.902655E-01 
  6.651866E-01   1.616113E+01   7.147573E-01 
  6.751655E-01   1.657469E+01   6.966864E-01 
  6.851443E-01   1.656860E+01   7.058462E-01 
  6.951232E-01   1.749072E+01   7.044012E-01 
  7.051020E-01   1.645276E+01   6.952559E-01 
  7.150809E-01   1.710131E+01   7.055101E-01 
  7.250597E-01   1.619196E+01   1.204551E+01 
  7.350386E-01   1.723466E+01   1.242729E+01 
  7.450175E-01   1.580227E+01   1.189967E+01 
  7.549963E-01   1.439376E+01   6.370168E-01 
  7.649752E-01   1.571177E+01   6.574478E-01 
  7.749540E-01   1.644457E+01   6.685002E-01 
  7.849329E-01   1.645097E+01   6.693806E-01 
  7.949117E-01   1.552699E+01   6.351796E-01 
  8.048906E-01   1.444122E+01   6.284017E-01 
  8.148694E-01   1.438935E+01   6.113449E-01 
  8.248483E-01   1.413540E+01   6.051829E-01 
  8.348271E-01   1.516336E+01   6.277009E-01 
  8.448060E-01   1.515480E+01   6.202446E-01 
  8.547848E-01   1.405066E+01   5.999078E-01 
  8.647637E-01   1.439781E+01   6.020028E-01 
  8.747426E-01   1.336030E+01   5.732178E-01 
  8.847214E-01   1.460849E+01   6.055413E-01 
  8.947003E-01   1.454854E+01   5.978804E-01 
  9.046791E-01   1.441575E+01   5.942126E-01 
  9.146580E-01   1.277632E+01   5.490130E-01 
  9.246368E-01   1.320172E+01   5.624122E-01 
  9.346157E-01   1.365811E+01   5.735868E-01 
  9.445945E-01   1.368867E+01   5.654158E-01 
  9.545734E-01   1.393440E+01   5.748601E-01 
  9.645522E-01   1.192818E+01   5.203108E-01 
  9.745311E-01   1.250355E+01   5.380671E-01 
  9.845099E-01   1.346465E+01   1.098431E+01 
  9.944888E-01   1.338098E+01   1.095013E+01 
  1.004468E+00   1.275341E+01   5.374347E-01 
  1.014447E+00   1.269568E+01   1.066604E+01 
  1.024425E+00   1.277035E+01   1.069736E+01 
  1.034404E+00   1.182746E+01   1.029487E+01 
  1.044383E+00   1.228494E+01   5.120679E-01 
  1.054362E+00   1.188723E+01   5.076854E-01 
  1.064341E+00   1.125657E+01   4.902878E-01 
  1.074320E+00   1.110370E+01   4.902401E-01 
  1.084298E+00   1.077008E+01   4.787885E-01 
  1.094277E+00   1.100788E+01   4.795110E-01 
  1.104256E+00   1.153372E+01   4.921932E-01 
  1.114235E+00   1.029986E+01   9.607069E+00 
  1.124214E+00   1.133251E+01   1.007716E+01 
  1.134193E+00   1.001046E+01   4.559070E-01 
  1.144172E+00   1.034556E+01   4.523798E-01 
  1.154150E+00   1.042010E+01   4.627730E-01 
  1.164129E+00   9.932635E+00   4.448419E-01 
  1.174108E+00   1.006618E+01   4.457381E-01 
  1.184087E+00   9.238142E+00   4.309367E-01 
  1.194066E+00   9.347122E+00   4.248692E-01 
  1.204045E+00   9.236904E+00   4.299444E-01 
  1.214024E+00   9.724567E+00   4.320706E-01 
  1.224002E+00   1.006669E+01   4.380963E-01 
  1.233981E+00   9.089430E+00   4.146320E-01 
  1.243960E+00   9.338378E+00   4.220544E-01 
  1.253939E+00   8.980107E+00   4.155498E-01 
  1.263918E+00   8.905677E+00   4.048035E-01 
  1.273897E+00   9.148736E+00   4.145688E-01 
  1.283876E+00   9.214799E+00   9.086951E+00 
  1.293854E+00   8.314216E+00   8.631493E+00 
  1.303833E+00   8.527768E+00   3.991043E-01 
  1.313812E+00   9.328503E+00   4.061402E-01 
  1.323791E+00   8.614827E+00   3.961102E-01 
  1.333770E+00   8.289253E+00   3.827622E-01 
  1.343749E+00   8.632071E+00   3.950035E-01 
  1.353728E+00   8.170317E+00   3.823754E-01 
  1.363706E+00   8.066503E+00   3.718585E-01 
  1.373685E+00   7.543397E+00   3.652387E-01 
  1.383664E+00   7.720942E+00   3.663700E-01 
  1.393643E+00   7.355171E+00   3.563592E-01 
  1.403622E+00   7.768432E+00   3.690893E-01 
  1.413601E+00   7.685546E+00   8.298749E+00 
  1.423579E+00   7.800230E+00   8.360437E+00 
  1.433558E+00   6.980758E+00   3.422598E-01 
  1.443537E+00   7.569226E+00   3.584132E-01 
  1.453516E+00   7.208308E+00   3.449938E-01 
  1.463495E+00   6.461697E+00   3.259495E-01 
  1.473474E+00   7.047198E+00   3.450529E-01 
  1.483453E+00   6.541440E+00   3.236275E-01 
  1.493431E+00   7.370777E+00   3.494083E-01 
  1.503410E+00   6.612286E+00   3.271325E-01 
  1.513389E+00   6.201701E+00   3.162486E-01 
  1.523368E+00   6.692758E+00   3.315196E-01 
  1.533347E+00   6.959666E+00   3.271525E-01 
  1.543326E+00   6.163413E+00   7.431661E+00 
  1.553305E+00   6.512722E+00   7.639352E+00 
  1.563283E+00   5.602115E+00   2.964453E-01 
  1.573262E+00   5.877565E+00   3.072252E-01 
  1.583241E+00   6.028502E+00   3.025159E-01 
  1.593220E+00   6.053639E+00   3.067110E-01 
  1.603199E+00   6.030470E+00   3.049740E-01 
  1.613178E+00   5.896935E+00   3.013193E-01 
  1.623157E+00   6.052015E+00   3.035279E-01 
  1.633135E+00   5.352906E+00   2.812956E-01 
  1.643114E+00   5.333855E+00   2.851066E-01 
  1.653093E+00   5.649507E+00   2.896002E-01 
  1.663072E+00   5.325663E+00   2.822596E-01 
  1.673051E+00   5.707527E+00   2.918086E-01 
  1.683030E+00   5.580771E+00   2.833207E-01 
  1.693009E+00   5.322218E+00   2.834497E-01 
  1.702987E+00   5.068632E+00   2.713177E-01 
  1.712966E+00   5.487443E+00   2.829933E-01 
  1.722945E+00   4.841764E+00   2.645338E-01 
  1.732924E+00   5.490315E+00   2.794497E-01 
  1.742903E+00   5.549963E+00   2.832203E-01 
  1.752882E+00   4.996875E+00   2.640931E-01 
  1.762861E+00   5.147128E+00   2.716550E-01 
  1.772839E+00   5.015855E+00   2.648890E-01 
  1.782818E+00   5.060426E+00   2.674068E-01 
  1.792797E+00   4.708353E+00   2.583575E-01 
  1.802776E+00   4.626122E+00   2.523303E-01 
  1.812755E+00   4.505253E+00   2.493088E-01 
  1.822734E+00   4.528175E+00   2.485159E-01 
  1.832712E+00   4.875934E+00   6.610041E+00 
  1.842691E+00   4.183584E+00   6.122792E+00 
  1.852670E+00   4.589055E+00   6.412641E+00 
  1.862649E+00   4.784541E+00   6.547800E+00 
  1.872628E+00   4.467104E+00   2.440640E-01 
  1.882607E+00   4.243357E+00   2.384962E-01 
  1.892586E+00   4.196181E+00   2.387879E-01 
  1.902564E+00   4.520523E+00   6.364578E+00 
  1.912543E+00   4.278951E+00   6.192185E+00 
  1.922522E+00   4.467376E+00   2.415680E-01 
  1.932501E+00   4.330874E+00   2.373304E-01 
  1.942480E+00   4.218425E+00   2.350836E-01 
  1.952459E+00   4.313371E+00   2.337329E-01 
  1.962438E+00   4.323689E+00   2.376514E-01 
  1.972416E+00   4.186010E+00   2.314869E-01 
  1.982395E+00   3.939696E+00   2.252174E-01 
  1.992374E+00   4.635555E+00   2.439358E-01 
  2.002353E+00   4.180081E+00   2.284908E-01 
  2.012332E+00   3.825508E+00   2.206153E-01 
  2.022311E+00   3.710074E+00   2.138451E-01 
  2.032290E+00   3.390806E+00   2.065261E-01 
  2.042268E+00   4.044202E+00   2.244419E-01 
  2.052247E+00   3.520432E+00   2.082834E-01 
  2.062226E+00   3.741603E+00   2.161801E-01 
  2.072205E+00   3.642791E+00   2.109352E-01 
  2.082184E+00   4.026291E+00   2.217879E-01 
  2.092163E+00   3.464710E+00   2.057521E-01 
  2.102142E+00   3.418318E+00   2.042836E-01 
  2.112120E+00   3.865667E+00   2.165851E-01 
  2.122099E+00   3.788223E+00   2.120596E-01 
  2.132078E+00   3.644410E+00   2.094760E-01 
  2.142057E+00   3.880240E+00   5.896639E+00 
  2.152036E+00   3.348538E+00   5.477759E+00 
  2.162015E+00   3.620338E+00   2.084789E-01 
  2.171994E+00   3.730793E+00   5.781970E+00 
  2.181972E+00   3.598481E+00   5.678516E+00 
  2.191951E+00   3.544368E+00   5.635658E+00 
  2.201930E+00   3.247027E+00   5.394090E+00 
  2.211909E+00   3.514435E+00   2.025280E-01 
  2.221888E+00   3.823459E+00   2.087235E-01 
  2.231867E+00   3.286808E+00   1.946937E-01 
  2.241845E+00   3.229104E+00   1.919093E-01 
  2.251824E+00   3.644398E+00   2.052992E-01 
  2.261803E+00   3.582077E+00   2.018271E-01 
  2.271782E+00   3.649480E+00   2.024367E-01 
  2.281761E+00   3.354351E+00   1.955896E-01 
  2.291740E+00   3.819172E+00   2.057485E-01 
  2.301719E+00   3.473036E+00   1.966219E-01 
  2.311697E+00   3.264953E+00   1.905191E-01 
  2.321676E+00   3.396875E+00   1.949262E-01 
  2.331655E+00   3.504501E+00   1.971436E-01 
  2.341634E+00   3.348709E+00   1.903290E-01 
  2.351613E+00   3.524832E+00   1.971797E-01 
  2.361592E+00   3.404915E+00   1.933104E-01 
  2.371571E+00   3.400538E+00   1.929633E-01 
  2.381549E+00   3.303225E+00   1.905340E-01 
  2.391528E+00   3.300379E+00   1.863818E-01 
  2.401507E+00   3.198144E+00   1.863421E-01 
  2.411486E+00   3.524182E+00   1.945904E-01 
  2.421465E+00   3.001099E+00   1.783968E-01 
  2.431444E+00   3.322237E+00   1.882174E-01 
  2.441423E+00   3.346935E+00   1.876512E-01 
  2.451401E+00   3.257719E+00   1.873853E-01 
  2.461380E+00   3.465843E+00   1.900179E-01 
  2.471359E+00   3.472075E+00   1.918419E-01 
  2.481338E+00   3.311856E+00   1.863065E-01 
  2.491317E+00   3.131699E+00   1.791561E-01 
  2.501296E+00   3.396579E+00   1.883733E-01 
  2.511275E+00   3.555577E+00   1.911490E-01 
  2.521253E+00   3.395592E+00   5.516111E+00 
  2.531232E+00   3.251112E+00   5.397482E+00 
  2.541211E+00   2.960896E+00   1.746058E-01 
  2.551190E+00   2.981491E+00   1.749103E-01 
  2.561169E+00   3.568403E+00   1.885959E-01 
  2.571148E+00   3.517068E+00   1.893526E-01 
  2.581127E+00   3.334374E+00   1.833956E-01 
  2.591105E+00   3.216725E+00   1.792611E-01 
  2.601084E+00   3.252094E+00   1.809513E-01 
  2.611063E+00   3.075120E+00   1.743402E-01 
  2.621042E+00   3.257413E+00   1.802566E-01 
  2.631021E+00   3.143816E+00   1.774158E-01 
  2.641000E+00   3.477885E+00   1.852246E-01 
  2.650978E+00   3.164739E+00   1.762108E-01 
  2.660957E+00   3.214971E+00   1.775701E-01 
  2.670936E+00   3.202412E+00   1.774184E-01 
  2.680915E+00   3.557516E+00   1.851837E-01 
  2.690894E+00   3.924514E+00   1.980283E-01 
  2.700873E+00   3.131957E+00   1.743195E-01 
  2.710852E+00   3.341540E+00   5.472032E+00 
  2.720830E+00   3.057240E+00   5.234076E+00 
  2.730809E+00   3.369742E+00   5.495074E+00 
  2.740788E+00   3.150233E+00   1.745778E-01 
  2.750767E+00   3.165796E+00   5.326191E+00 
  2.760746E+00   3.181488E+00   5.339375E+00 
  2.770725E+00   3.018199E+00   1.700237E-01 
  2.780704E+00   3.076260E+00   1.685780E-01 
  2.790682E+00   3.008362E+00   1.686685E-01 
  2.800661E+00   3.121310E+00   1.710467E-01 
  2.810640E+00   3.343915E+00   1.759661E-01 
  2.820619E+00   3.240283E+00   1.750711E-01 
  2.830598E+00   3.278058E+00   1.729802E-01 
  2.840577E+00   3.169045E+00   1.722307E-01 
  2.850556E+00   3.021670E+00   1.661965E-01 
  2.860534E+00   3.170353E+00   1.698895E-01 
  2.870513E+00   3.366334E+00   5.492295E+00 
  2.880492E+00   3.161397E+00   5.322490E+00 
  2.890471E+00   3.358943E+00   5.486263E+00 
  2.900450E+00   3.441406E+00   5.553199E+00 
  2.910429E+00   3.419616E+00   5.535590E+00 
  2.920408E+00   3.222331E+00   1.700396E-01 
  2.930386E+00   3.197874E+00   1.695918E-01 
  2.940365E+00   3.353391E+00   1.733718E-01 
  2.950344E+00   3.006794E+00   1.623231E-01 
  2.960323E+00   3.455056E+00   1.761866E-01 
  2.970302E+00   3.103480E+00   1.659923E-01 
  2.980281E+00   3.180979E+00   1.678574E-01 
  2.990260E+00   3.105961E+00   1.667838E-01 
  3.000238E+00   3.182656E+00   1.653333E-01 
  3.010217E+00   3.322732E+00   1.721181E-01 
  3.020196E+00   3.038082E+00   1.621775E-01 
  3.030175E+00   2.990432E+00   1.613080E-01 
  3.040154E+00   3.142877E+00   5.306876E+00 
  3.050133E+00   3.606268E+00   5.684657E+00 
  3.060111E+00   3.303606E+00   1.709987E-01 
  3.070090E+00   3.403120E+00   5.522222E+00 
  3.080069E+00   3.401511E+00   5.520917E+00 
  3.090048E+00   3.044975E+00   1.621408E-01 
  3.100027E+00   3.176500E+00   1.641035E-01 
  3.110006E+00   3.671732E+00   1.774549E-01 
  3.119985E+00   3.375070E+00   1.675677E-01 
  3.129963E+00   3.201885E+00   1.647566E-01 
  3.139942E+00   3.176581E+00   1.633596E-01 
  3.149921E+00   3.529078E+00   1.720619E-01 
  3.159900E+00   3.118895E+00   1.629733E-01 
  3.169879E+00   3.625306E+00   5.699642E+00 
  3.179858E+00   3.377173E+00   5.501130E+00 
  3.189837E+00   3.599231E+00   1.726332E-01 
  3.199815E+00   3.305349E+00   1.647411E-01 
  3.209794E+00   3.024088E+00   1.586011E-01 
  3.219773E+00   3.247815E+00   1.618492E-01 
  3.229752E+00   3.420514E+00   1.692904E-01 
  3.239731E+00   3.214897E+00   1.614405E-01 
  3.249710E+00   3.207309E+00   1.617873E-01 
  3.259689E+00   3.479119E+00   1.678639E-01 
  3.269667E+00   3.640608E+00   1.710507E-01 
  3.279646E+00   3.254774E+00   1.633524E-01 
  3.289625E+00   3.159763E+00   1.586476E-01 
  3.299604E+00   3.606793E+00   1.700259E-01 
  3.309583E+00   3.131895E+00   1.586545E-01 
  3.319562E+00   2.974724E+00   1.541163E-01 
  3.329541E+00   3.077343E+00   1.572201E-01 
  3.339519E+00   3.218124E+00   1.583535E-01 
  3.349498E+00   3.089187E+00   1.571215E-01 
  3.359477E+00   3.337154E+00   5.468439E+00 
  3.369456E+00   3.314594E+00   5.449924E+00 
  3.379435E+00   3.465515E+00   5.572616E+00 
  3.389414E+00   3.234173E+00   5.383403E+00 
  3.399392E+00   3.300878E+00   1.614045E-01 
  3.409371E+00   3.170291E+00   1.574242E-01 
  3.419350E+00   3.480118E+00   5.584345E+00 
  3.429329E+00   3.091503E+00   5.263324E+00 
  3.439308E+00   3.324346E+00   5.457935E+00 
  3.449287E+00   3.356650E+00   1.613697E-01 
  3.459266E+00   3.496633E+00   1.627342E-01 
  3.469244E+00   3.370201E+00   1.600220E-01 
  3.479223E+00   3.247453E+00   5.394444E+00 
  3.489202E+00   3.457214E+00   5.565938E+00 
  3.499181E+00   3.526193E+00   5.621191E+00 
  3.509160E+00   3.226817E+00   5.377277E+00 
  3.519139E+00   3.366160E+00   1.592707E-01 
  3.529118E+00   3.366708E+00   1.590406E-01 
  3.539096E+00   3.160007E+00   1.544127E-01 
  3.549075E+00   3.435887E+00   1.614106E-01 
  3.559054E+00   3.217102E+00   1.537191E-01 
  3.569033E+00   3.234364E+00   1.562367E-01 
  3.579012E+00   3.309541E+00   1.563611E-01 
  3.588991E+00   3.273707E+00   1.564807E-01 
  3.598970E+00   3.062429E+00   1.503420E-01 
  3.608948E+00   3.017544E+00   1.494713E-01 
  3.618927E+00   3.462292E+00   1.606910E-01 
  3.628906E+00   3.051893E+00   1.483881E-01 
  3.638885E+00   3.267397E+00   1.545977E-01 
  3.648864E+00   3.018401E+00   1.479893E-01 
  3.658843E+00   3.531640E+00   1.609150E-01 
  3.668822E+00   3.242704E+00   5.390498E+00 
  3.678800E+00   3.247433E+00   5.394428E+00 
  3.688779E+00   3.421559E+00   1.584802E-01 
  3.698758E+00   2.992166E+00   1.458845E-01 
  3.708737E+00   3.152955E+00   1.511517E-01 
  3.718716E+00   3.388736E+00   1.562705E-01 
  3.728695E+00   3.335635E+00   1.540777E-01 
  3.738674E+00   3.369754E+00   1.563426E-01 
  3.748652E+00   2.934828E+00   1.438709E-01 
  3.758631E+00   3.194188E+00   5.350021E+00 
  3.768610E+00   3.390338E+00   5.511842E+00 
  3.778589E+00   3.321668E+00   5.455736E+00 
  3.788568E+00   3.266477E+00   1.534315E-01 
  3.798547E+00   3.197451E+00   1.486688E-01 
  3.808525E+00   3.230410E+00   5.380270E+00 
  3.818504E+00   3.080432E+00   5.253891E+00 
  3.828483E+00   3.474798E+00   1.562500E-01 
  3.838462E+00   3.327328E+00   5.460383E+00 
  3.848441E+00   3.004408E+00   5.188654E+00 
  3.858420E+00   2.901684E+00   1.421504E-01 
  3.868399E+00   3.050949E+00   1.446289E-01 
  3.878377E+00   3.056509E+00   1.454358E-01 
  3.888356E+00   3.326563E+00   1.511696E-01 
  3.898335E+00   3.391453E+00   1.523483E-01 
  3.908314E+00   3.245177E+00   1.504915E-01 
  3.918293E+00   3.394353E+00   1.512625E-01 
  3.928272E+00   3.037007E+00   1.439679E-01 
  3.938251E+00   3.201842E+00   1.463631E-01 
  3.948229E+00   3.353581E+00   1.504287E-01 
  3.958208E+00   3.439556E+00   1.533439E-01 
  3.968187E+00   3.409439E+00   1.514842E-01 
  3.978166E+00   3.207617E+00   1.471192E-01 
  3.988145E+00   3.322964E+00   5.456801E+00 
  3.998124E+00   3.588406E+00   5.670561E+00 
  4.008103E+00   3.039308E+00   1.416899E-01 
  4.018081E+00   3.431003E+00   1.513173E-01 
  4.028060E+00   3.080720E+00   1.436393E-01 
  4.038039E+00   3.124785E+00   1.435079E-01 
  4.048018E+00   3.356183E+00   1.492006E-01 
  4.057997E+00   3.234500E+00   5.383675E+00 
  4.067976E+00   3.290942E+00   5.430444E+00 
  4.077955E+00   3.214431E+00   5.366947E+00 
  4.087933E+00   3.387071E+00   5.509185E+00 
  4.097912E+00   3.250306E+00   1.468817E-01 
  4.107891E+00   2.927989E+00   1.370315E-01 
  4.117870E+00   3.269012E+00   1.466175E-01 
  4.127849E+00   3.156407E+00   1.430951E-01 
  4.137828E+00   3.279437E+00   1.452786E-01 
  4.147807E+00   3.397089E+00   1.498039E-01 
  4.157785E+00   3.259883E+00   1.438319E-01 
  4.167764E+00   3.096164E+00   1.417277E-01 
  4.177743E+00   3.317052E+00   5.451944E+00 
  4.187722E+00   3.277376E+00   5.419240E+00 
  4.197701E+00   3.027044E+00   5.208164E+00 
  4.207680E+00   3.468238E+00   1.480046E-01 
  4.217658E+00   3.237229E+00   1.443236E-01 
  4.227637E+00   3.022962E+00   1.378809E-01 
  4.237616E+00   3.154330E+00   1.414392E-01 
  4.247595E+00   3.138517E+00   1.407817E-01 
  4.257574E+00   3.336590E+00   1.449158E-01 
  4.267553E+00   3.412099E+00   5.529503E+00 
  4.277532E+00   3.079090E+00   5.252747E+00 
  4.287510E+00   2.971803E+00   5.160423E+00 
  4.297489E+00   3.122692E+00   5.289808E+00 
  4.307468E+00   3.407483E+00   5.525761E+00 
  4.317447E+00   3.520790E+00   1.481207E-01 
  4.327426E+00   3.342500E+00   1.441319E-01 
  4.337405E+00   3.292458E+00   1.427890E-01 
  4.347384E+00   3.382914E+00   1.438247E-01 
  4.357362E+00   3.231649E+00   1.419740E-01 
  4.367341E+00   3.478422E+00   1.465507E-01 
  4.377320E+00   3.191697E+00   1.402188E-01 
  4.387299E+00   3.401325E+00   1.445659E-01 
  4.397278E+00   3.219434E+00   1.390998E-01 
  4.407257E+00   3.366334E+00   1.440499E-01 
  4.417236E+00   3.495996E+00   1.445268E-01 
  4.427214E+00   3.278728E+00   1.416616E-01 
  4.437193E+00   3.229058E+00   1.397768E-01 
  4.447172E+00   3.261152E+00   1.407868E-01 
  4.457151E+00   3.464550E+00   5.571840E+00 
  4.467130E+00   3.644721E+00   5.714884E+00 
  4.477109E+00   3.121150E+00   1.375931E-01 
  4.487088E+00   3.252422E+00   1.393747E-01 
  4.497066E+00   3.293375E+00   1.399069E-01 
  4.507045E+00   3.317405E+00   1.418991E-01 
  4.517024E+00   3.147975E+00   1.355777E-01 
  4.527003E+00   3.231456E+00   1.395620E-01 
  4.536982E+00   3.405250E+00   5.523951E+00 
  4.546961E+00   3.092242E+00   5.263953E+00 
  4.556940E+00   3.160510E+00   5.321742E+00 
  4.566918E+00   3.316230E+00   1.396385E-01 
  4.576897E+00   3.209796E+00   1.381372E-01 
  4.586876E+00   3.204122E+00   1.363074E-01 
  4.596855E+00   3.180348E+00   1.368699E-01 
  4.606834E+00   3.406748E+00   1.401871E-01 
  4.616813E+00   3.118314E+00   1.356917E-01 
  4.626791E+00   3.276321E+00   1.383115E-01 
  4.636770E+00   3.221785E+00   1.360093E-01 
  4.646749E+00   3.177409E+00   1.361053E-01 
  4.656728E+00   3.323900E+00   1.381747E-01 
  4.666707E+00   3.346011E+00   1.392142E-01 
  4.676686E+00   3.288875E+00   1.367329E-01 
  4.686665E+00   3.205722E+00   1.356410E-01 
  4.696643E+00   3.211663E+00   1.370005E-01 
  4.706622E+00   3.230511E+00   5.380354E+00 
  4.716601E+00   3.308259E+00   5.444713E+00 
  4.726580E+00   3.489266E+00   1.449388E-01 
  4.736559E+00   3.397127E+00   1.447067E-01 
  4.746538E+00   3.098713E+00   1.382252E-01 
  4.756517E+00   3.370909E+00   1.438511E-01 
  4.766495E+00   3.295455E+00   1.451981E-01 
  4.776474E+00   3.167974E+00   1.410789E-01 
  4.786453E+00   2.961538E+00   1.371906E-01 
  4.796432E+00   3.061633E+00   1.394009E-01 
  4.806411E+00   3.279463E+00   1.449332E-01 
  4.816390E+00   3.243851E+00   5.391451E+00 
  4.826369E+00   3.469140E+00   5.575530E+00 
  4.836347E+00   3.131426E+00   5.297200E+00 
  4.846326E+00   3.316688E+00   5.451645E+00 
  4.856305E+00   3.362158E+00   1.496614E-01 
  4.866284E+00   3.311233E+00   1.468772E-01 
  4.876263E+00   3.369027E+00   1.488562E-01 
  4.886242E+00   3.345768E+00   1.532629E-01 
  4.896221E+00   3.615034E+00   1.588844E-01 
  4.906199E+00   3.187049E+00   1.514965E-01 
  4.916178E+00   3.229055E+00   1.518617E-01 
  4.926157E+00   3.284685E+00   1.546491E-01 
  4.936136E+00   3.309440E+00   1.577498E-01 
  4.946115E+00   3.613731E+00   1.629196E-01 
  4.956094E+00   3.082843E+00   1.524962E-01 
  4.966073E+00   3.561855E+00   1.634291E-01 
  4.976051E+00   3.387593E+00   1.609054E-01 
  4.986030E+00   3.639260E+00   1.667628E-01 
  4.996009E+00   3.364126E+00   1.600508E-01 
  5.005988E+00   3.023117E+00   1.542486E-01 
  5.015967E+00   3.232821E+00   1.592697E-01 
  5.025946E+00   3.260654E+00   1.604463E-01 
  5.035924E+00   3.291058E+00   1.595120E-01 
  5.045903E+00   3.264492E+00   1.621654E-01 
  5.055882E+00   3.319616E+00   1.632370E-01 
  5.065861E+00   3.207304E+00   1.606939E-01 
  5.075840E+00   3.414445E+00   1.670060E-01 
  5.085819E+00   3.434746E+00   5.547823E+00 
  5.095798E+00   3.289005E+00   5.428846E+00 
  5.105776E+00   3.466153E+00   5.573129E+00 
  5.115755E+00   3.425645E+00   5.540468E+00 
  5.125734E+00   3.502356E+00   5.602159E+00 
  5.135713E+00   3.337613E+00   5.468815E+00 
  5.145692E+00   3.148059E+00   5.311249E+00 
  5.155671E+00   3.296020E+00   5.434632E+00 
  5.165650E+00   3.443246E+00   5.554683E+00 
  5.175628E+00   3.467658E+00   5.574339E+00 
  5.185607E+00   3.544525E+00   5.635783E+00 
  5.195586E+00   3.422830E+00   5.538191E+00 
  5.205565E+00   3.523479E+00   5.619027E+00 
  5.215544E+00   3.588656E+00   5.670758E+00 
  5.225523E+00   3.577511E+00   5.661946E+00 
  5.235502E+00   3.395701E+00   5.516200E+00 
  5.245480E+00   3.269566E+00   5.412779E+00 
  5.255459E+00   3.456036E+00   5.564990E+00 
  5.265438E+00   3.347312E+00   5.476756E+00 
  5.275417E+00   3.341718E+00   5.472177E+00 
  5.285396E+00   3.197611E+00   5.352887E+00 
  5.295375E+00   3.332220E+00   5.464395E+00 
  5.305354E+00   3.301014E+00   5.438748E+00 
  5.315332E+00   3.225916E+00   5.376526E+00 
  5.325311E+00   3.316285E+00   5.451313E+00 
  5.335290E+00   3.419792E+00   5.535732E+00 
  5.345269E+00   3.523103E+00   5.618727E+00 
  5.355248E+00   3.512664E+00   5.610397E+00 
  5.365227E+00   3.179666E+00   5.337846E+00 
  5.375205E+00   3.349580E+00   5.478611E+00 
  5.385184E+00   3.355936E+00   5.483806E+00 
  5.395163E+00   3.375738E+00   5.499961E+00 
  5.405142E+00   3.243183E+00   5.390897E+00 
  5.415121E+00   3.622214E+00   5.697211E+00 
  5.425100E+00   3.674983E+00   5.738560E+00 
  5.435079E+00   3.363885E+00   5.490297E+00 
  5.445057E+00   3.479364E+00   5.583740E+00 
  5.455036E+00   3.559520E+00   5.647692E+00 
  5.465015E+00   3.446378E+00   5.557209E+00 
  5.474994E+00   3.219892E+00   5.371504E+00 
  5.484973E+00   3.369290E+00   5.494706E+00 
  5.494952E+00   3.377388E+00   5.501306E+00 
  5.504931E+00   3.294288E+00   5.433204E+00 
  5.514909E+00   3.183430E+00   5.341004E+00 
  5.524888E+00   3.584351E+00   5.667356E+00 
  5.534867E+00   3.507672E+00   5.606409E+00 
  5.544846E+00   3.326363E+00   5.459591E+00 
  5.554825E+00   3.432269E+00   5.545822E+00 
  5.564804E+00   3.364312E+00   5.490646E+00 
  5.574783E+00   3.612822E+00   5.689820E+00 
  5.584761E+00   3.703931E+00   5.761118E+00 
  5.594740E+00   3.337154E+00   5.468439E+00 
  5.604719E+00   3.517182E+00   5.614004E+00 
  5.614698E+00   3.449977E+00   5.560110E+00 
  5.624677E+00   3.475599E+00   5.580718E+00 
  5.634656E+00   3.274496E+00   5.416859E+00 
  5.644635E+00   3.664276E+00   5.730195E+00 
  5.654613E+00   3.329841E+00   5.462444E+00 
  5.664592E+00   3.700124E+00   5.758156E+00 
  5.674571E+00   3.402225E+00   5.521497E+00 
  5.684550E+00   3.582763E+00   5.666101E+00 
  5.694529E+00   3.482764E+00   5.586468E+00 
  5.704508E+00   3.550185E+00   5.640281E+00 
  5.714487E+00   3.407120E+00   5.525466E+00 
  5.724465E+00   3.301708E+00   5.439320E+00 
  5.734444E+00   3.568848E+00   5.655087E+00 
  5.744423E+00   3.495356E+00   5.596557E+00 
  5.754402E+00   3.555574E+00   5.644560E+00 
  5.764381E+00   3.689594E+00   5.749956E+00 
  5.774360E+00   3.487261E+00   5.590073E+00 
  5.784338E+00   3.984991E+00   5.975702E+00 
  5.794317E+00   3.786309E+00   5.824830E+00 
  5.804296E+00   3.696168E+00   5.755076E+00 
  5.814275E+00   3.645770E+00   5.715706E+00 
  5.824254E+00   3.695371E+00   5.754456E+00 
  5.834233E+00   3.785736E+00   5.824390E+00 
  5.844212E+00   3.480433E+00   5.584598E+00 
  5.854190E+00   3.947071E+00   5.947203E+00 
  5.864169E+00   3.657436E+00   5.724844E+00 
  5.874148E+00   3.312761E+00   5.448417E+00 
  5.884127E+00   3.708278E+00   5.764497E+00 
  5.894106E+00   3.502888E+00   5.602584E+00 
  5.904085E+00   3.781754E+00   5.821326E+00 
  5.914064E+00   3.595582E+00   5.676228E+00 
  5.924042E+00   3.436963E+00   5.549613E+00 
  5.934021E+00   3.673720E+00   5.737574E+00 
  5.944000E+00   3.686125E+00   5.747253E+00 
  5.953979E+00   3.760525E+00   5.804964E+00 
  5.963958E+00   3.887072E+00   5.901828E+00 
  5.973937E+00   3.665038E+00   5.730790E+00 
  5.983916E+00   3.532545E+00   5.626251E+00 
  5.993894E+00   3.481625E+00   5.585554E+00 
  6.003873E+00   3.742245E+00   5.790837E+00 
  6.013852E+00   3.557927E+00   5.646428E+00 
  6.023831E+00   3.791951E+00   5.829169E+00 
  6.033810E+00   3.527688E+00   5.622382E+00 
  6.043789E+00   3.723919E+00   5.776641E+00 
  6.053768E+00   3.855504E+00   5.877814E+00 
  6.063746E+00   3.753967E+00   5.799900E+00 
  6.073725E+00   3.775110E+00   5.816210E+00 
  6.083704E+00   3.669084E+00   5.733952E+00 
  6.093683E+00   3.935695E+00   5.938626E+00 
  6.103662E+00   3.681488E+00   5.743636E+00 
  6.113641E+00   3.876362E+00   5.893692E+00 
  6.123620E+00   3.867069E+00   5.886623E+00 
  6.133598E+00   3.851439E+00   5.874714E+00 
  6.143577E+00   3.617295E+00   5.693342E+00 
  6.153556E+00   3.579525E+00   5.663540E+00 
  6.163535E+00   3.785611E+00   5.824294E+00 
  6.173514E+00   3.442606E+00   5.554167E+00 
  6.183493E+00   3.480925E+00   5.584993E+00 
  6.193471E+00   3.849797E+00   5.873462E+00 
  6.203450E+00   3.818044E+00   5.849190E+00 
  6.213429E+00   3.648240E+00   5.717642E+00 
  6.223408E+00   3.501933E+00   5.601821E+00 
  6.233387E+00   3.945400E+00   5.945943E+00 
  6.243366E+00   3.456454E+00   5.565327E+00 
  6.253345E+00   3.985656E+00   5.976201E+00 
  6.263323E+00   3.644592E+00   5.714783E+00 
  6.273302E+00   3.706042E+00   5.762759E+00 
  6.283281E+00   3.878341E+00   5.895196E+00 
  6.293260E+00   3.965289E+00   5.960911E+00 
  6.303239E+00   3.804673E+00   5.838939E+00 
  6.313218E+00   4.091358E+00   6.054929E+00 
  6.323197E+00   3.907961E+00   5.917665E+00 
  6.333175E+00   3.768249E+00   5.810923E+00 
  6.343154E+00   3.911814E+00   5.920582E+00 
  6.353133E+00   4.052371E+00   6.026010E+00 
  6.363112E+00   3.724692E+00   5.777241E+00 
  6.373091E+00   3.811716E+00   5.844341E+00 
  6.383070E+00   3.912836E+00   5.921355E+00 
  6.393049E+00   3.590928E+00   5.672553E+00 
  6.403027E+00   3.892612E+00   5.906032E+00 
  6.413006E+00   4.106531E+00   6.066146E+00 
  6.422985E+00   4.141289E+00   6.091763E+00 
  6.432964E+00   3.616584E+00   5.692782E+00 
  6.442943E+00   3.747731E+00   5.795080E+00 
  6.452922E+00   3.770085E+00   5.812338E+00 
  6.462901E+00   3.672330E+00   5.736489E+00 
  6.472879E+00   4.355019E+00   6.246983E+00 
  6.482858E+00   4.067114E+00   6.036962E+00 
  6.492837E+00   3.706279E+00   5.762943E+00 
  6.502816E+00   3.854055E+00   5.876709E+00 
  6.512795E+00   3.808373E+00   5.841777E+00 
  6.522774E+00   3.923678E+00   5.929553E+00 
  6.532753E+00   3.819989E+00   5.850679E+00 
  6.542731E+00   3.622927E+00   5.697772E+00 
  6.552710E+00   3.888904E+00   5.903218E+00 
  6.562689E+00   3.838228E+00   5.864631E+00 
  6.572668E+00   3.841072E+00   5.866803E+00 
  6.582647E+00   3.823419E+00   5.853306E+00 
  6.592626E+00   3.811250E+00   5.843984E+00 
  6.602604E+00   3.840849E+00   5.866632E+00 
  6.612583E+00   3.793164E+00   5.830101E+00 
  6.622562E+00   3.813948E+00   5.846051E+00 
  6.632541E+00   3.750169E+00   5.796965E+00 
  6.642520E+00   4.085636E+00   6.050693E+00 
  6.652499E+00   3.919135E+00   5.926119E+00 
  6.662478E+00   4.286712E+00   6.197798E+00 
  6.672456E+00   3.739752E+00   5.788908E+00 
  6.682435E+00   4.095938E+00   6.058317E+00 
  6.692414E+00   3.786075E+00   5.824650E+00 
  6.702393E+00   4.131401E+00   6.084486E+00 
  6.712372E+00   3.901107E+00   5.912474E+00 
  6.722351E+00   4.051803E+00   6.025588E+00 
  6.732330E+00   4.194418E+00   6.130715E+00 
  6.742308E+00   3.989089E+00   5.978774E+00 
  6.752287E+00   3.771244E+00   5.813231E+00 
  6.762266E+00   3.851024E+00   5.874398E+00 
  6.772245E+00   3.981142E+00   5.972816E+00 
  6.782224E+00   4.163489E+00   6.108070E+00 
  6.792203E+00   3.739979E+00   5.789084E+00 
  6.802182E+00   3.905981E+00   5.916166E+00 
  6.812160E+00   4.033647E+00   6.012073E+00 
  6.822139E+00   4.026703E+00   6.006895E+00 
  6.832118E+00   4.196949E+00   6.132564E+00 
  6.842097E+00   3.697905E+00   5.756429E+00 
  6.852076E+00   3.991438E+00   5.980534E+00 
  6.862055E+00   4.013624E+00   5.997132E+00 
  6.872034E+00   4.060423E+00   6.031994E+00 
  6.882012E+00   4.020198E+00   6.002041E+00 
  6.891991E+00   4.008254E+00   5.993118E+00 
  6.901970E+00   4.164983E+00   6.109166E+00 
  6.911949E+00   4.063238E+00   6.034085E+00 
  6.921928E+00   4.053924E+00   6.027164E+00 
  6.931907E+00   4.139110E+00   6.090161E+00 
  6.941886E+00   4.227779E+00   6.155048E+00 
  6.951864E+00   4.441408E+00   6.308638E+00 
  6.961843E+00   3.901564E+00   5.912820E+00 
  6.971822E+00   4.012570E+00   5.996344E+00 
  6.981801E+00   4.000650E+00   5.987431E+00 
  6.991780E+00   3.990857E+00   5.980099E+00 
  7.001759E+00   4.195246E+00   6.131320E+00 
  7.011737E+00   4.292562E+00   6.202025E+00 
  7.021716E+00   4.133566E+00   6.086081E+00 
  7.031695E+00   4.174790E+00   6.116354E+00 
  7.041674E+00   4.106468E+00   6.066099E+00 
  7.051653E+00   4.109805E+00   6.068563E+00 
  7.061632E+00   4.077565E+00   6.044714E+00 
  7.071611E+00   4.350128E+00   6.243473E+00 
  7.081589E+00   4.704263E+00   6.492636E+00 
  7.091568E+00   4.054036E+00   6.027248E+00 
  7.101547E+00   4.077478E+00   6.044649E+00 
  7.111526E+00   4.205025E+00   6.138461E+00 
  7.121505E+00   4.089919E+00   6.053864E+00 
  7.131484E+00   4.359043E+00   6.249868E+00 
  7.141463E+00   4.150217E+00   6.098326E+00 
  7.151441E+00   4.044697E+00   6.020302E+00 
  7.161420E+00   3.770572E+00   5.812713E+00 
  7.171399E+00   3.992695E+00   5.981475E+00 
  7.181378E+00   4.083398E+00   6.049035E+00 
  7.191357E+00   3.712703E+00   5.767935E+00 
  7.201336E+00   4.354229E+00   6.246416E+00 
  7.211315E+00   4.026784E+00   6.006956E+00 
  7.221293E+00   4.315432E+00   6.218525E+00 
  7.231272E+00   4.008525E+00   5.993321E+00 
  7.241251E+00   4.036760E+00   6.014392E+00 
  7.251230E+00   4.110902E+00   6.069373E+00 
  7.261209E+00   3.939954E+00   5.941838E+00 
  7.271188E+00   3.680554E+00   5.742908E+00 
  7.281167E+00   3.877760E+00   5.894755E+00 
  7.291145E+00   4.303670E+00   6.210045E+00 
  7.301124E+00   4.478858E+00   6.335179E+00 
  7.311103E+00   4.257803E+00   6.176864E+00 
  7.321082E+00   4.184806E+00   6.123686E+00 
  7.331061E+00   4.198855E+00   6.133957E+00 
  7.341040E+00   4.324496E+00   6.225052E+00 
  7.351019E+00   4.259367E+00   6.177998E+00 
  7.360997E+00   4.072987E+00   6.041319E+00 
  7.370976E+00   4.430828E+00   6.301120E+00 
  7.380955E+00   4.251601E+00   6.172364E+00 
  7.390934E+00   3.949911E+00   1.751107E-01 
  7.400913E+00   4.163171E+00   1.794870E-01 
  7.410892E+00   4.273531E+00   1.813816E-01 
  7.420870E+00   4.197381E+00   1.812046E-01 
  7.430849E+00   4.229594E+00   1.788032E-01 
  7.440828E+00   4.127957E+00   1.798166E-01 
  7.450807E+00   4.301221E+00   1.815782E-01 
  7.460786E+00   4.322772E+00   6.223811E+00 
  7.470765E+00   4.125784E+00   6.080349E+00 
  7.480744E+00   4.127765E+00   1.794270E-01 
  7.490722E+00   4.375199E+00   1.841180E-01 
  7.500701E+00   4.437328E+00   1.849399E-01 
  7.510680E+00   4.434169E+00   1.853031E-01 
  7.520659E+00   4.481208E+00   6.336841E+00 
  7.530638E+00   3.980351E+00   5.972222E+00 
  7.540617E+00   4.367666E+00   6.256046E+00 
  7.550596E+00   4.124031E+00   6.079057E+00 
  7.560574E+00   4.063617E+00   6.034366E+00 
  7.570553E+00   4.200506E+00   6.135163E+00 
  7.580532E+00   4.553762E+00   6.387934E+00 
  7.590511E+00   4.643292E+00   6.450424E+00 
  7.600490E+00   4.579654E+00   6.406069E+00 
  7.610469E+00   4.509831E+00   6.357047E+00 
  7.620448E+00   4.493720E+00   6.345681E+00 
  7.630426E+00   4.292448E+00   6.201943E+00 
  7.640405E+00   4.335758E+00   6.233153E+00 
  7.650384E+00   4.442144E+00   1.846407E-01 
  7.660363E+00   4.118124E+00   6.074702E+00 
  7.670342E+00   4.313798E+00   6.217348E+00 
  7.680321E+00   4.316454E+00   1.832759E-01 
  7.690300E+00   4.128432E+00   1.799876E-01 
  7.700278E+00   4.401485E+00   1.838359E-01 
  7.710257E+00   4.525476E+00   1.874968E-01 
  7.720236E+00   4.271116E+00   6.186513E+00 
  7.730215E+00   4.401834E+00   6.280470E+00 
  7.740194E+00   4.392286E+00   1.834904E-01 
  7.750173E+00   4.270683E+00   1.815160E-01 
  7.760151E+00   3.853494E+00   1.746974E-01 
  7.770130E+00   4.485147E+00   1.876778E-01 
  7.780109E+00   4.191972E+00   1.794523E-01 
  7.790088E+00   4.463236E+00   1.868526E-01 
  7.800067E+00   4.540073E+00   1.888225E-01 
  7.810046E+00   4.420387E+00   1.857109E-01 
  7.820025E+00   4.125268E+00   1.790956E-01 
  7.830003E+00   4.159963E+00   1.799249E-01 
  7.839982E+00   4.581229E+00   6.407170E+00 
  7.849961E+00   4.355295E+00   6.247181E+00 
  7.859940E+00   4.094590E+00   1.801565E-01 
  7.869919E+00   4.318849E+00   1.828117E-01 
  7.879898E+00   4.320201E+00   1.834350E-01 
  7.889877E+00   4.389964E+00   1.858420E-01 
  7.899855E+00   4.589718E+00   6.413103E+00 
  7.909834E+00   4.449486E+00   6.314372E+00 
  7.919813E+00   4.585136E+00   1.879532E-01 
  7.929792E+00   4.841549E+00   1.952808E-01 
  7.939771E+00   4.471023E+00   1.873428E-01 
  7.949750E+00   4.500733E+00   1.875110E-01 
  7.959729E+00   4.314154E+00   6.217605E+00 
  7.969707E+00   4.471785E+00   6.330175E+00 
  7.979686E+00   4.692526E+00   6.484531E+00 
  7.989665E+00   4.635531E+00   1.905900E-01 
  7.999644E+00   4.301531E+00   1.826423E-01 
  8.009623E+00   4.271457E+00   1.839641E-01 
  8.019602E+00   4.049508E+00   1.775621E-01 
  8.029581E+00   4.265063E+00   1.831798E-01 
  8.039559E+00   4.543281E+00   1.878222E-01 
  8.049538E+00   4.599969E+00   1.896092E-01 
  8.059517E+00   4.052976E+00   1.791179E-01 
  8.069496E+00   4.489032E+00   1.873489E-01 
  8.079475E+00   4.886200E+00   1.947389E-01 
  8.089454E+00   4.802841E+00   1.948514E-01 
  8.099433E+00   4.539443E+00   1.889795E-01 
  8.109411E+00   4.470990E+00   1.876712E-01 
  8.119390E+00   4.402653E+00   1.852534E-01 
  8.129369E+00   4.515533E+00   6.361064E+00 
  8.139348E+00   4.631234E+00   6.442043E+00 
  8.149327E+00   4.556536E+00   1.881389E-01 
  8.159306E+00   4.319031E+00   1.854769E-01 
  8.169284E+00   4.708945E+00   1.916741E-01 
  8.179263E+00   4.633582E+00   1.907616E-01 
  8.189242E+00   4.787981E+00   1.934351E-01 
  8.199221E+00   4.551078E+00   1.901770E-01 
  8.209200E+00   4.240596E+00   1.820552E-01 
  8.219179E+00   4.377917E+00   1.852190E-01 
  8.229158E+00   4.818926E+00   1.946155E-01 
  8.239136E+00   4.634664E+00   1.914562E-01 
  8.249115E+00   4.564593E+00   1.886324E-01 
  8.259094E+00   4.425416E+00   1.865090E-01 
  8.269073E+00   4.561617E+00   1.888127E-01 
  8.279052E+00   4.365877E+00   1.852076E-01 
  8.289031E+00   4.370585E+00   6.258137E+00 
  8.299010E+00   4.853022E+00   6.594493E+00 
  8.308988E+00   4.457703E+00   1.870213E-01 
  8.318967E+00   4.403095E+00   1.855485E-01 
  8.328946E+00   4.791744E+00   1.943309E-01 
  8.338925E+00   4.687471E+00   1.926146E-01 
  8.348904E+00   4.440734E+00   1.860539E-01 
  8.358883E+00   4.778079E+00   1.945590E-01 
  8.368862E+00   4.544052E+00   1.889880E-01 
  8.378840E+00   4.595885E+00   6.417411E+00 
  8.388819E+00   4.495282E+00   6.346784E+00 
  8.398798E+00   4.726564E+00   6.508007E+00 
  8.408777E+00   4.290503E+00   6.200538E+00 
  8.418756E+00   4.541942E+00   6.379639E+00 
  8.428735E+00   4.635971E+00   6.445337E+00 
  8.438714E+00   4.759522E+00   6.530658E+00 
  8.448692E+00   4.678439E+00   1.913860E-01 
  8.458671E+00   4.633429E+00   1.902528E-01 
  8.468650E+00   4.789764E+00   1.954501E-01 
  8.478629E+00   5.000545E+00   6.693973E+00 
  8.488608E+00   4.664718E+00   6.465289E+00 
  8.498587E+00   4.719238E+00   6.502962E+00 
  8.508566E+00   4.777031E+00   6.542659E+00 
  8.518544E+00   4.960881E+00   6.667372E+00 
  8.528523E+00   4.245956E+00   6.168265E+00 
  8.538502E+00   4.508836E+00   6.356345E+00 
  8.548481E+00   4.687349E+00   6.480954E+00 
  8.558460E+00   4.872477E+00   6.607698E+00 
  8.568439E+00   4.317871E+00   6.220282E+00 
  8.578417E+00   4.711486E+00   1.918474E-01 
  8.588396E+00   5.198412E+00   2.024829E-01 
  8.598375E+00   4.563483E+00   6.394749E+00 
  8.608354E+00   4.881052E+00   6.613509E+00 
  8.618333E+00   4.846949E+00   1.941513E-01 
  8.628312E+00   4.804114E+00   1.957815E-01 
  8.638291E+00   4.763330E+00   1.940486E-01 
  8.648269E+00   4.909749E+00   1.959512E-01 
  8.658248E+00   5.005515E+00   1.983942E-01 
  8.668227E+00   4.744278E+00   1.953917E-01 
  8.678206E+00   5.089841E+00   1.997076E-01 
  8.688185E+00   4.754719E+00   1.926328E-01 
  8.698164E+00   4.437311E+00   1.883329E-01 
  8.708143E+00   4.358031E+00   1.850413E-01 
  8.718121E+00   5.012096E+00   1.989490E-01 
  8.728100E+00   5.028838E+00   1.994565E-01 
  8.738079E+00   4.590484E+00   6.413639E+00 
  8.748058E+00   4.354016E+00   6.246263E+00 
  8.758037E+00   5.063607E+00   2.000691E-01 
  8.768016E+00   4.871688E+00   1.961077E-01 
  8.777995E+00   4.563613E+00   1.893110E-01 
  8.787973E+00   4.895934E+00   1.985169E-01 
  8.797952E+00   4.969142E+00   1.981830E-01 
  8.807931E+00   4.701327E+00   6.490610E+00 
  8.817910E+00   5.222548E+00   6.840951E+00 
  8.827889E+00   5.264315E+00   6.868252E+00 
  8.837868E+00   4.832029E+00   6.580214E+00 
  8.847847E+00   4.879842E+00   1.964551E-01 
  8.857825E+00   4.732438E+00   6.512050E+00 
  8.867804E+00   4.841078E+00   6.586373E+00 
  8.877783E+00   4.955114E+00   6.663495E+00 
  8.887762E+00   4.790806E+00   6.552086E+00 
  8.897741E+00   4.978961E+00   1.975465E-01 
  8.907720E+00   5.023761E+00   1.988926E-01 
  8.917699E+00   4.587906E+00   1.904827E-01 
  8.927677E+00   5.177921E+00   2.020099E-01 
  8.937656E+00   4.788667E+00   1.950808E-01 
  8.947635E+00   5.020611E+00   6.707390E+00 
  8.957614E+00   5.025400E+00   6.710588E+00 
  8.967593E+00   5.009624E+00   1.981777E-01 
  8.977572E+00   4.680102E+00   1.933332E-01 
  8.987550E+00   4.854334E+00   1.957965E-01 
  8.997529E+00   4.771274E+00   1.936600E-01 
  9.007508E+00   4.972926E+00   1.997494E-01 
  9.017487E+00   4.881424E+00   1.966396E-01 
  9.027466E+00   5.057393E+00   1.994936E-01 
  9.037445E+00   4.957617E+00   1.976542E-01 
  9.047424E+00   5.066748E+00   2.027413E-01 
  9.057402E+00   4.987527E+00   6.685254E+00 
  9.067381E+00   5.029243E+00   6.713153E+00 
  9.077360E+00   4.703461E+00   1.940201E-01 
  9.087339E+00   5.083089E+00   2.003514E-01 
  9.097318E+00   5.133787E+00   2.012583E-01 
  9.107297E+00   4.875937E+00   1.978169E-01 
  9.117276E+00   5.034556E+00   1.996331E-01 
  9.127254E+00   4.582106E+00   1.901500E-01 
  9.137233E+00   4.581429E+00   1.917066E-01 
  9.147212E+00   4.699728E+00   1.925794E-01 
  9.157191E+00   4.989328E+00   1.986723E-01 
  9.167170E+00   5.129111E+00   2.017147E-01 
  9.177149E+00   5.035761E+00   1.994176E-01 
  9.187128E+00   4.995611E+00   1.974689E-01 
  9.197106E+00   4.779135E+00   6.544099E+00 
  9.207085E+00   5.254914E+00   6.862116E+00 
  9.217064E+00   5.042629E+00   6.722081E+00 
  9.227043E+00   5.000825E+00   2.000137E-01 
  9.237022E+00   4.563203E+00   1.906837E-01 
  9.247001E+00   5.080958E+00   1.993590E-01 
  9.256980E+00   4.833154E+00   1.960617E-01 
  9.266958E+00   5.133223E+00   2.021016E-01 
  9.276937E+00   4.987881E+00   1.982814E-01 
  9.286916E+00   5.129824E+00   6.779950E+00 
  9.296895E+00   5.197469E+00   6.824506E+00 
  9.306874E+00   5.024688E+00   6.710113E+00 
  9.316853E+00   5.144971E+00   6.789952E+00 
  9.326832E+00   5.005175E+00   2.010127E-01 
  9.336810E+00   4.903744E+00   1.963571E-01 
  9.346789E+00   5.133787E+00   2.012583E-01 
  9.356768E+00   5.067144E+00   2.016812E-01 
  9.366747E+00   5.200012E+00   2.033366E-01 
  9.376726E+00   5.196678E+00   2.025014E-01 
  9.386705E+00   5.007549E+00   6.698659E+00 
  9.396683E+00   4.835372E+00   6.582490E+00 
  9.406662E+00   4.940420E+00   1.983225E-01 
  9.416641E+00   5.245929E+00   2.031902E-01 
  9.426620E+00   5.063956E+00   1.994611E-01 
  9.436599E+00   4.889194E+00   1.969913E-01 
  9.446578E+00   5.149929E+00   2.019969E-01 
  9.456557E+00   5.419197E+00   2.069723E-01 
  9.466535E+00   5.006386E+00   1.989860E-01 
  9.476514E+00   5.029859E+00   2.000580E-01 
  9.486493E+00   5.017137E+00   1.997291E-01 
  9.496472E+00   5.078092E+00   1.997763E-01 
  9.506451E+00   5.028003E+00   2.004796E-01 
  9.516430E+00   4.976147E+00   1.989375E-01 
  9.526409E+00   5.440813E+00   2.065304E-01 
  9.536387E+00   5.405667E+00   2.092205E-01 
  9.546366E+00   5.236365E+00   2.030575E-01 
  9.556345E+00   5.209048E+00   2.019799E-01 
  9.566324E+00   5.168059E+00   2.044260E-01 
  9.576303E+00   5.573539E+00   2.104916E-01 
  9.586282E+00   4.984194E+00   1.979099E-01 
  9.596261E+00   5.083466E+00   6.749246E+00 
  9.606239E+00   5.118209E+00   6.772270E+00 
  9.616218E+00   5.353130E+00   6.925947E+00 
  9.626197E+00   4.909764E+00   1.978713E-01 
  9.636176E+00   5.198442E+00   2.052875E-01 
  9.646155E+00   5.289103E+00   2.032587E-01 
  9.656134E+00   5.171206E+00   2.029001E-01 
  9.666113E+00   5.201641E+00   2.043901E-01 
  9.676091E+00   5.163135E+00   1.998335E-01 
  9.686070E+00   5.037509E+00   2.002230E-01 
  9.696049E+00   5.028671E+00   2.008769E-01 
  9.706028E+00   5.431309E+00   2.061697E-01 
  9.716007E+00   4.987268E+00   1.990834E-01 
  9.725986E+00   4.959741E+00   1.994197E-01 
  9.735964E+00   5.169917E+00   6.806394E+00 
  9.745943E+00   5.296375E+00   6.889134E+00 
  9.755922E+00   5.091047E+00   6.754276E+00 
  9.765901E+00   5.397017E+00   2.062757E-01 
  9.775880E+00   5.031201E+00   6.714460E+00 
  9.785859E+00   5.579023E+00   7.070569E+00 
  9.795838E+00   4.982969E+00   1.977244E-01 
  9.805816E+00   4.810406E+00   1.972804E-01 
  9.815795E+00   5.461943E+00   2.079145E-01 
  9.825774E+00   5.227575E+00   2.035509E-01 
  9.835753E+00   5.668867E+00   2.122828E-01 
  9.845732E+00   5.329830E+00   2.071497E-01 
  9.855711E+00   5.159769E+00   2.013018E-01 
  9.865690E+00   4.982851E+00   1.989071E-01 
  9.875668E+00   5.313330E+00   2.075203E-01 
  9.885647E+00   5.291111E+00   2.028033E-01 
  9.895626E+00   5.400507E+00   2.078471E-01 
  9.905605E+00   5.117091E+00   2.017984E-01 
  9.915584E+00   5.209669E+00   2.008948E-01 
  9.925563E+00   5.138854E+00   2.033214E-01 
  9.935542E+00   5.627045E+00   2.125973E-01 
  9.945520E+00   5.540018E+00   2.077493E-01 
  9.955499E+00   5.476268E+00   2.082427E-01 
  9.965478E+00   5.518865E+00   2.113777E-01 
  9.975457E+00   5.085946E+00   6.750891E+00 
  9.985436E+00   5.427504E+00   6.973894E+00 
  9.995415E+00   5.339624E+00   6.917204E+00 
  1.000539E+01   5.092305E+00   2.005093E-01 
  1.001537E+01   5.594430E+00   7.080325E+00 
  1.002535E+01   5.206454E+00   6.830402E+00 
  1.003533E+01   5.689999E+00   7.140545E+00 
  1.004531E+01   5.713747E+00   7.155430E+00 
  1.005529E+01   5.606949E+00   7.088242E+00 
  1.006527E+01   5.512056E+00   2.097369E-01 
  1.007525E+01   5.557796E+00   2.181958E-01 
  1.008522E+01   5.367511E+00   2.201055E-01 
  1.009520E+01   5.517672E+00   7.031584E+00 
  1.010518E+01   5.351662E+00   2.263268E-01 
  1.011516E+01   5.422776E+00   2.286321E-01 
  1.012514E+01   5.550289E+00   7.052337E+00 
  1.013512E+01   5.265032E+00   6.868719E+00 
  1.014510E+01   5.560924E+00   2.400699E-01 
  1.015508E+01   5.611037E+00   2.457956E-01 
  1.016506E+01   5.230092E+00   2.391887E-01 
  1.017503E+01   6.078954E+00   2.580092E-01 
  1.018501E+01   5.517894E+00   2.508134E-01 
  1.019499E+01   5.311693E+00   2.480475E-01 
<?xml version="1.0" encoding="utf-8"?>
<fileinfo xmlns:xsd="http://www.w3.org/2001/XMLSchema" xmlns:xsi="http://www.w3.org/2001/XMLSchema-instance">
  <parameter key="Exposure">
    <value key="name">Exposure</value>
    <value key="value">0</value>
    <value key="stddev">-1</value>
    <value key="unit">second</value>
    <value key="quantity">Time</value>
  </parameter>
</fileinfo>