
SAXS 
     1000         0         0         0         0         0         0         0 
  0.000000E+00   3.499999E+02   0.000000E+00   0.000000E+00   1.340000E-01 
  0.000000E+00   0.000000E+00   0.000000E+00   0.000000E+00   0.000000E+00 
  2.261171E-01   2.688263E+01   4.679665E+00 
  2.360959E-01   4.032395E+01   4.752223E+00 
  2.460748E-01   2.621057E+01   2.423168E+00 
  2.560536E-01   2.929518E+01   2.246837E+00 
  2.660325E-01   2.481474E+01   1.849581E+00 
  2.760113E-01   2.540672E+01   1.636591E+00 
  2.859902E-01   2.627364E+01   1.511878E+00 
  2.959690E-01   2.614813E+01   1.385848E+00 
  3.059479E-01   2.393745E+01   1.224746E+00 
  3.159268E-01   2.365672E+01   1.209496E+00 
  3.259056E-01   2.434765E+01   1.198069E+00 
  3.358845E-01   2.404774E+01   1.143110E+00 
  3.458633E-01   2.162780E+01   1.093765E+00 
  3.558422E-01   2.215129E+01   1.065606E+00 
  3.658210E-01   2.158757E+01   1.048385E+00 
  3.757999E-01   2.234375E+01   1.043417E+00 
  3.857787E-01   2.383502E+01   1.041238E+00 
  3.957576E-01   2.423094E+01   1.052525E+00 
  4.057364E-01   2.220926E+01   9.758187E-01 
  4.157153E-01   2.152394E+01   9.798194E-01 
  4.256941E-01   2.228218E+01   1.413039E+01 
  4.356730E-01   2.066179E+01   1.360690E+01 
  4.456519E-01   2.046067E+01   1.354052E+01 
  4.556307E-01   2.149848E+01   9.056025E-01 
  4.656096E-01   2.076374E+01   1.364043E+01 
  4.755884E-01   2.024061E+01   1.346750E+01 
  4.855673E-01   2.047189E+01   1.354423E+01 
  4.955461E-01   1.957987E+01   1.324586E+01 
  5.055250E-01   2.103006E+01   8.581481E-01 
  5.155038E-01   2.012377E+01   8.365458E-01 
  5.254827E-01   1.930567E+01   8.172743E-01 
  5.354615E-01   2.094266E+01   8.431196E-01 
  5.454404E-01   1.909174E+01   8.038215E-01 
  5.554192E-01   1.827760E+01   7.689445E-01 
  5.653981E-01   1.952853E+01   8.189953E-01 
  5.753769E-01   1.923859E+01   7.860673E-01 
  5.853558E-01   1.947014E+01   8.008946E-01 
  5.953347E-01   1.872759E+01   7.769513E-01 
  6.053135E-01   1.915349E+01   7.679850E-01 
  6.152924E-01   1.730038E+01   7.521904E-01 
  6.252712E-01   1.835735E+01   7.557602E-01 
  6.352501E-01   1.773699E+01   7.390414E-01 
  6.452289E-01   1.799490E+01   7.410389E-01 
  6.552078E-01   1.722878E+01   7.175171E-01 
  6.651866E-01   1.597182E+01   7.105664E-01 
  6.751655E-01   1.800961E+01   7.262174E-01 
  6.851443E-01   1.735042E+01   7.223076E-01 
  6.951232E-01   1.689522E+01   6.923109E-01 
  7.051020E-01   1.815679E+01   7.303734E-01 
  7.150809E-01   1.675219E+01   6.982744E-01 
  7.250597E-01   1.664568E+01   1.221310E+01 
  7.350386E-01   1.560281E+01   1.182433E+01 
  7.450175E-01   1.628519E+01   1.208013E+01 
  7.549963E-01   1.639446E+01   6.798292E-01 
  7.649752E-01   1.628901E+01   6.694059E-01 
  7.749540E-01   1.560279E+01   6.511795E-01 
  7.849329E-01   1.484401E+01   6.358474E-01 
  7.949117E-01   1.503349E+01   6.250082E-01 
  8.048906E-01   1.577989E+01   6.568567E-01 
  8.148694E-01   1.433740E+01   6.102404E-01 
  8.248483E-01   1.558571E+01   6.354584E-01 
  8.348271E-01   1.641009E+01   6.529858E-01 
  8.448060E-01   1.462171E+01   6.092381E-01 
  8.547848E-01   1.471632E+01   6.139479E-01 
  8.647637E-01   1.288755E+01   5.695548E-01 
  8.747426E-01   1.483332E+01   6.039386E-01 
  8.847214E-01   1.418178E+01   5.966320E-01 
  8.947003E-01   1.334557E+01   5.726497E-01 
  9.046791E-01   1.468507E+01   5.997352E-01 
  9.146580E-01   1.376674E+01   5.698863E-01 
  9.246368E-01   1.301004E+01   5.583144E-01 
  9.346157E-01   1.423623E+01   5.856003E-01 
  9.445945E-01   1.235854E+01   5.372668E-01 
  9.545734E-01   1.255945E+01   5.457743E-01 
  9.645522E-01   1.258606E+01   5.344604E-01 
  9.745311E-01   1.250355E+01   5.380671E-01 
  9.845099E-01   1.262457E+01   1.063613E+01 
  9.944888E-01   1.253182E+01   1.059699E+01 
  1.004468E+00   1.193878E+01   5.200022E-01 
  1.014447E+00   1.216467E+01   1.044060E+01 
  1.024425E+00   1.243929E+01   1.055779E+01 
  1.034404E+00   1.171460E+01   1.024564E+01 
  1.044383E+00   1.121816E+01   4.893399E-01 
  1.054362E+00   1.156256E+01   5.007166E-01 
  1.064341E+00   1.166194E+01   4.990300E-01 
  1.074320E+00   1.162317E+01   5.015767E-01 
  1.084298E+00   1.181303E+01   5.014353E-01 
  1.094277E+00   1.244914E+01   5.099368E-01 
  1.104256E+00   1.094612E+01   4.795028E-01 
  1.114235E+00   1.137104E+01   1.009428E+01 
  1.124214E+00   1.129112E+01   1.005874E+01 
  1.134193E+00   1.013492E+01   4.587296E-01 
  1.144172E+00   1.036534E+01   4.528120E-01 
  1.154150E+00   1.060507E+01   4.668624E-01 
  1.164129E+00   1.047029E+01   4.567172E-01 
  1.174108E+00   9.967496E+00   4.435477E-01 
  1.184087E+00   1.052401E+01   4.599365E-01 
  1.194066E+00   1.021617E+01   4.441814E-01 
  1.204045E+00   9.596939E+00   4.382392E-01 
  1.214024E+00   1.005077E+01   4.392541E-01 
  1.224002E+00   9.456585E+00   4.246132E-01 
  1.233981E+00   9.940146E+00   4.335923E-01 
  1.243960E+00   9.014261E+00   4.146690E-01 
  1.253939E+00   9.326235E+00   4.234825E-01 
  1.263918E+00   9.108078E+00   4.093777E-01 
  1.273897E+00   8.735446E+00   4.050966E-01 
  1.283876E+00   9.306800E+00   9.132201E+00 
  1.293854E+00   7.501270E+00   8.198656E+00 
  1.303833E+00   8.005050E+00   3.866858E-01 
  1.313812E+00   8.586182E+00   3.896535E-01 
  1.323791E+00   8.523761E+00   3.940110E-01 
  1.333770E+00   8.024139E+00   3.765915E-01 
  1.343749E+00   8.343010E+00   3.883369E-01 
  1.353728E+00   9.154046E+00   4.047294E-01 
  1.363706E+00   7.518227E+00   3.590053E-01 
  1.373685E+00   7.667117E+00   3.682201E-01 
  1.383664E+00   7.720942E+00   3.663700E-01 
  1.393643E+00   7.769547E+00   3.662599E-01 
  1.403622E+00   7.330033E+00   3.585236E-01 
  1.413601E+00   7.014320E+00   7.928080E+00 
  1.423579E+00   6.707857E+00   7.752953E+00 
  1.433558E+00   6.695487E+00   3.351936E-01 
  1.443537E+00   7.263741E+00   3.511062E-01 
  1.453516E+00   7.488851E+00   3.516396E-01 
  1.463495E+00   7.053608E+00   3.405514E-01 
  1.473474E+00   7.114700E+00   3.466996E-01 
  1.483453E+00   6.493436E+00   3.224385E-01 
  1.493431E+00   7.188578E+00   3.450628E-01 
  1.503410E+00   6.774035E+00   3.311071E-01 
  1.513389E+00   6.427334E+00   3.219467E-01 
  1.523368E+00   6.331697E+00   3.224587E-01 
  1.533347E+00   6.590779E+00   3.183691E-01 
  1.543326E+00   6.211590E+00   7.460650E+00 
  1.553305E+00   6.763814E+00   7.785224E+00 
  1.563283E+00   6.260081E+00   3.133487E-01 
  1.573262E+00   6.311155E+00   3.183557E-01 
  1.583241E+00   6.331747E+00   3.100222E-01 
  1.593220E+00   6.022579E+00   3.059236E-01 
  1.603199E+00   5.490658E+00   2.910043E-01 
  1.613178E+00   5.742968E+00   2.973596E-01 
  1.623157E+00   6.295435E+00   3.095682E-01 
  1.633135E+00   5.840071E+00   2.938010E-01 
  1.643114E+00   6.050116E+00   3.036466E-01 
  1.653093E+00   5.204430E+00   2.779661E-01 
  1.663072E+00   5.026469E+00   2.742163E-01 
  1.673051E+00   5.558428E+00   2.879743E-01 
  1.683030E+00   5.178035E+00   2.729064E-01 
  1.693009E+00   5.141190E+00   2.785908E-01 
  1.702987E+00   4.836259E+00   2.650254E-01 
  1.712966E+00   5.414471E+00   2.811053E-01 
  1.722945E+00   5.535510E+00   2.828513E-01 
  1.732924E+00   4.480439E+00   2.524441E-01 
  1.742903E+00   4.870670E+00   2.653223E-01 
  1.752882E+00   4.731678E+00   2.569895E-01 
  1.762861E+00   5.204477E+00   2.731642E-01 
  1.772839E+00   4.652387E+00   2.551178E-01 
  1.782818E+00   4.594743E+00   2.548232E-01 
  1.792797E+00   4.637572E+00   2.564110E-01 
  1.802776E+00   4.529916E+00   2.496965E-01 
  1.812755E+00   4.436324E+00   2.473957E-01 
  1.822734E+00   4.623649E+00   2.511221E-01 
  1.832712E+00   4.212165E+00   6.143671E+00 
  1.842691E+00   4.583993E+00   6.409103E+00 
  1.852670E+00   4.303936E+00   6.210237E+00 
  1.862649E+00   4.716963E+00   6.501394E+00 
  1.872628E+00   4.160407E+00   2.355367E-01 
  1.882607E+00   4.350513E+00   2.414865E-01 
  1.892586E+00   4.114965E+00   2.364748E-01 
  1.902564E+00   4.378287E+00   6.263649E+00 
  1.912543E+00   4.239184E+00   6.163344E+00 
  1.922522E+00   4.637189E+00   2.461164E-01 
  1.932501E+00   3.888683E+00   2.248883E-01 
  1.942480E+00   4.270827E+00   2.365393E-01 
  1.952459E+00   4.098209E+00   2.278330E-01 
  1.962438E+00   4.206126E+00   2.343982E-01 
  1.972416E+00   4.326824E+00   2.353482E-01 
  1.982395E+00   4.016945E+00   2.274147E-01 
  1.992374E+00   3.930479E+00   2.246462E-01 
  2.002353E+00   3.868507E+00   2.198293E-01 
  2.012332E+00   3.635121E+00   2.150689E-01 
  2.022311E+00   4.437298E+00   2.338661E-01 
  2.032290E+00   3.554188E+00   2.114389E-01 
  2.042268E+00   3.932346E+00   2.213233E-01 
  2.052247E+00   3.618769E+00   2.111652E-01 
  2.062226E+00   3.966249E+00   2.225702E-01 
  2.072205E+00   3.618441E+00   2.102313E-01 
  2.082184E+00   3.660042E+00   2.114677E-01 
  2.092163E+00   4.136165E+00   2.247915E-01 
  2.102142E+00   3.747942E+00   2.139063E-01 
  2.112120E+00   3.817164E+00   2.152231E-01 
  2.122099E+00   3.764517E+00   2.113961E-01 
  2.132078E+00   3.560327E+00   2.070511E-01 
  2.142057E+00   4.000520E+00   5.987334E+00 
  2.152036E+00   3.737629E+00   5.787265E+00 
  2.162015E+00   3.452397E+00   2.035899E-01 
  2.171994E+00   3.928374E+00   5.933100E+00 
  2.181972E+00   3.810433E+00   5.843357E+00 
  2.191951E+00   3.861879E+00   5.882672E+00 
  2.201930E+00   4.245230E+00   6.167737E+00 
  2.211909E+00   3.491130E+00   2.018565E-01 
  2.221888E+00   3.424945E+00   1.975549E-01 
  2.231867E+00   3.828843E+00   2.101351E-01 
  2.241845E+00   3.821182E+00   2.087359E-01 
  2.251824E+00   3.759873E+00   2.085215E-01 
  2.261803E+00   4.059687E+00   2.148614E-01 
  2.271782E+00   3.020647E+00   1.841721E-01 
  2.281761E+00   3.434054E+00   1.978959E-01 
  2.291740E+00   3.797019E+00   2.051514E-01 
  2.301719E+00   3.573219E+00   1.994377E-01 
  2.311697E+00   3.276043E+00   1.908416E-01 
  2.321676E+00   3.653538E+00   2.021396E-01 
  2.331655E+00   3.404690E+00   1.943159E-01 
  2.341634E+00   3.078477E+00   1.824941E-01 
  2.351613E+00   3.657096E+00   2.008423E-01 
  2.361592E+00   3.569033E+00   1.979004E-01 
  2.371571E+00   3.345832E+00   1.914061E-01 
  2.381549E+00   3.204392E+00   1.876642E-01 
  2.391528E+00   3.458141E+00   1.907811E-01 
  2.401507E+00   3.382568E+00   1.916353E-01 
  2.411486E+00   3.416737E+00   1.916011E-01 
  2.421465E+00   3.202586E+00   1.842881E-01 
  2.431444E+00   3.279617E+00   1.870071E-01 
  2.441423E+00   3.241884E+00   1.846873E-01 
  2.451401E+00   3.332931E+00   1.895293E-01 
  2.461380E+00   3.299516E+00   1.854124E-01 
  2.471359E+00   3.546219E+00   1.938780E-01 
  2.481338E+00   3.112726E+00   1.806187E-01 
  2.491317E+00   3.500375E+00   1.894004E-01 
  2.501296E+00   3.229671E+00   1.836937E-01 
  2.511275E+00   3.308948E+00   1.844005E-01 
  2.521253E+00   2.991108E+00   5.177156E+00 
  2.531232E+00   3.169834E+00   5.329587E+00 
  2.541211E+00   3.362129E+00   1.860513E-01 
  2.551190E+00   3.371094E+00   1.859788E-01 
  2.561169E+00   3.139796E+00   1.769074E-01 
  2.571148E+00   3.353957E+00   1.849097E-01 
  2.581127E+00   3.576287E+00   1.899273E-01 
  2.591105E+00   3.166776E+00   1.778639E-01 
  2.601084E+00   3.020520E+00   1.743898E-01 
  2.611063E+00   3.499479E+00   1.859635E-01 
  2.621042E+00   3.077997E+00   1.752259E-01 
  2.631021E+00   3.464205E+00   1.862368E-01 
  2.641000E+00   3.399021E+00   1.831139E-01 
  2.650978E+00   3.586312E+00   1.875723E-01 
  2.660957E+00   3.068392E+00   1.734899E-01 
  2.670936E+00   3.182825E+00   1.768770E-01 
  2.680915E+00   3.126244E+00   1.736657E-01 
  2.690894E+00   3.419129E+00   1.852118E-01 
  2.700873E+00   3.199623E+00   1.761857E-01 
  2.710852E+00   3.457164E+00   5.565898E+00 
  2.720830E+00   3.271989E+00   5.414785E+00 
  2.730809E+00   3.237964E+00   5.386557E+00 
  2.740788E+00   3.505595E+00   1.840935E-01 
  2.750767E+00   3.099208E+00   5.269879E+00 
  2.760746E+00   3.548583E+00   5.639008E+00 
  2.770725E+00   3.754579E+00   1.896057E-01 
  2.780704E+00   3.085498E+00   1.688309E-01 
  2.790682E+00   3.149999E+00   1.725876E-01 
  2.800661E+00   3.290029E+00   1.756088E-01 
  2.810640E+00   2.983260E+00   1.662194E-01 
  2.820619E+00   3.202474E+00   1.740474E-01 
  2.830598E+00   2.995467E+00   1.653666E-01 
  2.840577E+00   3.299997E+00   1.757507E-01 
  2.850556E+00   3.140418E+00   1.694283E-01 
  2.860534E+00   3.242984E+00   1.718193E-01 
  2.870513E+00   3.061479E+00   5.237704E+00 
  2.880492E+00   3.475028E+00   5.580260E+00 
  2.890471E+00   3.201897E+00   5.356473E+00 
  2.900450E+00   3.414603E+00   5.531532E+00 
  2.910429E+00   2.985149E+00   5.171997E+00 
  2.920408E+00   3.195449E+00   1.693298E-01 
  2.930386E+00   3.431558E+00   1.756749E-01 
  2.940365E+00   3.201208E+00   1.693973E-01 
  2.950344E+00   3.278071E+00   1.694777E-01 
  2.960323E+00   3.167733E+00   1.687065E-01 
  2.970302E+00   3.067991E+00   1.650412E-01 
  2.980281E+00   3.269438E+00   1.701723E-01 
  2.990260E+00   3.382642E+00   1.740295E-01 
  3.000238E+00   3.174073E+00   1.651104E-01 
  3.010217E+00   3.758763E+00   1.830429E-01 
  3.020196E+00   3.253488E+00   1.678020E-01 
  3.030175E+00   3.042530E+00   1.627041E-01 
  3.040154E+00   3.169155E+00   5.329016E+00 
  3.050133E+00   3.336515E+00   5.467915E+00 
  3.060111E+00   2.985782E+00   1.625874E-01 
  3.070090E+00   2.991993E+00   5.177923E+00 
  3.080069E+00   3.099653E+00   5.270257E+00 
  3.090048E+00   3.156986E+00   1.650902E-01 
  3.100027E+00   3.371118E+00   1.690465E-01 
  3.110006E+00   3.149157E+00   1.643577E-01 
  3.119985E+00   3.316936E+00   1.661209E-01 
  3.129963E+00   3.252655E+00   1.660552E-01 
  3.139942E+00   3.277265E+00   1.659251E-01 
  3.149921E+00   3.068472E+00   1.604615E-01 
  3.159900E+00   3.755924E+00   1.788045E-01 
  3.169879E+00   3.125659E+00   5.292319E+00 
  3.179858E+00   3.621407E+00   5.696577E+00 
  3.189837E+00   3.475233E+00   1.696384E-01 
  3.199815E+00   3.190466E+00   1.618546E-01 
  3.209794E+00   3.431401E+00   1.689382E-01 
  3.219773E+00   3.408837E+00   1.658058E-01 
  3.229752E+00   3.178102E+00   1.631960E-01 
  3.239731E+00   3.085264E+00   1.581542E-01 
  3.249710E+00   3.288919E+00   1.638327E-01 
  3.259689E+00   3.309130E+00   1.637140E-01 
  3.269667E+00   3.487911E+00   1.674251E-01 
  3.279646E+00   3.074409E+00   1.587618E-01 
  3.289625E+00   3.366491E+00   1.637461E-01 
  3.299604E+00   3.181993E+00   1.596997E-01 
  3.309583E+00   3.115850E+00   1.582483E-01 
  3.319562E+00   3.509344E+00   1.673851E-01 
  3.329541E+00   3.125477E+00   1.584434E-01 
  3.339519E+00   3.389549E+00   1.625164E-01 
  3.349498E+00   3.352742E+00   1.636828E-01 
  3.359477E+00   3.685765E+00   5.746972E+00 
  3.369456E+00   3.051039E+00   5.228765E+00 
  3.379435E+00   3.272808E+00   5.415462E+00 
  3.389414E+00   3.111840E+00   5.280608E+00 
  3.399392E+00   3.159142E+00   1.579093E-01 
  3.409371E+00   3.545289E+00   1.664693E-01 
  3.419350E+00   3.472340E+00   5.578101E+00 
  3.429329E+00   3.361874E+00   5.488656E+00 
  3.439308E+00   3.254702E+00   5.400462E+00 
  3.449287E+00   3.364395E+00   1.615555E-01 
  3.459266E+00   3.398328E+00   1.604340E-01 
  3.469244E+00   3.013285E+00   1.513163E-01 
  3.479223E+00   3.493588E+00   5.595142E+00 
  3.489202E+00   3.503167E+00   5.602807E+00 
  3.499181E+00   3.327233E+00   5.460304E+00 
  3.509160E+00   3.301929E+00   5.439502E+00 
  3.519139E+00   3.125397E+00   1.534787E-01 
  3.529118E+00   3.126551E+00   1.532695E-01 
  3.539096E+00   3.114864E+00   1.533089E-01 
  3.549075E+00   3.170772E+00   1.550652E-01 
  3.559054E+00   3.180377E+00   1.528392E-01 
  3.569033E+00   3.234364E+00   1.562367E-01 
  3.579012E+00   3.287379E+00   1.558367E-01 
  3.588991E+00   3.325979E+00   1.577230E-01 
  3.598970E+00   3.209450E+00   1.538943E-01 
  3.608948E+00   3.298728E+00   1.562764E-01 
  3.618927E+00   3.283670E+00   1.564998E-01 
  3.628906E+00   3.059108E+00   1.485634E-01 
  3.638885E+00   3.194366E+00   1.528630E-01 
  3.648864E+00   3.207051E+00   1.525438E-01 
  3.658843E+00   3.341294E+00   1.565252E-01 
  3.668822E+00   3.154347E+00   5.316551E+00 
  3.678800E+00   3.374839E+00   5.499229E+00 
  3.688779E+00   3.216236E+00   1.536566E-01 
  3.698758E+00   3.347193E+00   1.542827E-01 
  3.708737E+00   3.456959E+00   1.582633E-01 
  3.718716E+00   3.338394E+00   1.551078E-01 
  3.728695E+00   3.399591E+00   1.555455E-01 
  3.738674E+00   3.456753E+00   1.583469E-01 
  3.748652E+00   3.237751E+00   1.511054E-01 
  3.758631E+00   3.058417E+00   5.235084E+00 
  3.768610E+00   3.404296E+00   5.523176E+00 
  3.778589E+00   3.180441E+00   5.338496E+00 
  3.788568E+00   3.345586E+00   1.552744E-01 
  3.798547E+00   3.328721E+00   1.516883E-01 
  3.808525E+00   3.026754E+00   5.207914E+00 
  3.818504E+00   3.253958E+00   5.399844E+00 
  3.828483E+00   3.137712E+00   1.484817E-01 
  3.838462E+00   3.411140E+00   5.528725E+00 
  3.848441E+00   3.135274E+00   5.300453E+00 
  3.858420E+00   3.165852E+00   1.484695E-01 
  3.868399E+00   3.160646E+00   1.472060E-01 
  3.878377E+00   3.319048E+00   1.515435E-01 
  3.888356E+00   3.621374E+00   1.577133E-01 
  3.898335E+00   3.370932E+00   1.518869E-01 
  3.908314E+00   3.301009E+00   1.517805E-01 
  3.918293E+00   3.300028E+00   1.491470E-01 
  3.928272E+00   3.289522E+00   1.498336E-01 
  3.938251E+00   3.342273E+00   1.495368E-01 
  3.948229E+00   2.914984E+00   1.402472E-01 
  3.958208E+00   3.104889E+00   1.457003E-01 
  3.968187E+00   3.126889E+00   1.450746E-01 
  3.978166E+00   3.160526E+00   1.460385E-01 
  3.988145E+00   3.329666E+00   5.462301E+00 
  3.998124E+00   3.277546E+00   5.419380E+00 
  4.008103E+00   3.151484E+00   1.442783E-01 
  4.018081E+00   3.217648E+00   1.465416E-01 
  4.028060E+00   3.140995E+00   1.450377E-01 
  4.038039E+00   3.032608E+00   1.413776E-01 
  4.048018E+00   3.017912E+00   1.414819E-01 
  4.057997E+00   2.974387E+00   5.162666E+00 
  4.067976E+00   3.509016E+00   5.607483E+00 
  4.077955E+00   3.261172E+00   5.405826E+00 
  4.087933E+00   3.553606E+00   5.642998E+00 
  4.097912E+00   3.237051E+00   1.465823E-01 
  4.107891E+00   3.370264E+00   1.470120E-01 
  4.117870E+00   3.111343E+00   1.430415E-01 
  4.127849E+00   3.590835E+00   1.526206E-01 
  4.137828E+00   3.260138E+00   1.448507E-01 
  4.147807E+00   3.245433E+00   1.464283E-01 
  4.157785E+00   3.361280E+00   1.460486E-01 
  4.167764E+00   3.322776E+00   1.468127E-01 
  4.177743E+00   3.692543E+00   5.752254E+00 
  4.187722E+00   3.385645E+00   5.508026E+00 
  4.197701E+00   3.253329E+00   5.399322E+00 
  4.207680E+00   3.379891E+00   1.461090E-01 
  4.217658E+00   3.314367E+00   1.460314E-01 
  4.227637E+00   3.355776E+00   1.452620E-01 
  4.237616E+00   3.388312E+00   1.465767E-01 
  4.247595E+00   3.252186E+00   1.433084E-01 
  4.257574E+00   3.493799E+00   1.482874E-01 
  4.267553E+00   3.285444E+00   5.425906E+00 
  4.277532E+00   3.272940E+00   5.415571E+00 
  4.287510E+00   3.211770E+00   5.364726E+00 
  4.297489E+00   3.289781E+00   5.429486E+00 
  4.307468E+00   3.345642E+00   5.475389E+00 
  4.317447E+00   3.308919E+00   1.435949E-01 
  4.327426E+00   3.497533E+00   1.474293E-01 
  4.337405E+00   3.212063E+00   1.410373E-01 
  4.347384E+00   3.327977E+00   1.426542E-01 
  4.357362E+00   3.075862E+00   1.385129E-01 
  4.367341E+00   3.102742E+00   1.384320E-01 
  4.377320E+00   3.259396E+00   1.416967E-01 
  4.387299E+00   3.315340E+00   1.427277E-01 
  4.397278E+00   3.315465E+00   1.411563E-01 
  4.407257E+00   3.181573E+00   1.400446E-01 
  4.417236E+00   3.412417E+00   1.427901E-01 
  4.427214E+00   3.193153E+00   1.398032E-01 
  4.437193E+00   3.392203E+00   1.432597E-01 
  4.447172E+00   3.370505E+00   1.431267E-01 
  4.457151E+00   3.228578E+00   5.378744E+00 
  4.467130E+00   3.484917E+00   5.588194E+00 
  4.477109E+00   3.278784E+00   1.410233E-01 
  4.487088E+00   3.222573E+00   1.387340E-01 
  4.497066E+00   3.162732E+00   1.371063E-01 
  4.507045E+00   3.189999E+00   1.391488E-01 
  4.517024E+00   3.130473E+00   1.352007E-01 
  4.527003E+00   3.213390E+00   1.391716E-01 
  4.536982E+00   3.200397E+00   5.355218E+00 
  4.546961E+00   3.594997E+00   5.675767E+00 
  4.556940E+00   3.113285E+00   5.281833E+00 
  4.566918E+00   3.057517E+00   1.340810E-01 
  4.576897E+00   3.162384E+00   1.371163E-01 
  4.586876E+00   3.018645E+00   1.323051E-01 
  4.596855E+00   3.250814E+00   1.383732E-01 
  4.606834E+00   3.314487E+00   1.382766E-01 
  4.616813E+00   3.077020E+00   1.347911E-01 
  4.626791E+00   3.252985E+00   1.378185E-01 
  4.636770E+00   3.439784E+00   1.405316E-01 
  4.646749E+00   3.142429E+00   1.353540E-01 
  4.656728E+00   3.186217E+00   1.352863E-01 
  4.666707E+00   3.085689E+00   1.336960E-01 
  4.676686E+00   3.357062E+00   1.381425E-01 
  4.686665E+00   3.177038E+00   1.350330E-01 
  4.696643E+00   3.451164E+00   1.420148E-01 
  4.706622E+00   3.557928E+00   5.646428E+00 
  4.716601E+00   3.290095E+00   5.429746E+00 
  4.726580E+00   3.513338E+00   1.454377E-01 
  4.736559E+00   3.310906E+00   1.428601E-01 
  4.746538E+00   3.462325E+00   1.461066E-01 
  4.756517E+00   3.211441E+00   1.404103E-01 
  4.766495E+00   3.468026E+00   1.489479E-01 
  4.776474E+00   3.167974E+00   1.410789E-01 
  4.786453E+00   3.292010E+00   1.446426E-01 
  4.796432E+00   3.200856E+00   1.425260E-01 
  4.806411E+00   3.151359E+00   1.420742E-01 
  4.816390E+00   3.328326E+00   5.461201E+00 
  4.826369E+00   3.449938E+00   5.560078E+00 
  4.836347E+00   3.176979E+00   5.335590E+00 
  4.846326E+00   3.297292E+00   5.435681E+00 
  4.856305E+00   3.269024E+00   1.475769E-01 
  4.866284E+00   3.181176E+00   1.439694E-01 
  4.876263E+00   3.342768E+00   1.482761E-01 
  4.886242E+00   3.079117E+00   1.470319E-01 
  4.896221E+00   3.119919E+00   1.476198E-01 
  4.906199E+00   3.395777E+00   1.563762E-01 
  4.916178E+00   3.528702E+00   1.587445E-01 
  4.926157E+00   3.531982E+00   1.603591E-01 
  4.936136E+00   3.422109E+00   1.604097E-01 
  4.946115E+00   3.275862E+00   1.551165E-01 
  4.956094E+00   3.617484E+00   1.651697E-01 
  4.966073E+00   3.486869E+00   1.616997E-01 
  4.976051E+00   3.349462E+00   1.599992E-01 
  4.986030E+00   3.296078E+00   1.587219E-01 
  4.996009E+00   3.394502E+00   1.607698E-01 
  5.005988E+00   3.148884E+00   1.574205E-01 
  5.015967E+00   3.570227E+00   1.673748E-01 
  5.025946E+00   3.039593E+00   1.549120E-01 
  5.035924E+00   3.314212E+00   1.600712E-01 
  5.045903E+00   3.103759E+00   1.581324E-01 
  5.055882E+00   3.159170E+00   1.592456E-01 
  5.065861E+00   3.247415E+00   1.616921E-01 
  5.075840E+00   3.055030E+00   1.579718E-01 
  5.085819E+00   3.419323E+00   5.535353E+00 
  5.095798E+00   3.281274E+00   5.422462E+00 
  5.105776E+00   3.628675E+00   5.702290E+00 
  5.115755E+00   3.350784E+00   5.479595E+00 
  5.125734E+00   3.443788E+00   5.555120E+00 
  5.135713E+00   3.152929E+00   5.315356E+00 
  5.145692E+00   3.331684E+00   5.463955E+00 
  5.155671E+00   3.543363E+00   5.634859E+00 
  5.165650E+00   3.268684E+00   5.412049E+00 
  5.175628E+00   3.748586E+00   5.795741E+00 
  5.185607E+00   3.217382E+00   5.369410E+00 
  5.195586E+00   3.612441E+00   5.689521E+00 
  5.205565E+00   3.509323E+00   5.607728E+00 
  5.215544E+00   3.595830E+00   5.676424E+00 
  5.225523E+00   3.556989E+00   5.645684E+00 
  5.235502E+00   3.430897E+00   5.544713E+00 
  5.245480E+00   3.381489E+00   5.504645E+00 
  5.255459E+00   3.216327E+00   5.368530E+00 
  5.265438E+00   3.237699E+00   5.386337E+00 
  5.275417E+00   3.631223E+00   5.704292E+00 
  5.285396E+00   3.484863E+00   5.588151E+00 
  5.295375E+00   3.652494E+00   5.720975E+00 
  5.305354E+00   3.637992E+00   5.709606E+00 
  5.315332E+00   3.452513E+00   5.562153E+00 
  5.325311E+00   3.544279E+00   5.635588E+00 
  5.335290E+00   3.281506E+00   5.422654E+00 
  5.345269E+00   3.476501E+00   5.581442E+00 
  5.355248E+00   3.216266E+00   5.368478E+00 
  5.365227E+00   3.132610E+00   5.298201E+00 
  5.375205E+00   3.567972E+00   5.654393E+00 
  5.385184E+00   3.504609E+00   5.603960E+00 
  5.395163E+00   3.423150E+00   5.538450E+00 
  5.405142E+00   3.472949E+00   5.578590E+00 
  5.415121E+00   3.257608E+00   5.402872E+00 
  5.425100E+00   3.375312E+00   5.499615E+00 
  5.435079E+00   3.712363E+00   5.767671E+00 
  5.445057E+00   3.324101E+00   5.457734E+00 
  5.455036E+00   3.581430E+00   5.665046E+00 
  5.465015E+00   3.717920E+00   5.771986E+00 
  5.474994E+00   3.265073E+00   5.409059E+00 
  5.484973E+00   3.669205E+00   5.734047E+00 
  5.494952E+00   3.617345E+00   5.693381E+00 
  5.504931E+00   3.427480E+00   5.541952E+00 
  5.514909E+00   3.505064E+00   5.604324E+00 
  5.524888E+00   3.794841E+00   5.831390E+00 
  5.534867E+00   3.289664E+00   5.429390E+00 
  5.544846E+00   3.814861E+00   5.846751E+00 
  5.554825E+00   3.544094E+00   5.635441E+00 
  5.564804E+00   3.500888E+00   5.600985E+00 
  5.574783E+00   3.605330E+00   5.683917E+00 
  5.584761E+00   3.611946E+00   5.689131E+00 
  5.594740E+00   3.472811E+00   5.578479E+00 
  5.604719E+00   3.463753E+00   5.571200E+00 
  5.614698E+00   3.785912E+00   5.824525E+00 
  5.624677E+00   3.527740E+00   5.622424E+00 
  5.634656E+00   3.733829E+00   5.784322E+00 
  5.644635E+00   3.472148E+00   5.577947E+00 
  5.654613E+00   3.685852E+00   5.747040E+00 
  5.664592E+00   3.692406E+00   5.752147E+00 
  5.674571E+00   3.218570E+00   5.370401E+00 
  5.684550E+00   3.304968E+00   5.442005E+00 
  5.694529E+00   3.619224E+00   5.694859E+00 
  5.704508E+00   3.441474E+00   5.553253E+00 
  5.714487E+00   3.613380E+00   5.690260E+00 
  5.724465E+00   3.704356E+00   5.761447E+00 
  5.734444E+00   3.568848E+00   5.655087E+00 
  5.744423E+00   3.625780E+00   5.700015E+00 
  5.754402E+00   3.875320E+00   5.892899E+00 
  5.764381E+00   3.750604E+00   5.797301E+00 
  5.774360E+00   3.550927E+00   5.640870E+00 
  5.784338E+00   3.679159E+00   5.741819E+00 
  5.794317E+00   3.802211E+00   5.837049E+00 
  5.804296E+00   3.455451E+00   5.564519E+00 
  5.814275E+00   3.700890E+00   5.758751E+00 
  5.824254E+00   3.552631E+00   5.642224E+00 
  5.834233E+00   3.871599E+00   5.890070E+00 
  5.844212E+00   3.592345E+00   5.673672E+00 
  5.854190E+00   3.365494E+00   5.491610E+00 
  5.864169E+00   3.887813E+00   5.902391E+00 
  5.874148E+00   3.541718E+00   5.633551E+00 
  5.884127E+00   3.652670E+00   5.721112E+00 
  5.894106E+00   3.822349E+00   5.852487E+00 
  5.904085E+00   3.727352E+00   5.779303E+00 
  5.914064E+00   3.852295E+00   5.875367E+00 
  5.924042E+00   3.366405E+00   5.492353E+00 
  5.934021E+00   3.841288E+00   5.866968E+00 
  5.944000E+00   3.503250E+00   5.602873E+00 
  5.953979E+00   3.528295E+00   5.622866E+00 
  5.963958E+00   3.919277E+00   5.926226E+00 
  5.973937E+00   3.672796E+00   5.736852E+00 
  5.983916E+00   3.678250E+00   5.741110E+00 
  5.993894E+00   3.631763E+00   5.704716E+00 
  6.003873E+00   3.856189E+00   5.878336E+00 
  6.013852E+00   3.674504E+00   5.738186E+00 
  6.023831E+00   3.864936E+00   5.884999E+00 
  6.033810E+00   3.697677E+00   5.756252E+00 
  6.043789E+00   3.636689E+00   5.708583E+00 
  6.053768E+00   3.959793E+00   5.956779E+00 
  6.063746E+00   3.617954E+00   5.693860E+00 
  6.073725E+00   3.799155E+00   5.834704E+00 
  6.083704E+00   3.804976E+00   5.839171E+00 
  6.093683E+00   3.790644E+00   5.828164E+00 
  6.103662E+00   3.430551E+00   5.544434E+00 
  6.113641E+00   3.988673E+00   5.978462E+00 
  6.123620E+00   3.598974E+00   5.678905E+00 
  6.133598E+00   3.606477E+00   5.684821E+00 
  6.143577E+00   3.674948E+00   5.738533E+00 
  6.153556E+00   4.126508E+00   6.080883E+00 
  6.163535E+00   3.921382E+00   5.927818E+00 
  6.173514E+00   3.564800E+00   5.651879E+00 
  6.183493E+00   3.545566E+00   5.636611E+00 
  6.193471E+00   3.948721E+00   5.948446E+00 
  6.203450E+00   3.525928E+00   5.620979E+00 
  6.213429E+00   3.975877E+00   5.968865E+00 
  6.223408E+00   3.703937E+00   5.761122E+00 
  6.233387E+00   3.790198E+00   5.827821E+00 
  6.243366E+00   3.505022E+00   5.604291E+00 
  6.253345E+00   3.872840E+00   5.891013E+00 
  6.263323E+00   4.088034E+00   6.052468E+00 
  6.273302E+00   4.188064E+00   6.126070E+00 
  6.283281E+00   3.911560E+00   5.920389E+00 
  6.293260E+00   4.109949E+00   6.068669E+00 
  6.303239E+00   4.223944E+00   6.152255E+00 
  6.313218E+00   4.307960E+00   6.213139E+00 
  6.323197E+00   3.965455E+00   5.961037E+00 
  6.333175E+00   3.776609E+00   5.817364E+00 
  6.343154E+00   3.903748E+00   5.914475E+00 
  6.353133E+00   4.027910E+00   6.007796E+00 
  6.363112E+00   3.894070E+00   5.907138E+00 
  6.373091E+00   4.087564E+00   6.052120E+00 
  6.383070E+00   3.703507E+00   5.760788E+00 
  6.393049E+00   3.303193E+00   5.440543E+00 
  6.403027E+00   4.040183E+00   6.016942E+00 
  6.413006E+00   3.832548E+00   5.860289E+00 
  6.422985E+00   3.883601E+00   5.899192E+00 
  6.432964E+00   3.858335E+00   5.879971E+00 
  6.442943E+00   3.922780E+00   5.928874E+00 
  6.452922E+00   3.835255E+00   5.862359E+00 
  6.462901E+00   4.022619E+00   6.003849E+00 
  6.472879E+00   4.099230E+00   6.060751E+00 
  6.482858E+00   3.976183E+00   5.969094E+00 
  6.492837E+00   4.048680E+00   6.023265E+00 
  6.502816E+00   4.181211E+00   6.121055E+00 
  6.512795E+00   4.131960E+00   6.084898E+00 
  6.522774E+00   3.923678E+00   5.929553E+00 
  6.532753E+00   4.077199E+00   6.044442E+00 
  6.542731E+00   4.016723E+00   5.999447E+00 
  6.552710E+00   4.215210E+00   6.145891E+00 
  6.562689E+00   4.422815E+00   6.295419E+00 
  6.572668E+00   3.962934E+00   5.959141E+00 
  6.582647E+00   4.124344E+00   6.079288E+00 
  6.592626E+00   3.712598E+00   5.767854E+00 
  6.602604E+00   3.998057E+00   5.985491E+00 
  6.612583E+00   3.817827E+00   5.849024E+00 
  6.622562E+00   4.160820E+00   6.106112E+00 
  6.632541E+00   4.043282E+00   6.019248E+00 
  6.642520E+00   4.233073E+00   6.158900E+00 
  6.652499E+00   4.085694E+00   6.050735E+00 
  6.662478E+00   4.031158E+00   6.010217E+00 
  6.672456E+00   3.900220E+00   5.911801E+00 
  6.682435E+00   3.893570E+00   5.906759E+00 
  6.692414E+00   4.077824E+00   6.044906E+00 
  6.702393E+00   4.039107E+00   6.016140E+00 
  6.712372E+00   4.342900E+00   6.238284E+00 
  6.722351E+00   4.101356E+00   6.062322E+00 
  6.732330E+00   4.260550E+00   6.178856E+00 
  6.742308E+00   4.105681E+00   6.065517E+00 
  6.752287E+00   4.238478E+00   6.162831E+00 
  6.762266E+00   3.801333E+00   5.836376E+00 
  6.772245E+00   3.948077E+00   5.947960E+00 
  6.782224E+00   4.030735E+00   6.009902E+00 
  6.792203E+00   4.485353E+00   6.339771E+00 
  6.802182E+00   4.063480E+00   6.034264E+00 
  6.812160E+00   4.209023E+00   6.141379E+00 
  6.822139E+00   4.010440E+00   5.994753E+00 
  6.832118E+00   4.123633E+00   6.078764E+00 
  6.842097E+00   4.109332E+00   6.068214E+00 
  6.852076E+00   3.710118E+00   5.765926E+00 
  6.862055E+00   3.948336E+00   5.948155E+00 
  6.872034E+00   3.979182E+00   5.971345E+00 
  6.882012E+00   4.068986E+00   6.038351E+00 
  6.891991E+00   3.754567E+00   5.800363E+00 
  6.901970E+00   4.019014E+00   6.001158E+00 
  6.911949E+00   4.136289E+00   6.088085E+00 
  6.921928E+00   3.850821E+00   5.874243E+00 
  6.931907E+00   4.314970E+00   6.218192E+00 
  6.941886E+00   4.463378E+00   6.324222E+00 
  6.951864E+00   4.099886E+00   6.061235E+00 
  6.961843E+00   4.304119E+00   6.210369E+00 
  6.971822E+00   4.068080E+00   6.037679E+00 
  6.981801E+00   3.872063E+00   5.890423E+00 
  6.991780E+00   3.998923E+00   5.986138E+00 
  7.001759E+00   4.049409E+00   6.023808E+00 
  7.011737E+00   3.790010E+00   5.827677E+00 
  7.021716E+00   3.908741E+00   5.918256E+00 
  7.031695E+00   4.094567E+00   6.057303E+00 
  7.041674E+00   3.810175E+00   5.843159E+00 
  7.051653E+00   3.883047E+00   5.898772E+00 
  7.061632E+00   4.028732E+00   6.008409E+00 
  7.071611E+00   4.374259E+00   6.260767E+00 
  7.081589E+00   4.253451E+00   6.173706E+00 
  7.091568E+00   4.150217E+00   6.098326E+00 
  7.101547E+00   4.085458E+00   6.050561E+00 
  7.111526E+00   4.014536E+00   5.997814E+00 
  7.121505E+00   4.065613E+00   6.035848E+00 
  7.131484E+00   3.935758E+00   5.938673E+00 
  7.141463E+00   4.142202E+00   6.092435E+00 
  7.151441E+00   4.116130E+00   6.073231E+00 
  7.161420E+00   4.335600E+00   6.233040E+00 
  7.171399E+00   4.292471E+00   6.201960E+00 
  7.181378E+00   4.154018E+00   6.101118E+00 
  7.191357E+00   4.417847E+00   6.291883E+00 
  7.201336E+00   4.283236E+00   6.195285E+00 
  7.211315E+00   4.307313E+00   6.212672E+00 
  7.221293E+00   4.062791E+00   6.033752E+00 
  7.231272E+00   4.149395E+00   6.097722E+00 
  7.241251E+00   4.163752E+00   6.108263E+00 
  7.251230E+00   4.023672E+00   6.004634E+00 
  7.261209E+00   4.474931E+00   6.332402E+00 
  7.271188E+00   4.301221E+00   6.208278E+00 
  7.281167E+00   4.202889E+00   6.136903E+00 
  7.291145E+00   4.403150E+00   6.281408E+00 
  7.301124E+00   3.870404E+00   5.889160E+00 
  7.311103E+00   4.154805E+00   6.101696E+00 
  7.321082E+00   4.146512E+00   6.095604E+00 
  7.331061E+00   4.354426E+00   6.246557E+00 
  7.341040E+00   4.239154E+00   6.163322E+00 
  7.351019E+00   4.566192E+00   6.396647E+00 
  7.360997E+00   4.034692E+00   6.012852E+00 
  7.370976E+00   4.035495E+00   6.013450E+00 
  7.380955E+00   4.213076E+00   6.144336E+00 
  7.390934E+00   4.290688E+00   1.824912E-01 
  7.400913E+00   4.240553E+00   1.811475E-01 
  7.410892E+00   4.473516E+00   1.855735E-01 
  7.420870E+00   4.150466E+00   1.801895E-01 
  7.430849E+00   4.448705E+00   1.833742E-01 
  7.440828E+00   4.002630E+00   1.770659E-01 
  7.450807E+00   4.385469E+00   1.833464E-01 
  7.460786E+00   4.322772E+00   6.223811E+00 
  7.470765E+00   4.012356E+00   5.996184E+00 
  7.480744E+00   4.408035E+00   1.854078E-01 
  7.490722E+00   4.321031E+00   1.829761E-01 
  7.500701E+00   4.237171E+00   1.807260E-01 
  7.510680E+00   4.387899E+00   1.843378E-01 
  7.520659E+00   4.258147E+00   6.177114E+00 
  7.530638E+00   4.191656E+00   6.128696E+00 
  7.540617E+00   4.466723E+00   6.326591E+00 
  7.550596E+00   4.186422E+00   6.124868E+00 
  7.560574E+00   4.133868E+00   6.086303E+00 
  7.570553E+00   4.542815E+00   6.380251E+00 
  7.580532E+00   4.329933E+00   6.228964E+00 
  7.590511E+00   4.745567E+00   6.521077E+00 
  7.600490E+00   4.217439E+00   6.147516E+00 
  7.610469E+00   4.464612E+00   6.325096E+00 
  7.620448E+00   4.274971E+00   6.189305E+00 
  7.630426E+00   4.308114E+00   6.213250E+00 
  7.640405E+00   4.242415E+00   6.165692E+00 
  7.650384E+00   4.235355E+00   1.803009E-01 
  7.660363E+00   4.420699E+00   6.293913E+00 
  7.670342E+00   4.801144E+00   6.559151E+00 
  7.680321E+00   4.262051E+00   1.821188E-01 
  7.690300E+00   3.924598E+00   1.754922E-01 
  7.700278E+00   4.363158E+00   1.830351E-01 
  7.710257E+00   4.292524E+00   1.826093E-01 
  7.720236E+00   4.153519E+00   6.100752E+00 
  7.730215E+00   4.401834E+00   6.280470E+00 
  7.740194E+00   4.330963E+00   1.822050E-01 
  7.750173E+00   4.687109E+00   1.901562E-01 
  7.760151E+00   4.502603E+00   1.888320E-01 
  7.770130E+00   4.288980E+00   1.835312E-01 
  7.780109E+00   4.544883E+00   1.868439E-01 
  7.790088E+00   4.494513E+00   1.875059E-01 
  7.800067E+00   4.351754E+00   1.848682E-01 
  7.810046E+00   4.280008E+00   1.827395E-01 
  7.820025E+00   4.428368E+00   1.855555E-01 
  7.830003E+00   4.401098E+00   1.850639E-01 
  7.839982E+00   4.274134E+00   6.188698E+00 
  7.849961E+00   4.347570E+00   6.241638E+00 
  7.859940E+00   4.157974E+00   1.815449E-01 
  7.869919E+00   4.659038E+00   1.898692E-01 
  7.879898E+00   4.662456E+00   1.905536E-01 
  7.889877E+00   4.311291E+00   1.841692E-01 
  7.899855E+00   4.581912E+00   6.407648E+00 
  7.909834E+00   4.403056E+00   6.281341E+00 
  7.919813E+00   4.323392E+00   1.825142E-01 
  7.929792E+00   4.755008E+00   1.935297E-01 
  7.939771E+00   4.361169E+00   1.850280E-01 
  7.949750E+00   4.602207E+00   1.896112E-01 
  7.959729E+00   4.083204E+00   6.048891E+00 
  7.969707E+00   4.786477E+00   6.549125E+00 
  7.979686E+00   4.661221E+00   6.462866E+00 
  7.989665E+00   4.674695E+00   1.913931E-01 
  7.999644E+00   4.502899E+00   1.868630E-01 
  8.009623E+00   4.746415E+00   1.939138E-01 
  8.019602E+00   4.656234E+00   1.903884E-01 
  8.029581E+00   4.516597E+00   1.884993E-01 
  8.039559E+00   4.682931E+00   1.906847E-01 
  8.049538E+00   4.748406E+00   1.926430E-01 
  8.059517E+00   4.899985E+00   1.969470E-01 
  8.069496E+00   4.934342E+00   1.964143E-01 
  8.079475E+00   4.630174E+00   1.895703E-01 
  8.089454E+00   4.652702E+00   1.917829E-01 
  8.099433E+00   4.366362E+00   1.853418E-01 
  8.109411E+00   4.707217E+00   1.925632E-01 
  8.119390E+00   4.604895E+00   1.894517E-01 
  8.129369E+00   4.328361E+00   6.227834E+00 
  8.139348E+00   4.733870E+00   6.513035E+00 
  8.149327E+00   4.370175E+00   1.842529E-01 
  8.159306E+00   4.406493E+00   1.873422E-01 
  8.169284E+00   4.552968E+00   1.884742E-01 
  8.179263E+00   4.547194E+00   1.889749E-01 
  8.189242E+00   4.358671E+00   1.845700E-01 
  8.199221E+00   4.527267E+00   1.896794E-01 
  8.209200E+00   4.248409E+00   1.822227E-01 
  8.219179E+00   4.276178E+00   1.830570E-01 
  8.229158E+00   4.544052E+00   1.889880E-01 
  8.239136E+00   4.579301E+00   1.903093E-01 
  8.249115E+00   4.361999E+00   1.844005E-01 
  8.259094E+00   4.472578E+00   1.875002E-01 
  8.269073E+00   4.741147E+00   1.924878E-01 
  8.279052E+00   4.452191E+00   1.870271E-01 
  8.289031E+00   4.197959E+00   6.133302E+00 
  8.299010E+00   4.475722E+00   6.332961E+00 
  8.308988E+00   4.951610E+00   1.971017E-01 
  8.318967E+00   4.348408E+00   1.843936E-01 
  8.328946E+00   4.452855E+00   1.873330E-01 
  8.338925E+00   4.640059E+00   1.916396E-01 
  8.348904E+00   4.744360E+00   1.923016E-01 
  8.358883E+00   4.667255E+00   1.922913E-01 
  8.368862E+00   4.763951E+00   1.935031E-01 
  8.378840E+00   4.807931E+00   6.563785E+00 
  8.388819E+00   4.667156E+00   6.466979E+00 
  8.398798E+00   4.806216E+00   6.562615E+00 
  8.408777E+00   5.047094E+00   6.725057E+00 
  8.418756E+00   5.047987E+00   6.725652E+00 
  8.428735E+00   4.793872E+00   6.554182E+00 
  8.438714E+00   4.791326E+00   6.552441E+00 
  8.448692E+00   4.960178E+00   1.970622E-01 
  8.458671E+00   4.711486E+00   1.918474E-01 
  8.468650E+00   4.941238E+00   1.985153E-01 
  8.478629E+00   4.977047E+00   6.678226E+00 
  8.488608E+00   4.648900E+00   6.454318E+00 
  8.498587E+00   4.624664E+00   6.437472E+00 
  8.508566E+00   4.982122E+00   6.681630E+00 
  8.518544E+00   4.834449E+00   6.581861E+00 
  8.528523E+00   4.672288E+00   6.470533E+00 
  8.538502E+00   4.824360E+00   6.574990E+00 
  8.548481E+00   4.836828E+00   6.583481E+00 
  8.558460E+00   4.752465E+00   6.525815E+00 
  8.568439E+00   4.836203E+00   6.583056E+00 
  8.578417E+00   4.688069E+00   1.913704E-01 
  8.588396E+00   4.946215E+00   1.975138E-01 
  8.598375E+00   4.879842E+00   6.612690E+00 
  8.608354E+00   4.645858E+00   6.452206E+00 
  8.618333E+00   4.691648E+00   1.910204E-01 
  8.628312E+00   4.724391E+00   1.941515E-01 
  8.638291E+00   4.518368E+00   1.889952E-01 
  8.648269E+00   4.519467E+00   1.880172E-01 
  8.658248E+00   4.667517E+00   1.915815E-01 
  8.668227E+00   4.832760E+00   1.972046E-01 
  8.678206E+00   4.854853E+00   1.950448E-01 
  8.688185E+00   4.637838E+00   1.902541E-01 
  8.698164E+00   4.788718E+00   1.956421E-01 
  8.708143E+00   4.883757E+00   1.958711E-01 
  8.718121E+00   4.893775E+00   1.965893E-01 
  8.728100E+00   4.380873E+00   1.861791E-01 
  8.738079E+00   4.794855E+00   6.554854E+00 
  8.748058E+00   4.846984E+00   6.590389E+00 
  8.758037E+00   4.810743E+00   1.950116E-01 
  8.768016E+00   4.895352E+00   1.965830E-01 
  8.777995E+00   4.728393E+00   1.926956E-01 
  8.787973E+00   4.678944E+00   1.940750E-01 
  8.797952E+00   4.629655E+00   1.913014E-01 
  8.807931E+00   5.218301E+00   6.838169E+00 
  8.817910E+00   5.000312E+00   6.693817E+00 
  8.827889E+00   5.071953E+00   6.741598E+00 
  8.837868E+00   4.972042E+00   6.674868E+00 
  8.847847E+00   5.204111E+00   2.028773E-01 
  8.857825E+00   5.183300E+00   6.815197E+00 
  8.867804E+00   4.904072E+00   6.629087E+00 
  8.877783E+00   5.205768E+00   6.829952E+00 
  8.887762E+00   5.324003E+00   6.907078E+00 
  8.897741E+00   4.877222E+00   1.955208E-01 
  8.907720E+00   4.850528E+00   1.954333E-01 
  8.917699E+00   5.022516E+00   1.992936E-01 
  8.927677E+00   4.768101E+00   1.938509E-01 
  8.937656E+00   4.971380E+00   1.987662E-01 
  8.947635E+00   4.666271E+00   6.466365E+00 
  8.957614E+00   5.025400E+00   6.710588E+00 
  8.967593E+00   4.805790E+00   1.941040E-01 
  8.977572E+00   4.712048E+00   1.939919E-01 
  8.987550E+00   4.838558E+00   1.954784E-01 
  8.997529E+00   4.810576E+00   1.944560E-01 
  9.007508E+00   4.676633E+00   1.937192E-01 
  9.017487E+00   5.181965E+00   2.025935E-01 
  9.027466E+00   5.128137E+00   2.008825E-01 
  9.037445E+00   4.855252E+00   1.956046E-01 
  9.047424E+00   4.831575E+00   1.979821E-01 
  9.057402E+00   4.933499E+00   6.648946E+00 
  9.067381E+00   4.941625E+00   6.654419E+00 
  9.077360E+00   4.807379E+00   1.961492E-01 
  9.087339E+00   4.736013E+00   1.933984E-01 
  9.097318E+00   5.031332E+00   1.992422E-01 
  9.107297E+00   4.948137E+00   1.992755E-01 
  9.117276E+00   5.240372E+00   2.036728E-01 
  9.127254E+00   4.716085E+00   1.929065E-01 
  9.137233E+00   5.342863E+00   2.070130E-01 
  9.147212E+00   4.810161E+00   1.948280E-01 
  9.157191E+00   5.289604E+00   2.045567E-01 
  9.167170E+00   4.796052E+00   1.950582E-01 
  9.177149E+00   4.783341E+00   1.943612E-01 
  9.187128E+00   5.346865E+00   2.042932E-01 
  9.197106E+00   5.370137E+00   6.936940E+00 
  9.207085E+00   5.006890E+00   6.698218E+00 
  9.217064E+00   4.871798E+00   6.607237E+00 
  9.227043E+00   4.928882E+00   1.985709E-01 
  9.237022E+00   5.470432E+00   2.087585E-01 
  9.247001E+00   4.768188E+00   1.931279E-01 
  9.256980E+00   5.413069E+00   2.074779E-01 
  9.266958E+00   4.878788E+00   1.970331E-01 
  9.276937E+00   4.987881E+00   1.982814E-01 
  9.286916E+00   5.066158E+00   6.737746E+00 
  9.296895E+00   4.997628E+00   6.692020E+00 
  9.306874E+00   4.985421E+00   6.683842E+00 
  9.316853E+00   5.121181E+00   6.774236E+00 
  9.326832E+00   5.134340E+00   2.035898E-01 
  9.336810E+00   4.895890E+00   1.962000E-01 
  9.346789E+00   4.984045E+00   1.983047E-01 
  9.356768E+00   5.155310E+00   2.034256E-01 
  9.366747E+00   5.263621E+00   2.045764E-01 
  9.376726E+00   5.701516E+00   2.121062E-01 
  9.386705E+00   5.143320E+00   6.788863E+00 
  9.396683E+00   5.145740E+00   6.790460E+00 
  9.406662E+00   5.091625E+00   2.013333E-01 
  9.416641E+00   4.828961E+00   1.949509E-01 
  9.426620E+00   4.993274E+00   1.980647E-01 
  9.436599E+00   5.063808E+00   2.004781E-01 
  9.446578E+00   4.936009E+00   1.977570E-01 
  9.456557E+00   4.779135E+00   1.943701E-01 
  9.466535E+00   5.449289E+00   2.076014E-01 
  9.476514E+00   5.475120E+00   2.087187E-01 
  9.486493E+00   5.351083E+00   2.062691E-01 
  9.496472E+00   5.502183E+00   2.079451E-01 
  9.506451E+00   4.964054E+00   1.992006E-01 
  9.516430E+00   5.190636E+00   2.031749E-01 
  9.526409E+00   5.323216E+00   2.042863E-01 
  9.536387E+00   5.292341E+00   2.070165E-01 
  9.546366E+00   5.126126E+00   2.009087E-01 
  9.556345E+00   5.608179E+00   2.095699E-01 
  9.566324E+00   5.361982E+00   2.082232E-01 
  9.576303E+00   5.327273E+00   2.057920E-01 
  9.586282E+00   5.125433E+00   2.006903E-01 
  9.596261E+00   5.244488E+00   6.855306E+00 
  9.606239E+00   5.190410E+00   6.819870E+00 
  9.616218E+00   5.665084E+00   7.124894E+00 
  9.626197E+00   5.387678E+00   2.072673E-01 
  9.636176E+00   5.166063E+00   2.046481E-01 
  9.646155E+00   4.914432E+00   1.959325E-01 
  9.656134E+00   5.298536E+00   2.053820E-01 
  9.666113E+00   5.265819E+00   2.056457E-01 
  9.676091E+00   5.209525E+00   2.007289E-01 
  9.686070E+00   5.220547E+00   2.038281E-01 
  9.696049E+00   5.188973E+00   2.040499E-01 
  9.706028E+00   5.180874E+00   2.013604E-01 
  9.716007E+00   5.138205E+00   2.020724E-01 
  9.725986E+00   5.352481E+00   2.071619E-01 
  9.735964E+00   5.185570E+00   6.816689E+00 
  9.745943E+00   5.504768E+00   7.023357E+00 
  9.755922E+00   5.598566E+00   7.082941E+00 
  9.765901E+00   5.050246E+00   1.995412E-01 
  9.775880E+00   5.247029E+00   6.856966E+00 
  9.785859E+00   5.539161E+00   7.045264E+00 
  9.795838E+00   5.406318E+00   2.059463E-01 
  9.805816E+00   5.230953E+00   2.057199E-01 
  9.815795E+00   4.884588E+00   1.966269E-01 
  9.825774E+00   5.195883E+00   2.029332E-01 
  9.835753E+00   5.716531E+00   2.131728E-01 
  9.845732E+00   4.911173E+00   1.988476E-01 
  9.855711E+00   5.379668E+00   2.055465E-01 
  9.865690E+00   5.228898E+00   2.037570E-01 
  9.875668E+00   5.110779E+00   2.035278E-01 
  9.885647E+00   5.446412E+00   2.057550E-01 
  9.895626E+00   5.224647E+00   2.044374E-01 
  9.905605E+00   5.634370E+00   2.117526E-01 
  9.915584E+00   5.410516E+00   2.047199E-01 
  9.925563E+00   5.411856E+00   2.086424E-01 
  9.935542E+00   5.153307E+00   2.034545E-01 
  9.945520E+00   4.979476E+00   1.969665E-01 
  9.955499E+00   5.191293E+00   2.027539E-01 
  9.965478E+00   5.583565E+00   2.126119E-01 
  9.975457E+00   5.706375E+00   7.150813E+00 
  9.985436E+00   5.339886E+00   6.917374E+00 
  9.995415E+00   5.411824E+00   6.963813E+00 
  1.000539E+01   5.202835E+00   2.026737E-01 
  1.001537E+01   5.239153E+00   6.851817E+00 
  1.002535E+01   5.872303E+00   7.254032E+00 
  1.003533E+01   5.452520E+00   6.989947E+00 
  1.004531E+01   5.761242E+00   7.185109E+00 
  1.005529E+01   5.678956E+00   7.133612E+00 
  1.006527E+01   5.543945E+00   2.103421E-01 
  1.007525E+01   5.557796E+00   2.181958E-01 
  1.008522E+01   5.710080E+00   2.270125E-01 
  1.009520E+01   5.452671E+00   6.990044E+00 
  1.010518E+01   5.169958E+00   2.224547E-01 
  1.011516E+01   5.201163E+00   2.239136E-01 
  1.012514E+01   5.944284E+00   7.298356E+00 
  1.013512E+01   5.667652E+00   7.126509E+00 
  1.014510E+01   5.819908E+00   2.455942E-01 
  1.015508E+01   5.288316E+00   2.386291E-01 
  1.016506E+01   5.426795E+00   2.436407E-01 
  1.017503E+01   5.389656E+00   2.429547E-01 
  1.018501E+01   5.631900E+00   2.533912E-01 
  1.019499E+01   5.855829E+00   2.604366E-01 
<?xml version="1.0" encoding="utf-8"?>
<fileinfo xmlns:xsd="http://www.w3.org/2001/XMLSchema" xmlns:xsi="http://www.w3.org/2001/XMLSchema-instance">
  <parameter key="Exposure">
    <value key="name">Exposure</value>
    <value key="value">0</value>
    <value key="stddev">-1</value>
    <value key="unit">second</value>
    <value key="quantity">Time</value>
  </parameter>
</fileinfo>