
SAXS 
     1000         0         0         0         0         0         0         0 
  0.000000E+00   3.499999E+02   0.000000E+00   0.000000E+00   1.340000E-01 
  0.000000E+00   0.000000E+00   0.000000E+00   0.000000E+00   0.000000E+00 
  2.261171E-01   2.932651E+01   4.887751E+00 
  2.360959E-01   3.136307E+01   4.191067E+00 
  2.460748E-01   3.158709E+01   2.660113E+00 
  2.560536E-01   2.757193E+01   2.179752E+00 
  2.660325E-01   2.633119E+01   1.905258E+00 
  2.760113E-01   2.361455E+01   1.577813E+00 
  2.859902E-01   2.609964E+01   1.506864E+00 
  2.959690E-01   2.511984E+01   1.358325E+00 
  3.059479E-01   2.274684E+01   1.193900E+00 
  3.159268E-01   2.612868E+01   1.271081E+00 
  3.259056E-01   2.529090E+01   1.221056E+00 
  3.358845E-01   2.497098E+01   1.164835E+00 
  3.458633E-01   2.350847E+01   1.140328E+00 
  3.558422E-01   2.440431E+01   1.118428E+00 
  3.658210E-01   2.392962E+01   1.103791E+00 
  3.757999E-01   2.185675E+01   1.031989E+00 
  3.857787E-01   2.219750E+01   1.004834E+00 
  3.957576E-01   2.267651E+01   1.018205E+00 
  4.057364E-01   2.362413E+01   1.006422E+00 
  4.157153E-01   2.125645E+01   9.737150E-01 
  4.256941E-01   2.184214E+01   1.399017E+01 
  4.356730E-01   2.181675E+01   1.398203E+01 
  4.456519E-01   2.171834E+01   1.395046E+01 
  4.556307E-01   2.298560E+01   9.363878E-01 
  4.656096E-01   2.218848E+01   1.410065E+01 
  4.755884E-01   2.111841E+01   1.375643E+01 
  4.855673E-01   2.050730E+01   1.355594E+01 
  4.955461E-01   2.130854E+01   1.381822E+01 
  5.055250E-01   2.075003E+01   8.524179E-01 
  5.155038E-01   2.036689E+01   8.415778E-01 
  5.254827E-01   1.975545E+01   8.267397E-01 
  5.354615E-01   2.016197E+01   8.272558E-01 
  5.454404E-01   1.905793E+01   8.031099E-01 
  5.554192E-01   1.863345E+01   7.763937E-01 
  5.653981E-01   1.980320E+01   8.247323E-01 
  5.753769E-01   1.923859E+01   7.860673E-01 
  5.853558E-01   1.996431E+01   8.109945E-01 
  5.953347E-01   1.772835E+01   7.559396E-01 
  6.053135E-01   1.838366E+01   7.523929E-01 
  6.152924E-01   1.766012E+01   7.599707E-01 
  6.252712E-01   1.879295E+01   7.646743E-01 
  6.352501E-01   1.764461E+01   7.371143E-01 
  6.452289E-01   1.772059E+01   7.353760E-01 
  6.552078E-01   1.800539E+01   7.335037E-01 
  6.651866E-01   1.764409E+01   7.467724E-01 
  6.751655E-01   1.923953E+01   7.506056E-01 
  6.851443E-01   1.855323E+01   7.469247E-01 
  6.951232E-01   1.853994E+01   7.252130E-01 
  7.051020E-01   1.701098E+01   7.069521E-01 
  7.150809E-01   1.733406E+01   7.102930E-01 
  7.250597E-01   1.786504E+01   1.265253E+01 
  7.350386E-01   1.703426E+01   1.235483E+01 
  7.450175E-01   1.655348E+01   1.217923E+01 
  7.549963E-01   1.630992E+01   6.780749E-01 
  7.649752E-01   1.595916E+01   6.625992E-01 
  7.749540E-01   1.535840E+01   6.460639E-01 
  7.849329E-01   1.734978E+01   6.874235E-01 
  7.949117E-01   1.581270E+01   6.409946E-01 
  8.048906E-01   1.561597E+01   6.534390E-01 
  8.148694E-01   1.522050E+01   6.287532E-01 
  8.248483E-01   1.574110E+01   6.386170E-01 
  8.348271E-01   1.531920E+01   6.309169E-01 
  8.448060E-01   1.416479E+01   5.996432E-01 
  8.547848E-01   1.425548E+01   6.042625E-01 
  8.647637E-01   1.449850E+01   6.041041E-01 
  8.747426E-01   1.539798E+01   6.153083E-01 
  8.847214E-01   1.475909E+01   6.086547E-01 
  8.947003E-01   1.395933E+01   5.856583E-01 
  9.046791E-01   1.510128E+01   6.081715E-01 
  9.146580E-01   1.350734E+01   5.644941E-01 
  9.246368E-01   1.451950E+01   5.898142E-01 
  9.346157E-01   1.464573E+01   5.939630E-01 
  9.445945E-01   1.450542E+01   5.820260E-01 
  9.545734E-01   1.391070E+01   5.743711E-01 
  9.645522E-01   1.265412E+01   5.359029E-01 
  9.745311E-01   1.305926E+01   5.498942E-01 
  9.845099E-01   1.234454E+01   1.051751E+01 
  9.944888E-01   1.313517E+01   1.084909E+01 
  1.004468E+00   1.218770E+01   5.253902E-01 
  1.014447E+00   1.313819E+01   1.085033E+01 
  1.024425E+00   1.166680E+01   1.022471E+01 
  1.034404E+00   1.212088E+01   1.042179E+01 
  1.044383E+00   1.281832E+01   5.230617E-01 
  1.054362E+00   1.249328E+01   5.204442E-01 
  1.064341E+00   1.114989E+01   4.879612E-01 
  1.074320E+00   1.279198E+01   5.261916E-01 
  1.084298E+00   1.264314E+01   5.187542E-01 
  1.094277E+00   1.190606E+01   4.986900E-01 
  1.104256E+00   1.293976E+01   5.213068E-01 
  1.114235E+00   1.106205E+01   9.956187E+00 
  1.124214E+00   1.069097E+01   9.787771E+00 
  1.134193E+00   1.098537E+01   4.775705E-01 
  1.144172E+00   1.042468E+01   4.541064E-01 
  1.154150E+00   1.062563E+01   4.673146E-01 
  1.164129E+00   1.072916E+01   4.623262E-01 
  1.174108E+00   1.050041E+01   4.552506E-01 
  1.184087E+00   9.941350E+00   4.470291E-01 
  1.194066E+00   1.013892E+01   4.424989E-01 
  1.204045E+00   9.516932E+00   4.364095E-01 
  1.214024E+00   1.012752E+01   4.409274E-01 
  1.224002E+00   1.037174E+01   4.446846E-01 
  1.233981E+00   9.864527E+00   4.319406E-01 
  1.243960E+00   9.300247E+00   4.211923E-01 
  1.253939E+00   9.076253E+00   4.177684E-01 
  1.263918E+00   9.623283E+00   4.207968E-01 
  1.273897E+00   9.129950E+00   4.141430E-01 
  1.283876E+00   8.920397E+00   8.940614E+00 
  1.293854E+00   9.164114E+00   9.061926E+00 
  1.303833E+00   8.546437E+00   3.995407E-01 
  1.313812E+00   8.144324E+00   3.795001E-01 
  1.323791E+00   8.232351E+00   3.872172E-01 
  1.333770E+00   8.041813E+00   3.770060E-01 
  1.343749E+00   8.487541E+00   3.916844E-01 
  1.353728E+00   7.741053E+00   3.722004E-01 
  1.363706E+00   8.306373E+00   3.773441E-01 
  1.373685E+00   8.692228E+00   3.920512E-01 
  1.383664E+00   8.016165E+00   3.733012E-01 
  1.393643E+00   7.372437E+00   3.567772E-01 
  1.403622E+00   8.013935E+00   3.748761E-01 
  1.413601E+00   7.903695E+00   8.415702E+00 
  1.423579E+00   7.458864E+00   8.175449E+00 
  1.433558E+00   7.031100E+00   3.434917E-01 
  1.443537E+00   6.941286E+00   3.432245E-01 
  1.453516E+00   7.488851E+00   3.516396E-01 
  1.463495E+00   7.366005E+00   3.480110E-01 
  1.473474E+00   7.350957E+00   3.524026E-01 
  1.483453E+00   7.069492E+00   3.364289E-01 
  1.493431E+00   6.956688E+00   3.394516E-01 
  1.503410E+00   6.790210E+00   3.315019E-01 
  1.513389E+00   7.152585E+00   3.396149E-01 
  1.523368E+00   7.119466E+00   3.419186E-01 
  1.533347E+00   6.683001E+00   3.205875E-01 
  1.543326E+00   6.484592E+00   7.622836E+00 
  1.553305E+00   6.779508E+00   7.794250E+00 
  1.563283E+00   6.385408E+00   3.164661E-01 
  1.573262E+00   6.584157E+00   3.251683E-01 
  1.583241E+00   6.498531E+00   3.140741E-01 
  1.593220E+00   5.805158E+00   3.003542E-01 
  1.603199E+00   6.508589E+00   3.168332E-01 
  1.613178E+00   6.097092E+00   3.063904E-01 
  1.623157E+00   5.580390E+00   2.914687E-01 
  1.633135E+00   5.958171E+00   2.967533E-01 
  1.643114E+00   5.973918E+00   3.017284E-01 
  1.653093E+00   5.382461E+00   2.826772E-01 
  1.663072E+00   5.505180E+00   2.869773E-01 
  1.673051E+00   5.975906E+00   2.985863E-01 
  1.683030E+00   5.595154E+00   2.836856E-01 
  1.693009E+00   5.533417E+00   2.890153E-01 
  1.702987E+00   5.533378E+00   2.834835E-01 
  1.712966E+00   5.487443E+00   2.829933E-01 
  1.722945E+00   5.521057E+00   2.824818E-01 
  1.732924E+00   4.878700E+00   2.634250E-01 
  1.742903E+00   5.188637E+00   2.738458E-01 
  1.752882E+00   5.457481E+00   2.759967E-01 
  1.762861E+00   5.147128E+00   2.716550E-01 
  1.772839E+00   5.113711E+00   2.674587E-01 
  1.782818E+00   5.229765E+00   2.718383E-01 
  1.792797E+00   4.595104E+00   2.552360E-01 
  1.802776E+00   4.639865E+00   2.527043E-01 
  1.812755E+00   5.098050E+00   2.651927E-01 
  1.822734E+00   4.910070E+00   2.587834E-01 
  1.832712E+00   5.138676E+00   6.785797E+00 
  1.842691E+00   4.418306E+00   6.292209E+00 
  1.852670E+00   4.575478E+00   6.403148E+00 
  1.862649E+00   4.743994E+00   6.519996E+00 
  1.872628E+00   4.827139E+00   2.537088E-01 
  1.882607E+00   4.846107E+00   2.548606E-01 
  1.892586E+00   4.304470E+00   2.418377E-01 
  1.902564E+00   4.455871E+00   6.318901E+00 
  1.912543E+00   4.159650E+00   6.105253E+00 
  1.922522E+00   4.650251E+00   2.464628E-01 
  1.932501E+00   3.797643E+00   2.222403E-01 
  1.942480E+00   4.297029E+00   2.372637E-01 
  1.952459E+00   3.984300E+00   2.246467E-01 
  1.962438E+00   3.840376E+00   2.239753E-01 
  1.972416E+00   4.096401E+00   2.289958E-01 
  1.982395E+00   4.454689E+00   2.394856E-01 
  1.992374E+00   4.186871E+00   2.318464E-01 
  2.002353E+00   4.279785E+00   2.311940E-01 
  2.012332E+00   4.015895E+00   2.260256E-01 
  2.022311E+00   4.437298E+00   2.338661E-01 
  2.032290E+00   4.056902E+00   2.258859E-01 
  2.042268E+00   4.069059E+00   2.251291E-01 
  2.052247E+00   4.233369E+00   2.283537E-01 
  2.062226E+00   4.003690E+00   2.236174E-01 
  2.072205E+00   4.117620E+00   2.242203E-01 
  2.082184E+00   3.696667E+00   2.125223E-01 
  2.092163E+00   3.843166E+00   2.166892E-01 
  2.102142E+00   4.004316E+00   2.211013E-01 
  2.112120E+00   4.083929E+00   2.226111E-01 
  2.122099E+00   3.989724E+00   2.176182E-01 
  2.132078E+00   4.160922E+00   2.237956E-01 
  2.142057E+00   3.784016E+00   5.823066E+00 
  2.152036E+00   3.666885E+00   5.732234E+00 
  2.162015E+00   3.824267E+00   2.142656E-01 
  2.171994E+00   3.521590E+00   5.617520E+00 
  2.181972E+00   3.680907E+00   5.743183E+00 
  2.191951E+00   3.650205E+00   5.719182E+00 
  2.201930E+00   3.751865E+00   5.798276E+00 
  2.211909E+00   3.642614E+00   2.061825E-01 
  2.221888E+00   3.777915E+00   2.074775E-01 
  2.231867E+00   3.782713E+00   2.088654E-01 
  2.241845E+00   3.980588E+00   2.130392E-01 
  2.251824E+00   3.632850E+00   2.049742E-01 
  2.261803E+00   3.832253E+00   2.087561E-01 
  2.271782E+00   3.627022E+00   2.018129E-01 
  2.281761E+00   3.707321E+00   2.056070E-01 
  2.291740E+00   3.542260E+00   1.981546E-01 
  2.301719E+00   3.294931E+00   1.915140E-01 
  2.311697E+00   3.719651E+00   2.033229E-01 
  2.321676E+00   3.575423E+00   1.999718E-01 
  2.331655E+00   3.315968E+00   1.917674E-01 
  2.341634E+00   3.402755E+00   1.918575E-01 
  2.351613E+00   3.315414E+00   1.912371E-01 
  2.361592E+00   3.164207E+00   1.863740E-01 
  2.371571E+00   3.641245E+00   1.996709E-01 
  2.381549E+00   3.819354E+00   2.048684E-01 
  2.391528E+00   3.563316E+00   1.936584E-01 
  2.401507E+00   3.827358E+00   2.038367E-01 
  2.411486E+00   3.620882E+00   1.972420E-01 
  2.421465E+00   3.594955E+00   1.952512E-01 
  2.431444E+00   3.290272E+00   1.873104E-01 
  2.441423E+00   3.283904E+00   1.858785E-01 
  2.451401E+00   3.580053E+00   1.964091E-01 
  2.461380E+00   3.403470E+00   1.883040E-01 
  2.471359E+00   3.344970E+00   1.883004E-01 
  2.481338E+00   3.448104E+00   1.901001E-01 
  2.491317E+00   3.408206E+00   1.868920E-01 
  2.501296E+00   3.250535E+00   1.842851E-01 
  2.511275E+00   3.360329E+00   1.858266E-01 
  2.521253E+00   3.385220E+00   5.507680E+00 
  2.531232E+00   3.200313E+00   5.355148E+00 
  2.541211E+00   3.156369E+00   1.802727E-01 
  2.551190E+00   3.196798E+00   1.811107E-01 
  2.561169E+00   3.089958E+00   1.754978E-01 
  2.571148E+00   3.119486E+00   1.783292E-01 
  2.581127E+00   3.384772E+00   1.847754E-01 
  2.591105E+00   3.296644E+00   1.814743E-01 
  2.601084E+00   3.231957E+00   1.803902E-01 
  2.611063E+00   3.203415E+00   1.779344E-01 
  2.621042E+00   3.347122E+00   1.827201E-01 
  2.631021E+00   3.083743E+00   1.757126E-01 
  2.641000E+00   3.300442E+00   1.804409E-01 
  2.650978E+00   3.223563E+00   1.778397E-01 
  2.660957E+00   3.156340E+00   1.759494E-01 
  2.670936E+00   3.065306E+00   1.735931E-01 
  2.680915E+00   3.337088E+00   1.793892E-01 
  2.690894E+00   3.292782E+00   1.818666E-01 
  2.700873E+00   3.634617E+00   1.877399E-01 
  2.710852E+00   3.245186E+00   5.392561E+00 
  2.720830E+00   3.252467E+00   5.398607E+00 
  2.730809E+00   3.397980E+00   5.518050E+00 
  2.740788E+00   3.140629E+00   1.743134E-01 
  2.750767E+00   3.289460E+00   5.429222E+00 
  2.760746E+00   3.275615E+00   5.417784E+00 
  2.770725E+00   3.448551E+00   1.817242E-01 
  2.780704E+00   3.297972E+00   1.745472E-01 
  2.790682E+00   3.168883E+00   1.731034E-01 
  2.800661E+00   3.477495E+00   1.805426E-01 
  2.810640E+00   3.334667E+00   1.757229E-01 
  2.820619E+00   3.155212E+00   1.727593E-01 
  2.830598E+00   3.132205E+00   1.690934E-01 
  2.840577E+00   3.225167E+00   1.737480E-01 
  2.850556E+00   3.250031E+00   1.723578E-01 
  2.860534E+00   3.342852E+00   1.744378E-01 
  2.870513E+00   3.264715E+00   5.408763E+00 
  2.880492E+00   3.295811E+00   5.434460E+00 
  2.890471E+00   3.127993E+00   5.294295E+00 
  2.900450E+00   3.432472E+00   5.545986E+00 
  2.910429E+00   3.048509E+00   5.226596E+00 
  2.920408E+00   3.329862E+00   1.728497E-01 
  2.930386E+00   3.107995E+00   1.671932E-01 
  2.940365E+00   3.210160E+00   1.696337E-01 
  2.950344E+00   3.531846E+00   1.759075E-01 
  2.960323E+00   3.535865E+00   1.782338E-01 
  2.970302E+00   3.493855E+00   1.761162E-01 
  2.980281E+00   3.136749E+00   1.666879E-01 
  2.990260E+00   3.159512E+00   1.682106E-01 
  3.000238E+00   3.440153E+00   1.718873E-01 
  3.010217E+00   3.287138E+00   1.711955E-01 
  3.020196E+00   3.348266E+00   1.702179E-01 
  3.030175E+00   3.337753E+00   1.703997E-01 
  3.040154E+00   3.449456E+00   5.559690E+00 
  3.050133E+00   3.311225E+00   5.447154E+00 
  3.060111E+00   3.047581E+00   1.642566E-01 
  3.070090E+00   3.210142E+00   5.363365E+00 
  3.080069E+00   3.522254E+00   5.618050E+00 
  3.090048E+00   3.467170E+00   1.729953E-01 
  3.100027E+00   3.354194E+00   1.686225E-01 
  3.110006E+00   3.414728E+00   1.711389E-01 
  3.119985E+00   3.557776E+00   1.720357E-01 
  3.129963E+00   3.354194E+00   1.686225E-01 
  3.139942E+00   3.268874E+00   1.657128E-01 
  3.149921E+00   3.520704E+00   1.718580E-01 
  3.159900E+00   3.586050E+00   1.747231E-01 
  3.169879E+00   3.518823E+00   5.615313E+00 
  3.179858E+00   3.452970E+00   5.562521E+00 
  3.189837E+00   3.615764E+00   1.730286E-01 
  3.199815E+00   3.264320E+00   1.637160E-01 
  3.209794E+00   3.115526E+00   1.609795E-01 
  3.219773E+00   3.102895E+00   1.582037E-01 
  3.229752E+00   3.328565E+00   1.670049E-01 
  3.239731E+00   3.457959E+00   1.674286E-01 
  3.249710E+00   3.484786E+00   1.686406E-01 
  3.259689E+00   3.187709E+00   1.606842E-01 
  3.269667E+00   3.399508E+00   1.652897E-01 
  3.279646E+00   3.279370E+00   1.639685E-01 
  3.289625E+00   3.326736E+00   1.627780E-01 
  3.299604E+00   3.206038E+00   1.603019E-01 
  3.309583E+00   3.348496E+00   1.640393E-01 
  3.319562E+00   3.349756E+00   1.635370E-01 
  3.329541E+00   3.534613E+00   1.684830E-01 
  3.339519E+00   3.709024E+00   1.700028E-01 
  3.349498E+00   3.312809E+00   1.627057E-01 
  3.359477E+00   3.083619E+00   5.256609E+00 
  3.369456E+00   3.322346E+00   5.456293E+00 
  3.379435E+00   3.489603E+00   5.591950E+00 
  3.389414E+00   3.555297E+00   5.644340E+00 
  3.399392E+00   3.403244E+00   1.638824E-01 
  3.409371E+00   3.318728E+00   1.610653E-01 
  3.419350E+00   3.316769E+00   5.451712E+00 
  3.429329E+00   3.292350E+00   5.431606E+00 
  3.439308E+00   3.610661E+00   5.688118E+00 
  3.449287E+00   3.658702E+00   1.684623E-01 
  3.459266E+00   3.738614E+00   1.682625E-01 
  3.469244E+00   3.324637E+00   1.589371E-01 
  3.479223E+00   3.362829E+00   5.489435E+00 
  3.489202E+00   3.449555E+00   5.559769E+00 
  3.499181E+00   3.564455E+00   5.651605E+00 
  3.509160E+00   3.241840E+00   5.389780E+00 
  3.519139E+00   3.546732E+00   1.634801E-01 
  3.529118E+00   3.606866E+00   1.646095E-01 
  3.539096E+00   3.340579E+00   1.587510E-01 
  3.549075E+00   3.458611E+00   1.619429E-01 
  3.559054E+00   3.621076E+00   1.630851E-01 
  3.569033E+00   3.558705E+00   1.638791E-01 
  3.579012E+00   3.486838E+00   1.604947E-01 
  3.588991E+00   3.363316E+00   1.586044E-01 
  3.598970E+00   3.312364E+00   1.563329E-01 
  3.608948E+00   3.320926E+00   1.568010E-01 
  3.618927E+00   3.529276E+00   1.622348E-01 
  3.628906E+00   3.787810E+00   1.653136E-01 
  3.638885E+00   3.289307E+00   1.551144E-01 
  3.648864E+00   3.439235E+00   1.579693E-01 
  3.658843E+00   3.319331E+00   1.560107E-01 
  3.668822E+00   3.493049E+00   5.594710E+00 
  3.678800E+00   3.261589E+00   5.406173E+00 
  3.688779E+00   3.443558E+00   1.589883E-01 
  3.698758E+00   3.297489E+00   1.531347E-01 
  3.708737E+00   3.297719E+00   1.545790E-01 
  3.718716E+00   3.597296E+00   1.609981E-01 
  3.728695E+00   3.264573E+00   1.524302E-01 
  3.738674E+00   3.181256E+00   1.519092E-01 
  3.748652E+00   3.561808E+00   1.584795E-01 
  3.758631E+00   3.365688E+00   5.491768E+00 
  3.768610E+00   3.634599E+00   5.706943E+00 
  3.778589E+00   3.265177E+00   5.409145E+00 
  3.788568E+00   3.302436E+00   1.542719E-01 
  3.798547E+00   3.294176E+00   1.508996E-01 
  3.808525E+00   3.370863E+00   5.495988E+00 
  3.818504E+00   3.170665E+00   5.330285E+00 
  3.828483E+00   3.172825E+00   1.493098E-01 
  3.838462E+00   3.439077E+00   5.551319E+00 
  3.848441E+00   3.162825E+00   5.323691E+00 
  3.858420E+00   3.242322E+00   1.502491E-01 
  3.868399E+00   3.482881E+00   1.545279E-01 
  3.878377E+00   3.802673E+00   1.621936E-01 
  3.888356E+00   3.312851E+00   1.508584E-01 
  3.898335E+00   3.391453E+00   1.523483E-01 
  3.908314E+00   3.454544E+00   1.552702E-01 
  3.918293E+00   3.340453E+00   1.500573E-01 
  3.928272E+00   3.282698E+00   1.496781E-01 
  3.938251E+00   3.422520E+00   1.513205E-01 
  3.948229E+00   3.340086E+00   1.501257E-01 
  3.958208E+00   3.302957E+00   1.502710E-01 
  3.968187E+00   3.725626E+00   1.583496E-01 
  3.978166E+00   3.382529E+00   1.510654E-01 
  3.988145E+00   3.517329E+00   5.614121E+00 
  3.998124E+00   3.358639E+00   5.486015E+00 
  4.008103E+00   3.501209E+00   1.520655E-01 
  4.018081E+00   3.477674E+00   1.523420E-01 
  4.028060E+00   3.362003E+00   1.500535E-01 
  4.038039E+00   3.216962E+00   1.456070E-01 
  4.048018E+00   3.502104E+00   1.524095E-01 
  4.057997E+00   3.234500E+00   5.383675E+00 
  4.067976E+00   3.264508E+00   5.408591E+00 
  4.077955E+00   3.548294E+00   5.638779E+00 
  4.087933E+00   3.399881E+00   5.519594E+00 
  4.097912E+00   3.197283E+00   1.456805E-01 
  4.107891E+00   3.203610E+00   1.433328E-01 
  4.117870E+00   3.459529E+00   1.508254E-01 
  4.127849E+00   3.337959E+00   1.471509E-01 
  4.137828E+00   3.125050E+00   1.418193E-01 
  4.147807E+00   3.463026E+00   1.512481E-01 
  4.157785E+00   3.209185E+00   1.427107E-01 
  4.167764E+00   3.309827E+00   1.465269E-01 
  4.177743E+00   3.501616E+00   5.601566E+00 
  4.187722E+00   3.627659E+00   5.701491E+00 
  4.197701E+00   3.524870E+00   5.620136E+00 
  4.207680E+00   3.424065E+00   1.470598E-01 
  4.217658E+00   3.224373E+00   1.440370E-01 
  4.227637E+00   3.431131E+00   1.468818E-01 
  4.237616E+00   3.363017E+00   1.460300E-01 
  4.247595E+00   3.542672E+00   1.495717E-01 
  4.257574E+00   3.732756E+00   1.532703E-01 
  4.267553E+00   3.310775E+00   5.446783E+00 
  4.277532E+00   3.579348E+00   5.663400E+00 
  4.287510E+00   3.420163E+00   5.536033E+00 
  4.297489E+00   3.234085E+00   5.383329E+00 
  4.307468E+00   3.283800E+00   5.424548E+00 
  4.317447E+00   3.576873E+00   1.492958E-01 
  4.327426E+00   3.379708E+00   1.449301E-01 
  4.337405E+00   3.385220E+00   1.447838E-01 
  4.347384E+00   3.553830E+00   1.474071E-01 
  4.357362E+00   3.225417E+00   1.418372E-01 
  4.367341E+00   3.410676E+00   1.451202E-01 
  4.377320E+00   3.493265E+00   1.466878E-01 
  4.387299E+00   3.407467E+00   1.446963E-01 
  4.397278E+00   3.321466E+00   1.412839E-01 
  4.407257E+00   3.483349E+00   1.465300E-01 
  4.417236E+00   3.513906E+00   1.448962E-01 
  4.427214E+00   3.474326E+00   1.458205E-01 
  4.437193E+00   3.307609E+00   1.414644E-01 
  4.447172E+00   3.522384E+00   1.463145E-01 
  4.457151E+00   3.313286E+00   5.448848E+00 
  4.467130E+00   3.271845E+00   5.414665E+00 
  4.477109E+00   3.339412E+00   1.423206E-01 
  4.487088E+00   3.109144E+00   1.362716E-01 
  4.497066E+00   3.429955E+00   1.427760E-01 
  4.507045E+00   3.311338E+00   1.417693E-01 
  4.517024E+00   3.422168E+00   1.413540E-01 
  4.527003E+00   3.321788E+00   1.414974E-01 
  4.536982E+00   3.288191E+00   5.428174E+00 
  4.546961E+00   3.281515E+00   5.422661E+00 
  4.556940E+00   3.343505E+00   5.473640E+00 
  4.566918E+00   3.433827E+00   1.420928E-01 
  4.576897E+00   3.399444E+00   1.421472E-01 
  4.586876E+00   3.256288E+00   1.374120E-01 
  4.596855E+00   3.385873E+00   1.412099E-01 
  4.606834E+00   3.591270E+00   1.439320E-01 
  4.616813E+00   3.330685E+00   1.402322E-01 
  4.626791E+00   3.480507E+00   1.425527E-01 
  4.636770E+00   3.376679E+00   1.392376E-01 
  4.646749E+00   3.340652E+00   1.395578E-01 
  4.656728E+00   3.358321E+00   1.388874E-01 
  4.666707E+00   3.351796E+00   1.393343E-01 
  4.676686E+00   3.447977E+00   1.399998E-01 
  4.686665E+00   3.544193E+00   1.426191E-01 
  4.696643E+00   3.638093E+00   1.458086E-01 
  4.706622E+00   3.471766E+00   5.577640E+00 
  4.716601E+00   3.265876E+00   5.409724E+00 
  4.726580E+00   3.501302E+00   1.451885E-01 
  4.736559E+00   3.495666E+00   1.467886E-01 
  4.746538E+00   3.258949E+00   1.417524E-01 
  4.756517E+00   3.346375E+00   1.433271E-01 
  4.766495E+00   3.314630E+00   1.456195E-01 
  4.776474E+00   3.293389E+00   1.438392E-01 
  4.786453E+00   3.450891E+00   1.480919E-01 
  4.796432E+00   3.416018E+00   1.472252E-01 
  4.806411E+00   3.516456E+00   1.500787E-01 
  4.816390E+00   3.360816E+00   5.487792E+00 
  4.826369E+00   3.443537E+00   5.554918E+00 
  4.836347E+00   3.255070E+00   5.400766E+00 
  4.846326E+00   3.349015E+00   5.478148E+00 
  4.856305E+00   3.388768E+00   1.502516E-01 
  4.866284E+00   3.382764E+00   1.484523E-01 
  4.876263E+00   3.204909E+00   1.451922E-01 
  4.886242E+00   3.170340E+00   1.491929E-01 
  4.896221E+00   3.573193E+00   1.579635E-01 
  4.906199E+00   3.539726E+00   1.596546E-01 
  4.916178E+00   3.478761E+00   1.576182E-01 
  4.926157E+00   3.859287E+00   1.676177E-01 
  4.936136E+00   3.474687E+00   1.616360E-01 
  4.946115E+00   3.312587E+00   1.559836E-01 
  4.956094E+00   3.579833E+00   1.643092E-01 
  4.966073E+00   3.824307E+00   1.693432E-01 
  4.976051E+00   3.456229E+00   1.625238E-01 
  4.986030E+00   3.440977E+00   1.621656E-01 
  4.996009E+00   3.455253E+00   1.621982E-01 
  5.005988E+00   3.423998E+00   1.641454E-01 
  5.015967E+00   3.570227E+00   1.673748E-01 
  5.025946E+00   3.489610E+00   1.659838E-01 
  5.035924E+00   3.561196E+00   1.659188E-01 
  5.045903E+00   3.441298E+00   1.664889E-01 
  5.055882E+00   3.431928E+00   1.659738E-01 
  5.065861E+00   3.544240E+00   1.688950E-01 
  5.075840E+00   3.594153E+00   1.713445E-01 
  5.085819E+00   3.450169E+00   5.560265E+00 
  5.095798E+00   3.660120E+00   5.726944E+00 
  5.105776E+00   3.466153E+00   5.573129E+00 
  5.115755E+00   3.320840E+00   5.455056E+00 
  5.125734E+00   3.590208E+00   5.671985E+00 
  5.135713E+00   3.448423E+00   5.558858E+00 
  5.145692E+00   3.493273E+00   5.594890E+00 
  5.155671E+00   3.529229E+00   5.623610E+00 
  5.165650E+00   3.646902E+00   5.716594E+00 
  5.175628E+00   3.546894E+00   5.637666E+00 
  5.185607E+00   3.459183E+00   5.567523E+00 
  5.195586E+00   3.457944E+00   5.566526E+00 
  5.205565E+00   3.643807E+00   5.714167E+00 
  5.215544E+00   3.617353E+00   5.693387E+00 
  5.225523E+00   3.570670E+00   5.656530E+00 
  5.235502E+00   3.627994E+00   5.701755E+00 
  5.245480E+00   3.521394E+00   5.617364E+00 
  5.255459E+00   3.448986E+00   5.559311E+00 
  5.265438E+00   3.532285E+00   5.626044E+00 
  5.275417E+00   3.383076E+00   5.505936E+00 
  5.285396E+00   3.638999E+00   5.710396E+00 
  5.295375E+00   3.604794E+00   5.683495E+00 
  5.305354E+00   3.479819E+00   5.584105E+00 
  5.315332E+00   3.473112E+00   5.578722E+00 
  5.325311E+00   3.682458E+00   5.744393E+00 
  5.335290E+00   3.627219E+00   5.701146E+00 
  5.345269E+00   3.649594E+00   5.718703E+00 
  5.355248E+00   3.678095E+00   5.740990E+00 
  5.365227E+00   3.757787E+00   5.802850E+00 
  5.375205E+00   3.267683E+00   5.411221E+00 
  5.385184E+00   3.409999E+00   5.527801E+00 
  5.395163E+00   3.666983E+00   5.732311E+00 
  5.405142E+00   3.869818E+00   5.888715E+00 
  5.415121E+00   3.559109E+00   5.647366E+00 
  5.425100E+00   3.521493E+00   5.617443E+00 
  5.435079E+00   3.499009E+00   5.599481E+00 
  5.445057E+00   3.649413E+00   5.718561E+00 
  5.455036E+00   3.376943E+00   5.500943E+00 
  5.465015E+00   3.328955E+00   5.461717E+00 
  5.474994E+00   3.867484E+00   5.886939E+00 
  5.484973E+00   3.296140E+00   5.434731E+00 
  5.494952E+00   3.639841E+00   5.711057E+00 
  5.504931E+00   3.656867E+00   5.724398E+00 
  5.514909E+00   3.475145E+00   5.580354E+00 
  5.524888E+00   3.742219E+00   5.790817E+00 
  5.534867E+00   3.800855E+00   5.836009E+00 
  5.544846E+00   3.914087E+00   5.922301E+00 
  5.554825E+00   3.805018E+00   5.839204E+00 
  5.564804E+00   3.766452E+00   5.809536E+00 
  5.574783E+00   3.313127E+00   5.448718E+00 
  5.584761E+00   3.995217E+00   5.983365E+00 
  5.594740E+00   3.653687E+00   5.721908E+00 
  5.604719E+00   3.479019E+00   5.583463E+00 
  5.614698E+00   3.871849E+00   5.890260E+00 
  5.624677E+00   3.833140E+00   5.860742E+00 
  5.634656E+00   3.850608E+00   5.874081E+00 
  5.644635E+00   3.349185E+00   5.478288E+00 
  5.654613E+00   3.913093E+00   5.921549E+00 
  5.664592E+00   3.306494E+00   5.443261E+00 
  5.674571E+00   3.532315E+00   5.626068E+00 
  5.684550E+00   3.812937E+00   5.845276E+00 
  5.694529E+00   3.467602E+00   5.574294E+00 
  5.704508E+00   3.457004E+00   5.565769E+00 
  5.714487E+00   3.674494E+00   5.738179E+00 
  5.724465E+00   3.917522E+00   5.924899E+00 
  5.734444E+00   3.708377E+00   5.764574E+00 
  5.744423E+00   3.503028E+00   5.602696E+00 
  5.754402E+00   3.419682E+00   5.535643E+00 
  5.764381E+00   3.796361E+00   5.832558E+00 
  5.774360E+00   3.733964E+00   5.784427E+00 
  5.784338E+00   3.801492E+00   5.836497E+00 
  5.794317E+00   3.770406E+00   5.812585E+00 
  5.804296E+00   3.533101E+00   5.626694E+00 
  5.814275E+00   3.819003E+00   5.849925E+00 
  5.824254E+00   3.996710E+00   5.984482E+00 
  5.834233E+00   3.731097E+00   5.782206E+00 
  5.844212E+00   3.624319E+00   5.698866E+00 
  5.854190E+00   3.763415E+00   5.807194E+00 
  5.864169E+00   3.911645E+00   5.920454E+00 
  5.874148E+00   3.754884E+00   5.800608E+00 
  5.884127E+00   3.803606E+00   5.838120E+00 
  5.894106E+00   3.854295E+00   5.876893E+00 
  5.904085E+00   3.626319E+00   5.700438E+00 
  5.914064E+00   3.940540E+00   5.942280E+00 
  5.924042E+00   3.742715E+00   5.791201E+00 
  5.934021E+00   3.793411E+00   5.830291E+00 
  5.944000E+00   3.503250E+00   5.602873E+00 
  5.953979E+00   3.872636E+00   5.890859E+00 
  5.963958E+00   3.500619E+00   5.600770E+00 
  5.973937E+00   3.548663E+00   5.639072E+00 
  5.983916E+00   3.783481E+00   5.822655E+00 
  5.993894E+00   3.710783E+00   5.766444E+00 
  6.003873E+00   3.734106E+00   5.784537E+00 
  6.013852E+00   3.791081E+00   5.828500E+00 
  6.023831E+00   3.824389E+00   5.854048E+00 
  6.033810E+00   3.819098E+00   5.849998E+00 
  6.043789E+00   3.834938E+00   5.862117E+00 
  6.053768E+00   3.743192E+00   5.791570E+00 
  6.063746E+00   4.194011E+00   6.130417E+00 
  6.073725E+00   3.863276E+00   5.883736E+00 
  6.083704E+00   4.332556E+00   6.230851E+00 
  6.093683E+00   3.830936E+00   5.859057E+00 
  6.103662E+00   3.527688E+00   5.622382E+00 
  6.113641E+00   3.707894E+00   5.764198E+00 
  6.123620E+00   3.980807E+00   5.972564E+00 
  6.133598E+00   4.096401E+00   6.058659E+00 
  6.143577E+00   4.111461E+00   6.069786E+00 
  6.153556E+00   3.756490E+00   5.801848E+00 
  6.163535E+00   3.969301E+00   5.963927E+00 
  6.173514E+00   4.216500E+00   6.146832E+00 
  6.183493E+00   3.820291E+00   5.850911E+00 
  6.193471E+00   3.429370E+00   5.543479E+00 
  6.203450E+00   3.960155E+00   5.957052E+00 
  6.213429E+00   3.820250E+00   5.850879E+00 
  6.223408E+00   3.566575E+00   5.653285E+00 
  6.233387E+00   3.643164E+00   5.713663E+00 
  6.243366E+00   3.869286E+00   5.888310E+00 
  6.253345E+00   4.082356E+00   6.048264E+00 
  6.263323E+00   3.962532E+00   5.958839E+00 
  6.273302E+00   3.958906E+00   5.956112E+00 
  6.283281E+00   3.903255E+00   5.914101E+00 
  6.293260E+00   3.844739E+00   5.869602E+00 
  6.303239E+00   3.722463E+00   5.775512E+00 
  6.313218E+00   3.505733E+00   5.604859E+00 
  6.323197E+00   4.129724E+00   6.083252E+00 
  6.333175E+00   3.927071E+00   5.932116E+00 
  6.343154E+00   4.056995E+00   6.029447E+00 
  6.353133E+00   3.848530E+00   5.872495E+00 
  6.363112E+00   3.974726E+00   5.968000E+00 
  6.373091E+00   3.920384E+00   5.927063E+00 
  6.383070E+00   4.283187E+00   6.195249E+00 
  6.393049E+00   4.059524E+00   6.031326E+00 
  6.403027E+00   3.958199E+00   5.955580E+00 
  6.413006E+00   3.921190E+00   5.927672E+00 
  6.422985E+00   3.842038E+00   5.867541E+00 
  6.432964E+00   4.196785E+00   6.132444E+00 
  6.442943E+00   4.139508E+00   6.090454E+00 
  6.452922E+00   4.087789E+00   6.052287E+00 
  6.462901E+00   3.900425E+00   5.911957E+00 
  6.472879E+00   3.942456E+00   5.943725E+00 
  6.482858E+00   4.058848E+00   6.030824E+00 
  6.492837E+00   4.265812E+00   6.182671E+00 
  6.502816E+00   3.877993E+00   5.894932E+00 
  6.512795E+00   3.982612E+00   5.973918E+00 
  6.522774E+00   4.253122E+00   6.173468E+00 
  6.532753E+00   4.209953E+00   6.142058E+00 
  6.542731E+00   3.855990E+00   5.878185E+00 
  6.552710E+00   4.114808E+00   6.072256E+00 
  6.562689E+00   3.763067E+00   5.806926E+00 
  6.572668E+00   3.995430E+00   5.983524E+00 
  6.582647E+00   4.074190E+00   6.042211E+00 
  6.592626E+00   3.687935E+00   5.748664E+00 
  6.602604E+00   4.138717E+00   6.089872E+00 
  6.612583E+00   3.949363E+00   5.948929E+00 
  6.622562E+00   4.045196E+00   6.020673E+00 
  6.632541E+00   3.808792E+00   5.842098E+00 
  6.642520E+00   4.011917E+00   5.995857E+00 
  6.652499E+00   4.410484E+00   6.286637E+00 
  6.662478E+00   3.866285E+00   5.886026E+00 
  6.672456E+00   3.934002E+00   5.937349E+00 
  6.682435E+00   4.014991E+00   5.998153E+00 
  6.692414E+00   4.377909E+00   6.263378E+00 
  6.702393E+00   4.483795E+00   6.338670E+00 
  6.712372E+00   3.601022E+00   5.680521E+00 
  6.722351E+00   4.225239E+00   6.153198E+00 
  6.732330E+00   4.219217E+00   6.148812E+00 
  6.742308E+00   4.147320E+00   6.096198E+00 
  6.752287E+00   4.146700E+00   6.095742E+00 
  6.762266E+00   4.563256E+00   6.394590E+00 
  6.772245E+00   4.204338E+00   6.137960E+00 
  6.782224E+00   3.972656E+00   5.966446E+00 
  6.792203E+00   3.952943E+00   5.951625E+00 
  6.802182E+00   4.113217E+00   6.071081E+00 
  6.812160E+00   3.849920E+00   5.873556E+00 
  6.822139E+00   4.051097E+00   6.025063E+00 
  6.832118E+00   4.270265E+00   6.185897E+00 
  6.842097E+00   4.109332E+00   6.068214E+00 
  6.852076E+00   4.032808E+00   6.011448E+00 
  6.862055E+00   4.070752E+00   6.039661E+00 
  6.872034E+00   4.620985E+00   6.434911E+00 
  6.882012E+00   3.857568E+00   5.879387E+00 
  6.891991E+00   3.942786E+00   5.943973E+00 
  6.901970E+00   4.473140E+00   6.331134E+00 
  6.911949E+00   4.314857E+00   6.218111E+00 
  6.921928E+00   4.297646E+00   6.205698E+00 
  6.931907E+00   4.131116E+00   6.084277E+00 
  6.941886E+00   4.252152E+00   6.172763E+00 
  6.951864E+00   4.319436E+00   6.221409E+00 
  6.961843E+00   4.650317E+00   6.455302E+00 
  6.971822E+00   4.662828E+00   6.463979E+00 
  6.981801E+00   4.330153E+00   6.229123E+00 
  6.991780E+00   4.047316E+00   6.022251E+00 
  7.001759E+00   4.292471E+00   6.201960E+00 
  7.011737E+00   4.393072E+00   6.274215E+00 
  7.021716E+00   4.262037E+00   6.179935E+00 
  7.031695E+00   4.166768E+00   6.110474E+00 
  7.041674E+00   4.130492E+00   6.083817E+00 
  7.051653E+00   4.281829E+00   6.194267E+00 
  7.061632E+00   4.191509E+00   6.128589E+00 
  7.071611E+00   4.502961E+00   6.352203E+00 
  7.081589E+00   4.585628E+00   6.410246E+00 
  7.091568E+00   4.310519E+00   6.214984E+00 
  7.101547E+00   4.348778E+00   6.242505E+00 
  7.111526E+00   4.427261E+00   6.298582E+00 
  7.121505E+00   4.138532E+00   6.089735E+00 
  7.131484E+00   4.367030E+00   6.255591E+00 
  7.141463E+00   4.438760E+00   6.306757E+00 
  7.151441E+00   3.870083E+00   5.888917E+00 
  7.161420E+00   4.470889E+00   6.329541E+00 
  7.171399E+00   4.527431E+00   6.369439E+00 
  7.181378E+00   4.083398E+00   6.049035E+00 
  7.191357E+00   4.417847E+00   6.291883E+00 
  7.201336E+00   4.180691E+00   6.120675E+00 
  7.211315E+00   4.090905E+00   6.054593E+00 
  7.221293E+00   4.520703E+00   6.364705E+00 
  7.231272E+00   4.196351E+00   6.132128E+00 
  7.241251E+00   4.108193E+00   6.067373E+00 
  7.251230E+00   4.245711E+00   6.168087E+00 
  7.261209E+00   4.467064E+00   6.326833E+00 
  7.271188E+00   4.231396E+00   6.157680E+00 
  7.281167E+00   4.520089E+00   6.364272E+00 
  7.291145E+00   4.449064E+00   6.314073E+00 
  7.301124E+00   4.399838E+00   6.279045E+00 
  7.311103E+00   4.028037E+00   6.007890E+00 
  7.321082E+00   4.307348E+00   6.212698E+00 
  7.331061E+00   4.198855E+00   6.133957E+00 
  7.341040E+00   4.340013E+00   6.236210E+00 
  7.351019E+00   4.046949E+00   6.021978E+00 
  7.360997E+00   4.402318E+00   6.280815E+00 
  7.370976E+00   4.128515E+00   6.082361E+00 
  7.380955E+00   4.613735E+00   6.429861E+00 
  7.390934E+00   4.089320E+00   1.781669E-01 
  7.400913E+00   4.008406E+00   1.761193E-01 
  7.410892E+00   4.281223E+00   1.815446E-01 
  7.420870E+00   4.541429E+00   1.884816E-01 
  7.430849E+00   4.320261E+00   1.807087E-01 
  7.440828E+00   4.112291E+00   1.794751E-01 
  7.450807E+00   4.454398E+00   1.847804E-01 
  7.460786E+00   4.243542E+00   6.166511E+00 
  7.470765E+00   4.193842E+00   6.130294E+00 
  7.480744E+00   4.906294E+00   1.955892E-01 
  7.490722E+00   4.344246E+00   1.834664E-01 
  7.500701E+00   4.060109E+00   1.769147E-01 
  7.510680E+00   3.956050E+00   1.750720E-01 
  7.520659E+00   4.112004E+00   6.070187E+00 
  7.530638E+00   4.418612E+00   6.292427E+00 
  7.540617E+00   4.466723E+00   6.326591E+00 
  7.550596E+00   4.256612E+00   6.176000E+00 
  7.560574E+00   4.602207E+00   6.421823E+00 
  7.570553E+00   4.664525E+00   6.465155E+00 
  7.580532E+00   4.268187E+00   6.184392E+00 
  7.590511E+00   4.147651E+00   6.096441E+00 
  7.600490E+00   4.674145E+00   6.471819E+00 
  7.610469E+00   4.592732E+00   6.415209E+00 
  7.620448E+00   4.532782E+00   6.373202E+00 
  7.630426E+00   4.464773E+00   6.325210E+00 
  7.640405E+00   4.538000E+00   6.376869E+00 
  7.650384E+00   4.265990E+00   1.809504E-01 
  7.660363E+00   4.467249E+00   6.326964E+00 
  7.670342E+00   4.761842E+00   6.532249E+00 
  7.680321E+00   4.534064E+00   1.878332E-01 
  7.690300E+00   4.120592E+00   1.798168E-01 
  7.700278E+00   4.409150E+00   1.839957E-01 
  7.710257E+00   4.455590E+00   1.860441E-01 
  7.720236E+00   4.067282E+00   6.037086E+00 
  7.730215E+00   4.629787E+00   6.441036E+00 
  7.740194E+00   4.622249E+00   1.882325E-01 
  7.750173E+00   4.286106E+00   1.818433E-01 
  7.760151E+00   4.589679E+00   1.906484E-01 
  7.770130E+00   4.508687E+00   1.881692E-01 
  7.780109E+00   4.729011E+00   1.905867E-01 
  7.790088E+00   4.635260E+00   1.904180E-01 
  7.800067E+00   4.516533E+00   1.883327E-01 
  7.810046E+00   4.708945E+00   1.916741E-01 
  7.820025E+00   4.265160E+00   1.821056E-01 
  7.830003E+00   4.595561E+00   1.891065E-01 
  7.839982E+00   4.793833E+00   6.554155E+00 
  7.849961E+00   5.011911E+00   6.701576E+00 
  7.859940E+00   4.752196E+00   1.940788E-01 
  7.869919E+00   4.171949E+00   1.796785E-01 
  7.879898E+00   4.755799E+00   1.924493E-01 
  7.889877E+00   4.421434E+00   1.865069E-01 
  7.899855E+00   4.308714E+00   6.213683E+00 
  7.909834E+00   4.557821E+00   6.390780E+00 
  7.919813E+00   4.184822E+00   1.795680E-01 
  7.929792E+00   4.778610E+00   1.940088E-01 
  7.939771E+00   4.839815E+00   1.949131E-01 
  7.949750E+00   4.407066E+00   1.855511E-01 
  7.959729E+00   4.683675E+00   6.478413E+00 
  7.969707E+00   4.794345E+00   6.554505E+00 
  7.979686E+00   4.833395E+00   6.581144E+00 
  7.989665E+00   4.565034E+00   1.891358E-01 
  7.999644E+00   4.518389E+00   1.871838E-01 
  8.009623E+00   4.493104E+00   1.886726E-01 
  8.019602E+00   4.570670E+00   1.886324E-01 
  8.029581E+00   4.823153E+00   1.947862E-01 
  8.039559E+00   4.419148E+00   1.852407E-01 
  8.049538E+00   4.889030E+00   1.954736E-01 
  8.059517E+00   5.042472E+00   1.997900E-01 
  8.069496E+00   4.871842E+00   1.951674E-01 
  8.079475E+00   4.575866E+00   1.884557E-01 
  8.089454E+00   5.039901E+00   1.996004E-01 
  8.099433E+00   4.775463E+00   1.938301E-01 
  8.109411E+00   4.825330E+00   1.949632E-01 
  8.119390E+00   4.830473E+00   1.940274E-01 
  8.129369E+00   4.694907E+00   6.486176E+00 
  8.139348E+00   4.797030E+00   6.556340E+00 
  8.149327E+00   4.649717E+00   1.900521E-01 
  8.159306E+00   4.525760E+00   1.898563E-01 
  8.169284E+00   4.552968E+00   1.884742E-01 
  8.179263E+00   4.759239E+00   1.933309E-01 
  8.189242E+00   5.209486E+00   2.017604E-01 
  8.199221E+00   4.487582E+00   1.888473E-01 
  8.209200E+00   4.896842E+00   1.956297E-01 
  8.219179E+00   4.424873E+00   1.862084E-01 
  8.229158E+00   4.481224E+00   1.876780E-01 
  8.239136E+00   4.927296E+00   1.974080E-01 
  8.249115E+00   4.876276E+00   1.949637E-01 
  8.259094E+00   4.653368E+00   1.912522E-01 
  8.269073E+00   4.397699E+00   1.853935E-01 
  8.279052E+00   4.703284E+00   1.922222E-01 
  8.289031E+00   4.409819E+00   6.286163E+00 
  8.299010E+00   4.758697E+00   6.530092E+00 
  8.308988E+00   4.536101E+00   1.886573E-01 
  8.318967E+00   4.770280E+00   1.931240E-01 
  8.328946E+00   4.657765E+00   1.915948E-01 
  8.338925E+00   4.655863E+00   1.919651E-01 
  8.348904E+00   4.962349E+00   1.966647E-01 
  8.358883E+00   4.857239E+00   1.961628E-01 
  8.368862E+00   5.046678E+00   1.991578E-01 
  8.378840E+00   4.745103E+00   6.520758E+00 
  8.388819E+00   5.057778E+00   6.732171E+00 
  8.398798E+00   4.670807E+00   6.469508E+00 
  8.408777E+00   5.220479E+00   6.839596E+00 
  8.418756E+00   4.759931E+00   6.530938E+00 
  8.428735E+00   4.651761E+00   6.456304E+00 
  8.438714E+00   4.902641E+00   6.628119E+00 
  8.448692E+00   5.022787E+00   1.983015E-01 
  8.458671E+00   4.477316E+00   1.870229E-01 
  8.468650E+00   4.957183E+00   1.988352E-01 
  8.478629E+00   4.507071E+00   6.355101E+00 
  8.488608E+00   4.830807E+00   6.579382E+00 
  8.498587E+00   4.537971E+00   6.376849E+00 
  8.508566E+00   5.116219E+00   6.770954E+00 
  8.518544E+00   4.937175E+00   6.651422E+00 
  8.528523E+00   4.814399E+00   6.568199E+00 
  8.538502E+00   4.832248E+00   6.580363E+00 
  8.548481E+00   5.025644E+00   6.710751E+00 
  8.558460E+00   4.752465E+00   6.525815E+00 
  8.568439E+00   4.804789E+00   6.561641E+00 
  8.578417E+00   4.961266E+00   1.968632E-01 
  8.588396E+00   4.835879E+00   1.953001E-01 
  8.598375E+00   4.887751E+00   6.618046E+00 
  8.608354E+00   4.967289E+00   6.671677E+00 
  8.618333E+00   4.971190E+00   1.966201E-01 
  8.628312E+00   5.170841E+00   2.031109E-01 
  8.638291E+00   4.613192E+00   1.909672E-01 
  8.648269E+00   4.956583E+00   1.968818E-01 
  8.658248E+00   5.005515E+00   1.983942E-01 
  8.668227E+00   5.130384E+00   2.031839E-01 
  8.678206E+00   5.215168E+00   2.021504E-01 
  8.688185E+00   4.824848E+00   1.940459E-01 
  8.698164E+00   4.900530E+00   1.979111E-01 
  8.708143E+00   4.664050E+00   1.914197E-01 
  8.718121E+00   5.051537E+00   1.997293E-01 
  8.728100E+00   4.807582E+00   1.950244E-01 
  8.738079E+00   4.952064E+00   6.661444E+00 
  8.748058E+00   5.013957E+00   6.702943E+00 
  8.758037E+00   4.976685E+00   1.983451E-01 
  8.768016E+00   4.808583E+00   1.948344E-01 
  8.777995E+00   5.159959E+00   2.012907E-01 
  8.787973E+00   4.670907E+00   1.939085E-01 
  8.797952E+00   5.174413E+00   2.022303E-01 
  8.807931E+00   4.951981E+00   6.661388E+00 
  8.817910E+00   4.968564E+00   6.672533E+00 
  8.827889E+00   5.240270E+00   6.852548E+00 
  8.837868E+00   5.104277E+00   6.763047E+00 
  8.847847E+00   4.745390E+00   1.937297E-01 
  8.857825E+00   5.006176E+00   6.697740E+00 
  8.867804E+00   4.746588E+00   6.521778E+00 
  8.877783E+00   5.064776E+00   6.736827E+00 
  8.887762E+00   5.037509E+00   6.718668E+00 
  8.897741E+00   5.025917E+00   1.984744E-01 
  8.907720E+00   5.071006E+00   1.998256E-01 
  8.917699E+00   5.338597E+00   2.054644E-01 
  8.927677E+00   5.067585E+00   1.998460E-01 
  8.937656E+00   5.026989E+00   1.998743E-01 
  8.947635E+00   5.162347E+00   6.801409E+00 
  8.957614E+00   4.985680E+00   6.684015E+00 
  8.967593E+00   4.782270E+00   1.936285E-01 
  8.977572E+00   5.311037E+00   2.059532E-01 
  8.987550E+00   5.122530E+00   2.011263E-01 
  8.997529E+00   5.054249E+00   1.993201E-01 
  9.007508E+00   5.181133E+00   2.038802E-01 
  9.017487E+00   4.699517E+00   1.929468E-01 
  9.027466E+00   5.073114E+00   1.998031E-01 
  9.037445E+00   4.729264E+00   1.930520E-01 
  9.047424E+00   5.018091E+00   2.017658E-01 
  9.057402E+00   5.188201E+00   6.818419E+00 
  9.067381E+00   4.917729E+00   6.638311E+00 
  9.077360E+00   5.103144E+00   2.020859E-01 
  9.087339E+00   5.114642E+00   2.009716E-01 
  9.097318E+00   5.157430E+00   2.017207E-01 
  9.107297E+00   5.236939E+00   2.050063E-01 
  9.117276E+00   4.971229E+00   1.983736E-01 
  9.127254E+00   5.307172E+00   2.046250E-01 
  9.137233E+00   5.479120E+00   2.096342E-01 
  9.147212E+00   5.102021E+00   2.006494E-01 
  9.157191E+00   5.163172E+00   2.020999E-01 
  9.167170E+00   5.129111E+00   2.017147E-01 
  9.177149E+00   5.043649E+00   1.995735E-01 
  9.187128E+00   5.206363E+00   2.015912E-01 
  9.197106E+00   4.954838E+00   6.663310E+00 
  9.207085E+00   5.206910E+00   6.830701E+00 
  9.217064E+00   5.291111E+00   6.885709E+00 
  9.227043E+00   5.104742E+00   2.020796E-01 
  9.237022E+00   5.295353E+00   2.053943E-01 
  9.247001E+00   5.073139E+00   1.992056E-01 
  9.256980E+00   5.293908E+00   2.051840E-01 
  9.266958E+00   5.220685E+00   2.038148E-01 
  9.276937E+00   5.105891E+00   2.006089E-01 
  9.286916E+00   4.771707E+00   6.539012E+00 
  9.296895E+00   5.653106E+00   7.117359E+00 
  9.306874E+00   5.236733E+00   6.850235E+00 
  9.316853E+00   5.414590E+00   6.965592E+00 
  9.326832E+00   5.311943E+00   2.070811E-01 
  9.336810E+00   5.272860E+00   2.036049E-01 
  9.346789E+00   5.449033E+00   2.073389E-01 
  9.356768E+00   5.395763E+00   2.081087E-01 
  9.366747E+00   5.343132E+00   2.061158E-01 
  9.376726E+00   5.843502E+00   2.147301E-01 
  9.386705E+00   4.887751E+00   6.618046E+00 
  9.396683E+00   5.145740E+00   6.790460E+00 
  9.406662E+00   5.346285E+00   2.063050E-01 
  9.416641E+00   5.481948E+00   2.077092E-01 
  9.426620E+00   5.283855E+00   2.037442E-01 
  9.436599E+00   5.293981E+00   2.049838E-01 
  9.446578E+00   5.245005E+00   2.038529E-01 
  9.456557E+00   5.111019E+00   2.010032E-01 
  9.466535E+00   4.998477E+00   1.988287E-01 
  9.476514E+00   5.554631E+00   2.102278E-01 
  9.486493E+00   5.056893E+00   2.005188E-01 
  9.496472E+00   5.305845E+00   2.042038E-01 
  9.506451E+00   5.075965E+00   2.014335E-01 
  9.516430E+00   5.540174E+00   2.098971E-01 
  9.526409E+00   5.362415E+00   2.050371E-01 
  9.536387E+00   5.429952E+00   2.096897E-01 
  9.546366E+00   5.480466E+00   2.077365E-01 
  9.556345E+00   5.608179E+00   2.095699E-01 
  9.566324E+00   5.079177E+00   2.026618E-01 
  9.576303E+00   5.390826E+00   2.070150E-01 
  9.586282E+00   5.792399E+00   2.133308E-01 
  9.596261E+00   5.180079E+00   6.813080E+00 
  9.606239E+00   5.415033E+00   6.965877E+00 
  9.616218E+00   5.002182E+00   6.695068E+00 
  9.626197E+00   5.634600E+00   2.119588E-01 
  9.636176E+00   5.514137E+00   2.114200E-01 
  9.646155E+00   5.406188E+00   2.054946E-01 
  9.656134E+00   5.640737E+00   2.119081E-01 
  9.666113E+00   5.522532E+00   2.105934E-01 
  9.676091E+00   5.232719E+00   2.011751E-01 
  9.686070E+00   5.682119E+00   2.126480E-01 
  9.696049E+00   6.046588E+00   2.202504E-01 
  9.706028E+00   5.118265E+00   2.001400E-01 
  9.716007E+00   5.130261E+00   2.019162E-01 
  9.725986E+00   5.392557E+00   2.079357E-01 
  9.735964E+00   5.193396E+00   6.821831E+00 
  9.745943E+00   5.681100E+00   7.134959E+00 
  9.755922E+00   5.265507E+00   6.869029E+00 
  9.765901E+00   5.554641E+00   2.092652E-01 
  9.775880E+00   4.815372E+00   6.568863E+00 
  9.785859E+00   5.443494E+00   6.984159E+00 
  9.795838E+00   5.719909E+00   2.118310E-01 
  9.805816E+00   5.700024E+00   2.147423E-01 
  9.815795E+00   5.620123E+00   2.109016E-01 
  9.825774E+00   5.378111E+00   2.064598E-01 
  9.835753E+00   5.287553E+00   2.050240E-01 
  9.845732E+00   5.515005E+00   2.107175E-01 
  9.855711E+00   5.057673E+00   1.993002E-01 
  9.865690E+00   5.594000E+00   2.107480E-01 
  9.875668E+00   5.208003E+00   2.054539E-01 
  9.885647E+00   5.531827E+00   2.073605E-01 
  9.895626E+00   5.640317E+00   2.124085E-01 
  9.905605E+00   5.594580E+00   2.110036E-01 
  9.915584E+00   5.649988E+00   2.091892E-01 
  9.925563E+00   5.668799E+00   2.135293E-01 
  9.935542E+00   5.562810E+00   2.113808E-01 
  9.945520E+00   5.602300E+00   2.089131E-01 
  9.955499E+00   5.610839E+00   2.107849E-01 
  9.965478E+00   5.834275E+00   2.173279E-01 
  9.975457E+00   5.219456E+00   6.838925E+00 
  9.985436E+00   5.658495E+00   7.120750E+00 
  9.995415E+00   5.339624E+00   6.917204E+00 
  1.000539E+01   5.400211E+00   2.064822E-01 
  1.001537E+01   5.333893E+00   6.913491E+00 
  1.002535E+01   5.423055E+00   6.971035E+00 
  1.003533E+01   5.840402E+00   7.234302E+00 
  1.004531E+01   5.666251E+00   7.125628E+00 
  1.005529E+01   5.862974E+00   7.248268E+00 
  1.006527E+01   6.038228E+00   2.195094E-01 
  1.007525E+01   6.070823E+00   2.280264E-01 
  1.008522E+01   5.376526E+00   2.202901E-01 
  1.009520E+01   5.926251E+00   7.287277E+00 
  1.010518E+01   5.944590E+00   2.385251E-01 
  1.011516E+01   5.827461E+00   2.370062E-01 
  1.012514E+01   5.530084E+00   7.039489E+00 
  1.013512E+01   5.502474E+00   7.021894E+00 
  1.014510E+01   6.337878E+00   2.562857E-01 
  1.015508E+01   5.966029E+00   2.534448E-01 
  1.016506E+01   5.973190E+00   2.556007E-01 
  1.017503E+01   5.794482E+00   2.519053E-01 
  1.018501E+01   5.825710E+00   2.577142E-01 
  1.019499E+01   5.763210E+00   2.583698E-01 
<?xml version="1.0" encoding="utf-8"?>
<fileinfo xmlns:xsd="http://www.w3.org/2001/XMLSchema" xmlns:xsi="http://www.w3.org/2001/XMLSchema-instance">
  <parameter key="Exposure">
    <value key="name">Exposure</value>
    <value key="value">0</value>
    <value key="stddev">-1</value>
    <value key="unit">second</value>
    <value key="quantity">Time</value>
  </parameter>
</fileinfo>